4000.000000	99.650704
3999.000000	99.647814
3998.000000	99.644726
3997.000000	99.642114
3996.000000	99.640318
3995.000000	99.639275
3994.000000	99.638770
3993.000000	99.638690
3992.000000	99.639028
3991.000000	99.639728
3990.000000	99.640479
3989.000000	99.640654
3988.000000	99.639674
3987.000000	99.637580
3986.000000	99.635011
3985.000000	99.632555
3984.000000	99.630208
3983.000000	99.627623
3982.000000	99.624810
3981.000000	99.622309
3980.000000	99.620596
3979.000000	99.619541
3978.000000	99.618630
3977.000000	99.617600
3976.000000	99.616652
3975.000000	99.616050
3974.000000	99.615708
3973.000000	99.615325
3972.000000	99.614931
3971.000000	99.615173
3970.000000	99.616789
3969.000000	99.619726
3968.000000	99.622830
3967.000000	99.624526
3966.000000	99.623969
3965.000000	99.621447
3964.000000	99.618105
3963.000000	99.615325
3962.000000	99.614005
3961.000000	99.614240
3960.000000	99.615410
3959.000000	99.616613
3958.000000	99.617243
3957.000000	99.617239
3956.000000	99.616867
3955.000000	99.616409
3954.000000	99.616042
3953.000000	99.615826
3952.000000	99.615734
3951.000000	99.615622
3950.000000	99.615235
3949.000000	99.614377
3948.000000	99.613185
3947.000000	99.612165
3946.000000	99.611792
3945.000000	99.612107
3944.000000	99.612741
3943.000000	99.613326
3942.000000	99.613773
3941.000000	99.614157
3940.000000	99.614450
3939.000000	99.614570
3938.000000	99.614520
3937.000000	99.614406
3936.000000	99.614347
3935.000000	99.614427
3934.000000	99.614694
3933.000000	99.615053
3932.000000	99.615218
3931.000000	99.614936
3930.000000	99.614202
3929.000000	99.613297
3928.000000	99.612549
3927.000000	99.612097
3926.000000	99.611914
3925.000000	99.611925
3924.000000	99.612042
3923.000000	99.612116
3922.000000	99.612015
3921.000000	99.611779
3920.000000	99.611497
3919.000000	99.611071
3918.000000	99.610350
3917.000000	99.609499
3916.000000	99.608938
3915.000000	99.608832
3914.000000	99.608912
3913.000000	99.608875
3912.000000	99.608724
3911.000000	99.608705
3910.000000	99.608972
3909.000000	99.609415
3908.000000	99.609685
3907.000000	99.609422
3906.000000	99.608543
3905.000000	99.607339
3904.000000	99.606350
3903.000000	99.605862
3902.000000	99.605673
3901.000000	99.605374
3900.000000	99.604827
3899.000000	99.604244
3898.000000	99.603836
3897.000000	99.603571
3896.000000	99.603288
3895.000000	99.602939
3894.000000	99.602530
3893.000000	99.601961
3892.000000	99.601101
3891.000000	99.600268
3890.000000	99.600057
3889.000000	99.600503
3888.000000	99.601001
3887.000000	99.600956
3886.000000	99.600281
3885.000000	99.599497
3884.000000	99.599024
3883.000000	99.598547
3882.000000	99.597826
3881.000000	99.597372
3880.000000	99.597921
3879.000000	99.599672
3878.000000	99.601822
3877.000000	99.603235
3876.000000	99.603450
3875.000000	99.602926
3874.000000	99.602844
3873.000000	99.603841
3872.000000	99.604841
3871.000000	99.604390
3870.000000	99.603027
3869.000000	99.603051
3868.000000	99.604797
3867.000000	99.606007
3866.000000	99.605933
3865.000000	99.606325
3864.000000	99.608067
3863.000000	99.609624
3862.000000	99.609344
3861.000000	99.607652
3860.000000	99.605645
3859.000000	99.603414
3858.000000	99.600543
3857.000000	99.597535
3856.000000	99.596139
3855.000000	99.597436
3854.000000	99.599586
3853.000000	99.601418
3852.000000	99.604798
3851.000000	99.608698
3850.000000	99.611049
3849.000000	99.612823
3848.000000	99.615469
3847.000000	99.618983
3846.000000	99.622392
3845.000000	99.624876
3844.000000	99.625667
3843.000000	99.624418
3842.000000	99.621558
3841.000000	99.618388
3840.000000	99.616454
3839.000000	99.616289
3838.000000	99.616690
3837.000000	99.616239
3836.000000	99.615130
3835.000000	99.614549
3834.000000	99.615293
3833.000000	99.617166
3832.000000	99.619365
3831.000000	99.621131
3830.000000	99.622019
3829.000000	99.621980
3828.000000	99.621389
3827.000000	99.621077
3826.000000	99.621825
3825.000000	99.623603
3824.000000	99.625429
3823.000000	99.626301
3822.000000	99.625877
3821.000000	99.624846
3820.000000	99.624494
3819.000000	99.624741
3818.000000	99.624783
3817.000000	99.624612
3816.000000	99.624660
3815.000000	99.625028
3814.000000	99.625279
3813.000000	99.625073
3812.000000	99.624694
3811.000000	99.624607
3810.000000	99.624881
3809.000000	99.625204
3808.000000	99.625291
3807.000000	99.625290
3806.000000	99.625591
3805.000000	99.626060
3804.000000	99.626067
3803.000000	99.625363
3802.000000	99.624303
3801.000000	99.623696
3800.000000	99.624034
3799.000000	99.624624
3798.000000	99.624510
3797.000000	99.623740
3796.000000	99.623006
3795.000000	99.622737
3794.000000	99.622907
3793.000000	99.623524
3792.000000	99.624717
3791.000000	99.626018
3790.000000	99.626494
3789.000000	99.626077
3788.000000	99.625929
3787.000000	99.626988
3786.000000	99.628706
3785.000000	99.629809
3784.000000	99.629922
3783.000000	99.629540
3782.000000	99.628978
3781.000000	99.628443
3780.000000	99.628361
3779.000000	99.629295
3778.000000	99.631214
3777.000000	99.633159
3776.000000	99.634324
3775.000000	99.635130
3774.000000	99.636254
3773.000000	99.637176
3772.000000	99.636801
3771.000000	99.635444
3770.000000	99.634961
3769.000000	99.636375
3768.000000	99.638010
3767.000000	99.637366
3766.000000	99.634093
3765.000000	99.630083
3764.000000	99.627195
3763.000000	99.625540
3762.000000	99.624668
3761.000000	99.625284
3760.000000	99.627477
3759.000000	99.629475
3758.000000	99.629918
3757.000000	99.629733
3756.000000	99.629850
3755.000000	99.628833
3754.000000	99.625001
3753.000000	99.619189
3752.000000	99.613751
3751.000000	99.609376
3750.000000	99.605955
3749.000000	99.604836
3748.000000	99.606084
3747.000000	99.606741
3746.000000	99.604291
3745.000000	99.599174
3744.000000	99.595880
3743.000000	99.597700
3742.000000	99.600290
3741.000000	99.599698
3740.000000	99.598258
3739.000000	99.598804
3738.000000	99.600451
3737.000000	99.600861
3736.000000	99.600405
3735.000000	99.600392
3734.000000	99.599539
3733.000000	99.595956
3732.000000	99.591774
3731.000000	99.591064
3730.000000	99.594197
3729.000000	99.597764
3728.000000	99.598922
3727.000000	99.597993
3726.000000	99.597293
3725.000000	99.598109
3724.000000	99.599918
3723.000000	99.601920
3722.000000	99.603413
3721.000000	99.603804
3720.000000	99.603008
3719.000000	99.601777
3718.000000	99.600954
3717.000000	99.600430
3716.000000	99.598664
3715.000000	99.593989
3714.000000	99.587197
3713.000000	99.581297
3712.000000	99.578041
3711.000000	99.576382
3710.000000	99.574370
3709.000000	99.571035
3708.000000	99.566779
3707.000000	99.562881
3706.000000	99.560253
3705.000000	99.558688
3704.000000	99.557296
3703.000000	99.555211
3702.000000	99.552218
3701.000000	99.549327
3700.000000	99.547759
3699.000000	99.547056
3698.000000	99.545873
3697.000000	99.543953
3696.000000	99.542131
3695.000000	99.540797
3694.000000	99.539599
3693.000000	99.538485
3692.000000	99.537412
3691.000000	99.535407
3690.000000	99.531170
3689.000000	99.525282
3688.000000	99.520366
3687.000000	99.517445
3686.000000	99.514638
3685.000000	99.510546
3684.000000	99.506160
3683.000000	99.502919
3682.000000	99.500446
3681.000000	99.497012
3680.000000	99.492059
3679.000000	99.486531
3678.000000	99.481513
3677.000000	99.477458
3676.000000	99.474193
3675.000000	99.471667
3674.000000	99.469482
3673.000000	99.466220
3672.000000	99.461589
3671.000000	99.456829
3670.000000	99.452785
3669.000000	99.449301
3668.000000	99.445893
3667.000000	99.442341
3666.000000	99.439050
3665.000000	99.436365
3664.000000	99.433711
3663.000000	99.430049
3662.000000	99.425029
3661.000000	99.419253
3660.000000	99.413590
3659.000000	99.408235
3658.000000	99.402992
3657.000000	99.397933
3656.000000	99.393964
3655.000000	99.391743
3654.000000	99.389872
3653.000000	99.386801
3652.000000	99.383914
3651.000000	99.383467
3650.000000	99.384078
3649.000000	99.382077
3648.000000	99.377582
3647.000000	99.373942
3646.000000	99.372361
3645.000000	99.371365
3644.000000	99.369487
3643.000000	99.366943
3642.000000	99.364507
3641.000000	99.361816
3640.000000	99.357400
3639.000000	99.350809
3638.000000	99.344292
3637.000000	99.340862
3636.000000	99.341373
3635.000000	99.344105
3634.000000	99.346783
3633.000000	99.347688
3632.000000	99.345208
3631.000000	99.338755
3630.000000	99.329346
3629.000000	99.319361
3628.000000	99.312756
3627.000000	99.310627
3626.000000	99.309869
3625.000000	99.310024
3624.000000	99.313218
3623.000000	99.319425
3622.000000	99.325987
3621.000000	99.330505
3620.000000	99.332676
3619.000000	99.333530
3618.000000	99.334324
3617.000000	99.335255
3616.000000	99.335822
3615.000000	99.336321
3614.000000	99.337983
3613.000000	99.341451
3612.000000	99.345501
3611.000000	99.347782
3610.000000	99.347400
3609.000000	99.346116
3608.000000	99.346314
3607.000000	99.348388
3606.000000	99.350745
3605.000000	99.352198
3604.000000	99.353238
3603.000000	99.354547
3602.000000	99.355704
3601.000000	99.355820
3600.000000	99.355065
3599.000000	99.354532
3598.000000	99.355450
3597.000000	99.358499
3596.000000	99.363395
3595.000000	99.368550
3594.000000	99.371861
3593.000000	99.372121
3592.000000	99.369747
3591.000000	99.366551
3590.000000	99.364756
3589.000000	99.365534
3588.000000	99.368040
3587.000000	99.370322
3586.000000	99.371257
3585.000000	99.371086
3584.000000	99.370774
3583.000000	99.371187
3582.000000	99.372438
3581.000000	99.373956
3580.000000	99.375192
3579.000000	99.376156
3578.000000	99.377226
3577.000000	99.378519
3576.000000	99.379512
3575.000000	99.379445
3574.000000	99.378007
3573.000000	99.375601
3572.000000	99.372939
3571.000000	99.370458
3570.000000	99.368177
3569.000000	99.366138
3568.000000	99.364770
3567.000000	99.364695
3566.000000	99.366095
3565.000000	99.368214
3564.000000	99.369986
3563.000000	99.371128
3562.000000	99.371863
3561.000000	99.372143
3560.000000	99.371663
3559.000000	99.370580
3558.000000	99.369643
3557.000000	99.369509
3556.000000	99.369944
3555.000000	99.369915
3554.000000	99.368642
3553.000000	99.366606
3552.000000	99.365181
3551.000000	99.365112
3550.000000	99.365775
3549.000000	99.366169
3548.000000	99.366178
3547.000000	99.366336
3546.000000	99.366759
3545.000000	99.366908
3544.000000	99.366261
3543.000000	99.364784
3542.000000	99.362831
3541.000000	99.360884
3540.000000	99.359415
3539.000000	99.358723
3538.000000	99.358740
3537.000000	99.359011
3536.000000	99.359033
3535.000000	99.358672
3534.000000	99.358237
3533.000000	99.358093
3532.000000	99.358271
3531.000000	99.358430
3530.000000	99.358177
3529.000000	99.357472
3528.000000	99.356694
3527.000000	99.356256
3526.000000	99.356203
3525.000000	99.356293
3524.000000	99.356286
3523.000000	99.356160
3522.000000	99.356068
3521.000000	99.356124
3520.000000	99.356229
3519.000000	99.356127
3518.000000	99.355694
3517.000000	99.355164
3516.000000	99.355002
3515.000000	99.355462
3514.000000	99.356302
3513.000000	99.356921
3512.000000	99.356857
3511.000000	99.356128
3510.000000	99.355186
3509.000000	99.354506
3508.000000	99.354196
3507.000000	99.354020
3506.000000	99.353756
3505.000000	99.353424
3504.000000	99.353074
3503.000000	99.352515
3502.000000	99.351513
3501.000000	99.350230
3500.000000	99.349191
3499.000000	99.348704
3498.000000	99.348542
3497.000000	99.348323
3496.000000	99.348088
3495.000000	99.348309
3494.000000	99.349395
3493.000000	99.351283
3492.000000	99.353308
3491.000000	99.354499
3490.000000	99.354226
3489.000000	99.352678
3488.000000	99.350826
3487.000000	99.349592
3486.000000	99.349043
3485.000000	99.348639
3484.000000	99.348069
3483.000000	99.347602
3482.000000	99.347658
3481.000000	99.348279
3480.000000	99.349119
3479.000000	99.349801
3478.000000	99.350145
3477.000000	99.350107
3476.000000	99.349602
3475.000000	99.348469
3474.000000	99.346683
3473.000000	99.344614
3472.000000	99.342959
3471.000000	99.342208
3470.000000	99.342193
3469.000000	99.342224
3468.000000	99.341738
3467.000000	99.340809
3466.000000	99.340004
3465.000000	99.339859
3464.000000	99.340538
3463.000000	99.341744
3462.000000	99.342811
3461.000000	99.343066
3460.000000	99.342321
3459.000000	99.341061
3458.000000	99.340101
3457.000000	99.339967
3456.000000	99.340661
3455.000000	99.341787
3454.000000	99.342741
3453.000000	99.342940
3452.000000	99.342186
3451.000000	99.340935
3450.000000	99.339997
3449.000000	99.339726
3448.000000	99.339629
3447.000000	99.338941
3446.000000	99.337560
3445.000000	99.336125
3444.000000	99.335236
3443.000000	99.334803
3442.000000	99.334231
3441.000000	99.333173
3440.000000	99.331942
3439.000000	99.331166
3438.000000	99.331174
3437.000000	99.331774
3436.000000	99.332539
3435.000000	99.333109
3434.000000	99.333205
3433.000000	99.332511
3432.000000	99.330766
3431.000000	99.328040
3430.000000	99.324897
3429.000000	99.322185
3428.000000	99.320476
3427.000000	99.319750
3426.000000	99.319664
3425.000000	99.319984
3424.000000	99.320568
3423.000000	99.321060
3422.000000	99.320970
3421.000000	99.320188
3420.000000	99.319110
3419.000000	99.318071
3418.000000	99.316939
3417.000000	99.315561
3416.000000	99.314327
3415.000000	99.313907
3414.000000	99.314407
3413.000000	99.315169
3412.000000	99.315542
3411.000000	99.315427
3410.000000	99.315076
3409.000000	99.314606
3408.000000	99.313897
3407.000000	99.312964
3406.000000	99.312203
3405.000000	99.312080
3404.000000	99.312596
3403.000000	99.313155
3402.000000	99.313154
3401.000000	99.312598
3400.000000	99.311985
3399.000000	99.311648
3398.000000	99.311432
3397.000000	99.311043
3396.000000	99.310462
3395.000000	99.309910
3394.000000	99.309567
3393.000000	99.309453
3392.000000	99.309507
3391.000000	99.309656
3390.000000	99.309824
3389.000000	99.309972
3388.000000	99.310144
3387.000000	99.310410
3386.000000	99.310773
3385.000000	99.311135
3384.000000	99.311373
3383.000000	99.311424
3382.000000	99.311314
3381.000000	99.311140
3380.000000	99.311016
3379.000000	99.311015
3378.000000	99.311132
3377.000000	99.311279
3376.000000	99.311336
3375.000000	99.311247
3374.000000	99.311123
3373.000000	99.311225
3372.000000	99.311698
3371.000000	99.312438
3370.000000	99.313194
3369.000000	99.313776
3368.000000	99.314186
3367.000000	99.314505
3366.000000	99.314821
3365.000000	99.315187
3364.000000	99.315610
3363.000000	99.316056
3362.000000	99.316475
3361.000000	99.316846
3360.000000	99.317203
3359.000000	99.317600
3358.000000	99.318064
3357.000000	99.318578
3356.000000	99.319105
3355.000000	99.319612
3354.000000	99.320089
3353.000000	99.320541
3352.000000	99.320978
3351.000000	99.321414
3350.000000	99.321861
3349.000000	99.322319
3348.000000	99.322784
3347.000000	99.323250
3346.000000	99.323717
3345.000000	99.324191
3344.000000	99.324674
3343.000000	99.325173
3342.000000	99.325683
3341.000000	99.326183
3340.000000	99.326635
3339.000000	99.327018
3338.000000	99.327346
3337.000000	99.327664
3336.000000	99.328008
3335.000000	99.328371
3334.000000	99.328707
3333.000000	99.328993
3332.000000	99.329284
3331.000000	99.329679
3330.000000	99.330222
3329.000000	99.330807
3328.000000	99.331219
3327.000000	99.331326
3326.000000	99.331193
3325.000000	99.331046
3324.000000	99.331019
3323.000000	99.331062
3322.000000	99.331079
3321.000000	99.331126
3320.000000	99.331419
3319.000000	99.332135
3318.000000	99.333182
3317.000000	99.334198
3316.000000	99.334786
3315.000000	99.334693
3314.000000	99.333917
3313.000000	99.332729
3312.000000	99.331653
3311.000000	99.331178
3310.000000	99.331365
3309.000000	99.331844
3308.000000	99.332284
3307.000000	99.332770
3306.000000	99.333590
3305.000000	99.334760
3304.000000	99.335912
3303.000000	99.336583
3302.000000	99.336527
3301.000000	99.335821
3300.000000	99.334845
3299.000000	99.334036
3298.000000	99.333529
3297.000000	99.333085
3296.000000	99.332540
3295.000000	99.332230
3294.000000	99.332718
3293.000000	99.334166
3292.000000	99.336231
3291.000000	99.338479
3290.000000	99.340540
3289.000000	99.341928
3288.000000	99.342169
3287.000000	99.341311
3286.000000	99.340011
3285.000000	99.338960
3284.000000	99.338400
3283.000000	99.338393
3282.000000	99.339224
3281.000000	99.341104
3280.000000	99.343588
3279.000000	99.345760
3278.000000	99.347105
3277.000000	99.347899
3276.000000	99.348665
3275.000000	99.349454
3274.000000	99.349876
3273.000000	99.349724
3272.000000	99.349311
3271.000000	99.349176
3270.000000	99.349578
3269.000000	99.350357
3268.000000	99.351180
3267.000000	99.351822
3266.000000	99.352211
3265.000000	99.352350
3264.000000	99.352322
3263.000000	99.352389
3262.000000	99.352883
3261.000000	99.353876
3260.000000	99.355045
3259.000000	99.355958
3258.000000	99.356482
3257.000000	99.356846
3256.000000	99.357363
3255.000000	99.358161
3254.000000	99.359149
3253.000000	99.360133
3252.000000	99.360962
3251.000000	99.361605
3250.000000	99.362132
3249.000000	99.362626
3248.000000	99.363109
3247.000000	99.363587
3246.000000	99.364106
3245.000000	99.364725
3244.000000	99.365437
3243.000000	99.366143
3242.000000	99.366704
3241.000000	99.367054
3240.000000	99.367260
3239.000000	99.367476
3238.000000	99.367799
3237.000000	99.368209
3236.000000	99.368618
3235.000000	99.368965
3234.000000	99.369279
3233.000000	99.369673
3232.000000	99.370262
3231.000000	99.371047
3230.000000	99.371876
3229.000000	99.372569
3228.000000	99.373085
3227.000000	99.373512
3226.000000	99.373911
3225.000000	99.374253
3224.000000	99.374612
3223.000000	99.375278
3222.000000	99.376498
3221.000000	99.378037
3220.000000	99.379179
3219.000000	99.379402
3218.000000	99.378974
3217.000000	99.378774
3216.000000	99.379496
3215.000000	99.381177
3214.000000	99.383334
3213.000000	99.385306
3212.000000	99.386567
3211.000000	99.387109
3210.000000	99.387619
3209.000000	99.388815
3208.000000	99.390329
3207.000000	99.390738
3206.000000	99.389087
3205.000000	99.386149
3204.000000	99.383823
3203.000000	99.383199
3202.000000	99.383861
3201.000000	99.384956
3200.000000	99.386426
3199.000000	99.388841
3198.000000	99.392401
3197.000000	99.396519
3196.000000	99.400219
3195.000000	99.402766
3194.000000	99.404083
3193.000000	99.404677
3192.000000	99.405263
3191.000000	99.406341
3190.000000	99.408009
3189.000000	99.409993
3188.000000	99.411770
3187.000000	99.412962
3186.000000	99.413833
3185.000000	99.415165
3184.000000	99.417300
3183.000000	99.419487
3182.000000	99.420598
3181.000000	99.420383
3180.000000	99.419629
3179.000000	99.419127
3178.000000	99.418919
3177.000000	99.418766
3176.000000	99.418808
3175.000000	99.419363
3174.000000	99.420412
3173.000000	99.421680
3172.000000	99.423067
3171.000000	99.424686
3170.000000	99.426456
3169.000000	99.427944
3168.000000	99.428715
3167.000000	99.428766
3166.000000	99.428567
3165.000000	99.428711
3164.000000	99.429461
3163.000000	99.430566
3162.000000	99.431500
3161.000000	99.431971
3160.000000	99.432190
3159.000000	99.432680
3158.000000	99.433835
3157.000000	99.435690
3156.000000	99.437932
3155.000000	99.440020
3154.000000	99.441455
3153.000000	99.442064
3152.000000	99.442093
3151.000000	99.442066
3150.000000	99.442416
3149.000000	99.443252
3148.000000	99.444440
3147.000000	99.445765
3146.000000	99.447022
3145.000000	99.448049
3144.000000	99.448816
3143.000000	99.449527
3142.000000	99.450554
3141.000000	99.452154
3140.000000	99.454174
3139.000000	99.456037
3138.000000	99.457099
3137.000000	99.457118
3136.000000	99.456394
3135.000000	99.455497
3134.000000	99.454873
3133.000000	99.454725
3132.000000	99.455149
3131.000000	99.456134
3130.000000	99.457348
3129.000000	99.458200
3128.000000	99.458443
3127.000000	99.458669
3126.000000	99.459827
3125.000000	99.462212
3124.000000	99.465164
3123.000000	99.467767
3122.000000	99.469518
3121.000000	99.470259
3120.000000	99.469943
3119.000000	99.468845
3118.000000	99.467822
3117.000000	99.467833
3116.000000	99.469188
3115.000000	99.471488
3114.000000	99.474205
3113.000000	99.476978
3112.000000	99.479410
3111.000000	99.481047
3110.000000	99.481834
3109.000000	99.482292
3108.000000	99.482889
3107.000000	99.483544
3106.000000	99.483945
3105.000000	99.484079
3104.000000	99.484084
3103.000000	99.483723
3102.000000	99.482454
3101.000000	99.480183
3100.000000	99.477768
3099.000000	99.476515
3098.000000	99.477082
3097.000000	99.478862
3096.000000	99.480344
3095.000000	99.480348
3094.000000	99.479078
3093.000000	99.477921
3092.000000	99.478035
3091.000000	99.479229
3090.000000	99.480372
3089.000000	99.480837
3088.000000	99.481294
3087.000000	99.482940
3086.000000	99.486173
3085.000000	99.490133
3084.000000	99.493332
3083.000000	99.494786
3082.000000	99.494592
3081.000000	99.493695
3080.000000	99.493139
3079.000000	99.493343
3078.000000	99.494021
3077.000000	99.494646
3076.000000	99.495009
3075.000000	99.495385
3074.000000	99.496192
3073.000000	99.497414
3072.000000	99.498381
3071.000000	99.498313
3070.000000	99.497150
3069.000000	99.495800
3068.000000	99.495420
3067.000000	99.496404
3066.000000	99.498237
3065.000000	99.500099
3064.000000	99.501598
3063.000000	99.502798
3062.000000	99.503720
3061.000000	99.504146
3060.000000	99.503953
3059.000000	99.503466
3058.000000	99.503260
3057.000000	99.503521
3056.000000	99.503807
3055.000000	99.503598
3054.000000	99.502997
3053.000000	99.502621
3052.000000	99.502783
3051.000000	99.503016
3050.000000	99.502635
3049.000000	99.501600
3048.000000	99.500602
3047.000000	99.500296
3046.000000	99.500655
3045.000000	99.501169
3044.000000	99.501469
3043.000000	99.501617
3042.000000	99.501811
3041.000000	99.502029
3040.000000	99.502008
3039.000000	99.501518
3038.000000	99.500585
3037.000000	99.499505
3036.000000	99.498670
3035.000000	99.498269
3034.000000	99.498191
3033.000000	99.498203
3032.000000	99.498178
3031.000000	99.498124
3030.000000	99.498028
3029.000000	99.497793
3028.000000	99.497347
3027.000000	99.496766
3026.000000	99.496197
3025.000000	99.495685
3024.000000	99.495113
3023.000000	99.494313
3022.000000	99.493249
3021.000000	99.492132
3020.000000	99.491321
3019.000000	99.490982
3018.000000	99.490809
3017.000000	99.490189
3016.000000	99.488766
3015.000000	99.486882
3014.000000	99.485366
3013.000000	99.484826
3012.000000	99.485221
3011.000000	99.485981
3010.000000	99.486367
3009.000000	99.485707
3008.000000	99.483603
3007.000000	99.480249
3006.000000	99.476630
3005.000000	99.474109
3004.000000	99.473538
3003.000000	99.474503
3002.000000	99.475371
3001.000000	99.474372
3000.000000	99.471038
2999.000000	99.466925
2998.000000	99.464715
2997.000000	99.466044
2996.000000	99.469996
2995.000000	99.473684
2994.000000	99.474747
2993.000000	99.473136
2992.000000	99.470560
2991.000000	99.468574
2990.000000	99.467354
2989.000000	99.465959
2988.000000	99.463354
2987.000000	99.459310
2986.000000	99.454661
2985.000000	99.450587
2984.000000	99.447516
2983.000000	99.445031
2982.000000	99.443015
2981.000000	99.442311
2980.000000	99.443595
2979.000000	99.445947
2978.000000	99.447469
2977.000000	99.447325
2976.000000	99.446391
2975.000000	99.445924
2974.000000	99.446513
2973.000000	99.448553
2972.000000	99.452646
2971.000000	99.458727
2970.000000	99.465325
2969.000000	99.470688
2968.000000	99.474552
2967.000000	99.478097
2966.000000	99.482126
2965.000000	99.485875
2964.000000	99.487999
2963.000000	99.488481
2962.000000	99.489166
2961.000000	99.492095
2960.000000	99.497328
2959.000000	99.502591
2958.000000	99.505266
2957.000000	99.504564
2956.000000	99.501657
2955.000000	99.498245
2954.000000	99.495528
2953.000000	99.494399
2952.000000	99.495693
2951.000000	99.499573
2950.000000	99.504808
2949.000000	99.509192
2948.000000	99.511016
2947.000000	99.510199
2946.000000	99.508238
2945.000000	99.507142
2944.000000	99.507981
2943.000000	99.510271
2942.000000	99.512626
2941.000000	99.513993
2940.000000	99.514358
2939.000000	99.514453
2938.000000	99.515032
2937.000000	99.516401
2936.000000	99.518358
2935.000000	99.520391
2934.000000	99.521994
2933.000000	99.522927
2932.000000	99.523225
2931.000000	99.523091
2930.000000	99.522926
2929.000000	99.523366
2928.000000	99.524901
2927.000000	99.527250
2926.000000	99.529346
2925.000000	99.530268
2924.000000	99.530074
2923.000000	99.529569
2922.000000	99.529419
2921.000000	99.529637
2920.000000	99.529746
2919.000000	99.529120
2918.000000	99.527360
2917.000000	99.524747
2916.000000	99.522317
2915.000000	99.521223
2914.000000	99.521934
2913.000000	99.524164
2912.000000	99.527338
2911.000000	99.530811
2910.000000	99.533692
2909.000000	99.534949
2908.000000	99.533926
2907.000000	99.530616
2906.000000	99.525534
2905.000000	99.519691
2904.000000	99.514648
2903.000000	99.511965
2902.000000	99.512199
2901.000000	99.514406
2900.000000	99.516920
2899.000000	99.518615
2898.000000	99.519451
2897.000000	99.519960
2896.000000	99.520502
2895.000000	99.521014
2894.000000	99.521329
2893.000000	99.521581
2892.000000	99.522166
2891.000000	99.523305
2890.000000	99.524834
2889.000000	99.526517
2888.000000	99.528267
2887.000000	99.529754
2886.000000	99.530060
2885.000000	99.528359
2884.000000	99.525000
2883.000000	99.521511
2882.000000	99.519292
2881.000000	99.518596
2880.000000	99.518985
2879.000000	99.520213
2878.000000	99.522124
2877.000000	99.524074
2876.000000	99.525246
2875.000000	99.525710
2874.000000	99.526704
2873.000000	99.529509
2872.000000	99.534160
2871.000000	99.539305
2870.000000	99.543301
2869.000000	99.545530
2868.000000	99.546769
2867.000000	99.548385
2866.000000	99.550914
2865.000000	99.553336
2864.000000	99.554003
2863.000000	99.552490
2862.000000	99.550425
2861.000000	99.550210
2860.000000	99.552774
2859.000000	99.556852
2858.000000	99.560404
2857.000000	99.562641
2856.000000	99.564410
2855.000000	99.566728
2854.000000	99.569399
2853.000000	99.571319
2852.000000	99.571882
2851.000000	99.571639
2850.000000	99.571626
2849.000000	99.572469
2848.000000	99.574349
2847.000000	99.577326
2846.000000	99.581088
2845.000000	99.584475
2844.000000	99.586039
2843.000000	99.585350
2842.000000	99.583410
2841.000000	99.581581
2840.000000	99.580237
2839.000000	99.578977
2838.000000	99.577853
2837.000000	99.577693
2836.000000	99.579152
2835.000000	99.581867
2834.000000	99.584649
2833.000000	99.586381
2832.000000	99.586708
2831.000000	99.586028
2830.000000	99.585142
2829.000000	99.584761
2828.000000	99.585098
2827.000000	99.585884
2826.000000	99.586753
2825.000000	99.587603
2824.000000	99.588600
2823.000000	99.589953
2822.000000	99.591696
2821.000000	99.593579
2820.000000	99.595123
2819.000000	99.596020
2818.000000	99.596477
2817.000000	99.596999
2816.000000	99.597714
2815.000000	99.598203
2814.000000	99.598139
2813.000000	99.597758
2812.000000	99.597501
2811.000000	99.597499
2810.000000	99.597645
2809.000000	99.597960
2808.000000	99.598560
2807.000000	99.599371
2806.000000	99.600114
2805.000000	99.600612
2804.000000	99.600955
2803.000000	99.601358
2802.000000	99.601941
2801.000000	99.602652
2800.000000	99.603304
2799.000000	99.603724
2798.000000	99.603924
2797.000000	99.604150
2796.000000	99.604656
2795.000000	99.605442
2794.000000	99.606274
2793.000000	99.606954
2792.000000	99.607535
2791.000000	99.608151
2790.000000	99.608774
2789.000000	99.609278
2788.000000	99.609653
2787.000000	99.609966
2786.000000	99.610221
2785.000000	99.610407
2784.000000	99.610609
2783.000000	99.610932
2782.000000	99.611348
2781.000000	99.611720
2780.000000	99.611961
2779.000000	99.612124
2778.000000	99.612327
2777.000000	99.612642
2776.000000	99.613081
2775.000000	99.613642
2774.000000	99.614279
2773.000000	99.614879
2772.000000	99.615345
2771.000000	99.615689
2770.000000	99.616037
2769.000000	99.616498
2768.000000	99.617042
2767.000000	99.617550
2766.000000	99.617970
2765.000000	99.618382
2764.000000	99.618898
2763.000000	99.619512
2762.000000	99.620090
2761.000000	99.620519
2760.000000	99.620809
2759.000000	99.621079
2758.000000	99.621446
2757.000000	99.621961
2756.000000	99.622623
2755.000000	99.623376
2754.000000	99.624133
2753.000000	99.624787
2752.000000	99.625278
2751.000000	99.625618
2750.000000	99.625864
2749.000000	99.626097
2748.000000	99.626368
2747.000000	99.626667
2746.000000	99.626951
2745.000000	99.627255
2744.000000	99.627728
2743.000000	99.628489
2742.000000	99.629479
2741.000000	99.630521
2740.000000	99.631490
2739.000000	99.632333
2738.000000	99.632965
2737.000000	99.633288
2736.000000	99.633343
2735.000000	99.633302
2734.000000	99.633320
2733.000000	99.633493
2732.000000	99.633922
2731.000000	99.634636
2730.000000	99.635394
2729.000000	99.635750
2728.000000	99.635476
2727.000000	99.634863
2726.000000	99.634536
2725.000000	99.634947
2724.000000	99.636115
2723.000000	99.637628
2722.000000	99.638820
2721.000000	99.639196
2720.000000	99.638904
2719.000000	99.638762
2718.000000	99.639514
2717.000000	99.641050
2716.000000	99.642630
2715.000000	99.643869
2714.000000	99.645076
2713.000000	99.646435
2712.000000	99.647334
2711.000000	99.647002
2710.000000	99.645544
2709.000000	99.643836
2708.000000	99.642455
2707.000000	99.641189
2706.000000	99.639819
2705.000000	99.638834
2704.000000	99.638909
2703.000000	99.639959
2702.000000	99.641199
2701.000000	99.641972
2700.000000	99.642164
2699.000000	99.641872
2698.000000	99.641190
2697.000000	99.640451
2696.000000	99.640225
2695.000000	99.640758
2694.000000	99.641700
2693.000000	99.642647
2692.000000	99.643670
2691.000000	99.644977
2690.000000	99.646239
2689.000000	99.646727
2688.000000	99.646128
2687.000000	99.644875
2686.000000	99.643673
2685.000000	99.642964
2684.000000	99.642827
2683.000000	99.643065
2682.000000	99.643301
2681.000000	99.643266
2680.000000	99.643149
2679.000000	99.643387
2678.000000	99.643972
2677.000000	99.644176
2676.000000	99.643216
2675.000000	99.641024
2674.000000	99.638242
2673.000000	99.635590
2672.000000	99.633472
2671.000000	99.632117
2670.000000	99.631767
2669.000000	99.632530
2668.000000	99.634081
2667.000000	99.635585
2666.000000	99.636049
2665.000000	99.634925
2664.000000	99.632593
2663.000000	99.630389
2662.000000	99.629690
2661.000000	99.630758
2660.000000	99.632483
2659.000000	99.633357
2658.000000	99.632928
2657.000000	99.632010
2656.000000	99.631587
2655.000000	99.631792
2654.000000	99.632089
2653.000000	99.632126
2652.000000	99.632070
2651.000000	99.632249
2650.000000	99.632894
2649.000000	99.634188
2648.000000	99.636097
2647.000000	99.638029
2646.000000	99.639068
2645.000000	99.638830
2644.000000	99.637903
2643.000000	99.637215
2642.000000	99.637021
2641.000000	99.636776
2640.000000	99.635900
2639.000000	99.634454
2638.000000	99.633081
2637.000000	99.632411
2636.000000	99.632524
2635.000000	99.632930
2634.000000	99.633092
2633.000000	99.632947
2632.000000	99.632827
2631.000000	99.632993
2630.000000	99.633459
2629.000000	99.634224
2628.000000	99.635275
2627.000000	99.636227
2626.000000	99.636363
2625.000000	99.635369
2624.000000	99.633850
2623.000000	99.632783
2622.000000	99.632473
2621.000000	99.632420
2620.000000	99.632178
2619.000000	99.631881
2618.000000	99.631837
2617.000000	99.632059
2616.000000	99.632471
2615.000000	99.633236
2614.000000	99.634616
2613.000000	99.636583
2612.000000	99.638674
2611.000000	99.640234
2610.000000	99.640782
2609.000000	99.640224
2608.000000	99.638932
2607.000000	99.637668
2606.000000	99.637154
2605.000000	99.637548
2604.000000	99.638343
2603.000000	99.638793
2602.000000	99.638600
2601.000000	99.638096
2600.000000	99.637791
2599.000000	99.637841
2598.000000	99.638094
2597.000000	99.638505
2596.000000	99.639213
2595.000000	99.640133
2594.000000	99.640757
2593.000000	99.640668
2592.000000	99.640012
2591.000000	99.639349
2590.000000	99.639033
2589.000000	99.638963
2588.000000	99.638903
2587.000000	99.638782
2586.000000	99.638651
2585.000000	99.638554
2584.000000	99.638548
2583.000000	99.638710
2582.000000	99.639017
2581.000000	99.639286
2580.000000	99.639317
2579.000000	99.639074
2578.000000	99.638666
2577.000000	99.638190
2576.000000	99.637647
2575.000000	99.637013
2574.000000	99.636344
2573.000000	99.635791
2572.000000	99.635486
2571.000000	99.635434
2570.000000	99.635545
2569.000000	99.635764
2568.000000	99.636067
2567.000000	99.636308
2566.000000	99.636224
2565.000000	99.635732
2564.000000	99.635134
2563.000000	99.634846
2562.000000	99.634886
2561.000000	99.634849
2560.000000	99.634453
2559.000000	99.633872
2558.000000	99.633495
2557.000000	99.633496
2556.000000	99.633764
2555.000000	99.634107
2554.000000	99.634351
2553.000000	99.634308
2552.000000	99.633836
2551.000000	99.632973
2550.000000	99.632021
2549.000000	99.631358
2548.000000	99.631140
2547.000000	99.631199
2546.000000	99.631133
2545.000000	99.630657
2544.000000	99.629920
2543.000000	99.629422
2542.000000	99.629523
2541.000000	99.630085
2540.000000	99.630647
2539.000000	99.630928
2538.000000	99.631041
2537.000000	99.631209
2536.000000	99.631467
2535.000000	99.631694
2534.000000	99.631811
2533.000000	99.631810
2532.000000	99.631649
2531.000000	99.631263
2530.000000	99.630732
2529.000000	99.630305
2528.000000	99.630165
2527.000000	99.630257
2526.000000	99.630468
2525.000000	99.630860
2524.000000	99.631515
2523.000000	99.632168
2522.000000	99.632301
2521.000000	99.631715
2520.000000	99.630841
2519.000000	99.630335
2518.000000	99.630402
2517.000000	99.630748
2516.000000	99.631123
2515.000000	99.631699
2514.000000	99.632761
2513.000000	99.634124
2512.000000	99.635057
2511.000000	99.634955
2510.000000	99.633975
2509.000000	99.633016
2508.000000	99.632845
2507.000000	99.633316
2506.000000	99.633620
2505.000000	99.633208
2504.000000	99.632241
2503.000000	99.631188
2502.000000	99.630342
2501.000000	99.629889
2500.000000	99.630065
2499.000000	99.630853
2498.000000	99.631659
2497.000000	99.631701
2496.000000	99.630734
2495.000000	99.629197
2494.000000	99.627757
2493.000000	99.626924
2492.000000	99.627004
2491.000000	99.627984
2490.000000	99.629392
2489.000000	99.630630
2488.000000	99.631543
2487.000000	99.632376
2486.000000	99.633184
2485.000000	99.633653
2484.000000	99.633593
2483.000000	99.633264
2482.000000	99.633091
2481.000000	99.633283
2480.000000	99.633858
2479.000000	99.634777
2478.000000	99.635879
2477.000000	99.636872
2476.000000	99.637515
2475.000000	99.637726
2474.000000	99.637468
2473.000000	99.636773
2472.000000	99.635926
2471.000000	99.635393
2470.000000	99.635417
2469.000000	99.635863
2468.000000	99.636480
2467.000000	99.637149
2466.000000	99.637800
2465.000000	99.638254
2464.000000	99.638367
2463.000000	99.638223
2462.000000	99.638079
2461.000000	99.638130
2460.000000	99.638357
2459.000000	99.638614
2458.000000	99.638798
2457.000000	99.638936
2456.000000	99.639116
2455.000000	99.639365
2454.000000	99.639629
2453.000000	99.639857
2452.000000	99.640060
2451.000000	99.640269
2450.000000	99.640486
2449.000000	99.640701
2448.000000	99.640903
2447.000000	99.641086
2446.000000	99.641242
2445.000000	99.641381
2444.000000	99.641519
2443.000000	99.641667
2442.000000	99.641832
2441.000000	99.642018
2440.000000	99.642233
2439.000000	99.642485
2438.000000	99.642749
2437.000000	99.642972
2436.000000	99.643122
2435.000000	99.643238
2434.000000	99.643400
2433.000000	99.643643
2432.000000	99.643926
2431.000000	99.644183
2430.000000	99.644407
2429.000000	99.644654
2428.000000	99.644953
2427.000000	99.645216
2426.000000	99.645279
2425.000000	99.645076
2424.000000	99.644792
2423.000000	99.644741
2422.000000	99.645019
2421.000000	99.645363
2420.000000	99.645447
2419.000000	99.645293
2418.000000	99.645241
2417.000000	99.645550
2416.000000	99.646187
2415.000000	99.646932
2414.000000	99.647545
2413.000000	99.647826
2412.000000	99.647725
2411.000000	99.647492
2410.000000	99.647525
2409.000000	99.647934
2408.000000	99.648350
2407.000000	99.648272
2406.000000	99.647583
2405.000000	99.646701
2404.000000	99.646318
2403.000000	99.646910
2402.000000	99.648308
2401.000000	99.649611
2400.000000	99.649844
2399.000000	99.648749
2398.000000	99.646868
2397.000000	99.644998
2396.000000	99.643593
2395.000000	99.642770
2394.000000	99.642520
2393.000000	99.642671
2392.000000	99.642847
2391.000000	99.642727
2390.000000	99.642307
2389.000000	99.641827
2388.000000	99.641485
2387.000000	99.641302
2386.000000	99.641151
2385.000000	99.640830
2384.000000	99.640160
2383.000000	99.639105
2382.000000	99.637746
2381.000000	99.636094
2380.000000	99.634112
2379.000000	99.632034
2378.000000	99.630437
2377.000000	99.629772
2376.000000	99.629898
2375.000000	99.630242
2374.000000	99.630392
2373.000000	99.630314
2372.000000	99.630121
2371.000000	99.629927
2370.000000	99.629811
2369.000000	99.629601
2368.000000	99.628817
2367.000000	99.627202
2366.000000	99.625303
2365.000000	99.624142
2364.000000	99.624221
2363.000000	99.625051
2362.000000	99.625757
2361.000000	99.626045
2360.000000	99.626026
2359.000000	99.625712
2358.000000	99.625018
2357.000000	99.623988
2356.000000	99.623077
2355.000000	99.622654
2354.000000	99.622679
2353.000000	99.622763
2352.000000	99.622613
2351.000000	99.622417
2350.000000	99.622389
2349.000000	99.622676
2348.000000	99.623193
2347.000000	99.623510
2346.000000	99.623340
2345.000000	99.622603
2344.000000	99.621553
2343.000000	99.620067
2342.000000	99.618320
2341.000000	99.617339
2340.000000	99.617976
2339.000000	99.620056
2338.000000	99.622225
2337.000000	99.623486
2336.000000	99.623883
2335.000000	99.624152
2334.000000	99.624692
2333.000000	99.625693
2332.000000	99.626945
2331.000000	99.628129
2330.000000	99.628456
2329.000000	99.627944
2328.000000	99.627397
2327.000000	99.627624
2326.000000	99.628495
2325.000000	99.629057
2324.000000	99.628966
2323.000000	99.628626
2322.000000	99.628819
2321.000000	99.630063
2320.000000	99.632304
2319.000000	99.635182
2318.000000	99.637802
2317.000000	99.639555
2316.000000	99.640000
2315.000000	99.639267
2314.000000	99.637600
2313.000000	99.635826
2312.000000	99.634687
2311.000000	99.634517
2310.000000	99.634834
2309.000000	99.635248
2308.000000	99.635724
2307.000000	99.636316
2306.000000	99.636587
2305.000000	99.636228
2304.000000	99.635563
2303.000000	99.635276
2302.000000	99.635353
2301.000000	99.635264
2300.000000	99.634646
2299.000000	99.633827
2298.000000	99.633293
2297.000000	99.633504
2296.000000	99.634709
2295.000000	99.636788
2294.000000	99.638946
2293.000000	99.640287
2292.000000	99.640804
2291.000000	99.641164
2290.000000	99.641684
2289.000000	99.641976
2288.000000	99.641783
2287.000000	99.641387
2286.000000	99.641104
2285.000000	99.640832
2284.000000	99.640472
2283.000000	99.640197
2282.000000	99.640043
2281.000000	99.639701
2280.000000	99.639029
2279.000000	99.638382
2278.000000	99.638064
2277.000000	99.637805
2276.000000	99.637125
2275.000000	99.636025
2274.000000	99.635003
2273.000000	99.634548
2272.000000	99.634804
2271.000000	99.635622
2270.000000	99.636675
2269.000000	99.637565
2268.000000	99.637969
2267.000000	99.637721
2266.000000	99.636840
2265.000000	99.635624
2264.000000	99.634570
2263.000000	99.633964
2262.000000	99.633590
2261.000000	99.633022
2260.000000	99.632189
2259.000000	99.631353
2258.000000	99.630620
2257.000000	99.629851
2256.000000	99.629145
2255.000000	99.628961
2254.000000	99.629508
2253.000000	99.630330
2252.000000	99.630696
2251.000000	99.630370
2250.000000	99.629693
2249.000000	99.629134
2248.000000	99.628919
2247.000000	99.629028
2246.000000	99.629308
2245.000000	99.629534
2244.000000	99.629562
2243.000000	99.629445
2242.000000	99.629322
2241.000000	99.629183
2240.000000	99.628868
2239.000000	99.628335
2238.000000	99.627782
2237.000000	99.627466
2236.000000	99.627442
2235.000000	99.627552
2234.000000	99.627622
2233.000000	99.627609
2232.000000	99.627566
2231.000000	99.627523
2230.000000	99.627439
2229.000000	99.627253
2228.000000	99.626993
2227.000000	99.626785
2226.000000	99.626725
2225.000000	99.626759
2224.000000	99.626723
2223.000000	99.626519
2222.000000	99.626215
2221.000000	99.625995
2220.000000	99.626006
2219.000000	99.626262
2218.000000	99.626634
2217.000000	99.626946
2216.000000	99.627113
2215.000000	99.627180
2214.000000	99.627219
2213.000000	99.627191
2212.000000	99.627012
2211.000000	99.626740
2210.000000	99.626579
2209.000000	99.626642
2208.000000	99.626771
2207.000000	99.626703
2206.000000	99.626379
2205.000000	99.625988
2204.000000	99.625740
2203.000000	99.625651
2202.000000	99.625588
2201.000000	99.625447
2200.000000	99.625253
2199.000000	99.625124
2198.000000	99.625156
2197.000000	99.625333
2196.000000	99.625489
2195.000000	99.625416
2194.000000	99.625023
2193.000000	99.624391
2192.000000	99.623703
2191.000000	99.623135
2190.000000	99.622806
2189.000000	99.622761
2188.000000	99.622937
2187.000000	99.623177
2186.000000	99.623354
2185.000000	99.623441
2184.000000	99.623445
2183.000000	99.623342
2182.000000	99.623123
2181.000000	99.622875
2180.000000	99.622745
2179.000000	99.622783
2178.000000	99.622897
2177.000000	99.622949
2176.000000	99.622896
2175.000000	99.622815
2174.000000	99.622802
2173.000000	99.622875
2172.000000	99.622974
2171.000000	99.623024
2170.000000	99.623002
2169.000000	99.622943
2168.000000	99.622912
2167.000000	99.622957
2166.000000	99.623086
2165.000000	99.623278
2164.000000	99.623482
2163.000000	99.623624
2162.000000	99.623678
2161.000000	99.623706
2160.000000	99.623790
2159.000000	99.623920
2158.000000	99.624015
2157.000000	99.624075
2156.000000	99.624205
2155.000000	99.624454
2154.000000	99.624728
2153.000000	99.624953
2152.000000	99.625223
2151.000000	99.625654
2150.000000	99.626198
2149.000000	99.626689
2148.000000	99.627039
2147.000000	99.627268
2146.000000	99.627405
2145.000000	99.627454
2144.000000	99.627480
2143.000000	99.627620
2142.000000	99.627934
2141.000000	99.628326
2140.000000	99.628670
2139.000000	99.628987
2138.000000	99.629387
2137.000000	99.629921
2136.000000	99.630546
2135.000000	99.631179
2134.000000	99.631714
2133.000000	99.632066
2132.000000	99.632260
2131.000000	99.632450
2130.000000	99.632778
2129.000000	99.633228
2128.000000	99.633657
2127.000000	99.633950
2126.000000	99.634125
2125.000000	99.634299
2124.000000	99.634569
2123.000000	99.634928
2122.000000	99.635290
2121.000000	99.635590
2120.000000	99.635845
2119.000000	99.636121
2118.000000	99.636449
2117.000000	99.636814
2116.000000	99.637179
2115.000000	99.637528
2114.000000	99.637867
2113.000000	99.638207
2112.000000	99.638554
2111.000000	99.638902
2110.000000	99.639237
2109.000000	99.639552
2108.000000	99.639853
2107.000000	99.640156
2106.000000	99.640470
2105.000000	99.640789
2104.000000	99.641103
2103.000000	99.641409
2102.000000	99.641712
2101.000000	99.642020
2100.000000	99.642333
2099.000000	99.642637
2098.000000	99.642893
2097.000000	99.643066
2096.000000	99.643156
2095.000000	99.643210
2094.000000	99.643286
2093.000000	99.643420
2092.000000	99.643627
2091.000000	99.643927
2090.000000	99.644297
2089.000000	99.644639
2088.000000	99.644875
2087.000000	99.645061
2086.000000	99.645334
2085.000000	99.645679
2084.000000	99.645869
2083.000000	99.645732
2082.000000	99.645399
2081.000000	99.645231
2080.000000	99.645506
2079.000000	99.646210
2078.000000	99.647030
2077.000000	99.647565
2076.000000	99.647639
2075.000000	99.647437
2074.000000	99.647333
2073.000000	99.647522
2072.000000	99.647844
2071.000000	99.648028
2070.000000	99.648015
2069.000000	99.647963
2068.000000	99.647977
2067.000000	99.647925
2066.000000	99.647571
2065.000000	99.646840
2064.000000	99.645888
2063.000000	99.644920
2062.000000	99.644030
2061.000000	99.643300
2060.000000	99.642982
2059.000000	99.643359
2058.000000	99.644386
2057.000000	99.645610
2056.000000	99.646525
2055.000000	99.646970
2054.000000	99.647104
2053.000000	99.647126
2052.000000	99.647098
2051.000000	99.647045
2050.000000	99.647062
2049.000000	99.647184
2048.000000	99.647218
2047.000000	99.646891
2046.000000	99.646168
2045.000000	99.645301
2044.000000	99.644519
2043.000000	99.643803
2042.000000	99.643097
2041.000000	99.642614
2040.000000	99.642677
2039.000000	99.643197
2038.000000	99.643504
2037.000000	99.642944
2036.000000	99.641512
2035.000000	99.639775
2034.000000	99.638297
2033.000000	99.637248
2032.000000	99.636581
2031.000000	99.636301
2030.000000	99.636425
2029.000000	99.636797
2028.000000	99.637078
2027.000000	99.636971
2026.000000	99.636398
2025.000000	99.635489
2024.000000	99.634421
2023.000000	99.633311
2022.000000	99.632263
2021.000000	99.631446
2020.000000	99.630994
2019.000000	99.630814
2018.000000	99.630536
2017.000000	99.629802
2016.000000	99.628605
2015.000000	99.627289
2014.000000	99.626177
2013.000000	99.625286
2012.000000	99.624428
2011.000000	99.623482
2010.000000	99.622502
2009.000000	99.621637
2008.000000	99.620986
2007.000000	99.620524
2006.000000	99.620072
2005.000000	99.619444
2004.000000	99.618614
2003.000000	99.617734
2002.000000	99.616991
2001.000000	99.616456
2000.000000	99.616132
1999.000000	99.615918
1998.000000	99.615584
1997.000000	99.614899
1996.000000	99.613865
1995.000000	99.612766
1994.000000	99.611951
1993.000000	99.611539
1992.000000	99.611394
1991.000000	99.611331
1990.000000	99.611247
1989.000000	99.611078
1988.000000	99.610761
1987.000000	99.610315
1986.000000	99.609845
1985.000000	99.609403
1984.000000	99.608898
1983.000000	99.608199
1982.000000	99.607315
1981.000000	99.606431
1980.000000	99.605812
1979.000000	99.605569
1978.000000	99.605638
1977.000000	99.605872
1976.000000	99.606142
1975.000000	99.606337
1974.000000	99.606345
1973.000000	99.606122
1972.000000	99.605751
1971.000000	99.605394
1970.000000	99.605183
1969.000000	99.605105
1968.000000	99.605009
1967.000000	99.604762
1966.000000	99.604404
1965.000000	99.604112
1964.000000	99.603997
1963.000000	99.604018
1962.000000	99.604038
1961.000000	99.603950
1960.000000	99.603752
1959.000000	99.603490
1958.000000	99.603192
1957.000000	99.602856
1956.000000	99.602499
1955.000000	99.602183
1954.000000	99.601974
1953.000000	99.601871
1952.000000	99.601774
1951.000000	99.601579
1950.000000	99.601267
1949.000000	99.600905
1948.000000	99.600571
1947.000000	99.600293
1946.000000	99.600070
1945.000000	99.599937
1944.000000	99.599921
1943.000000	99.599936
1942.000000	99.599789
1941.000000	99.599379
1940.000000	99.598807
1939.000000	99.598252
1938.000000	99.597810
1937.000000	99.597456
1936.000000	99.597050
1935.000000	99.596378
1934.000000	99.595338
1933.000000	99.594207
1932.000000	99.593505
1931.000000	99.593536
1930.000000	99.593927
1929.000000	99.593887
1928.000000	99.593108
1927.000000	99.591885
1926.000000	99.590725
1925.000000	99.589783
1924.000000	99.589183
1923.000000	99.589161
1922.000000	99.589469
1921.000000	99.589312
1920.000000	99.588370
1919.000000	99.587271
1918.000000	99.586740
1917.000000	99.586418
1916.000000	99.585534
1915.000000	99.584041
1914.000000	99.582507
1913.000000	99.581277
1912.000000	99.580131
1911.000000	99.578786
1910.000000	99.577120
1909.000000	99.575213
1908.000000	99.573476
1907.000000	99.572228
1906.000000	99.571473
1905.000000	99.570396
1904.000000	99.568242
1903.000000	99.565310
1902.000000	99.562523
1901.000000	99.560613
1900.000000	99.559759
1899.000000	99.559298
1898.000000	99.558275
1897.000000	99.556091
1896.000000	99.553289
1895.000000	99.551238
1894.000000	99.550639
1893.000000	99.551049
1892.000000	99.551859
1891.000000	99.552825
1890.000000	99.553592
1889.000000	99.553767
1888.000000	99.553774
1887.000000	99.554231
1886.000000	99.554470
1885.000000	99.553075
1884.000000	99.549978
1883.000000	99.547007
1882.000000	99.545515
1881.000000	99.545094
1880.000000	99.544923
1879.000000	99.544749
1878.000000	99.544585
1877.000000	99.544009
1876.000000	99.542501
1875.000000	99.540490
1874.000000	99.538903
1873.000000	99.538036
1872.000000	99.537799
1871.000000	99.538286
1870.000000	99.539163
1869.000000	99.539072
1868.000000	99.537559
1867.000000	99.536495
1866.000000	99.537416
1865.000000	99.539723
1864.000000	99.541969
1863.000000	99.543467
1862.000000	99.544345
1861.000000	99.544826
1860.000000	99.545235
1859.000000	99.546015
1858.000000	99.547132
1857.000000	99.548067
1856.000000	99.548775
1855.000000	99.549735
1854.000000	99.550774
1853.000000	99.551027
1852.000000	99.551085
1851.000000	99.552128
1850.000000	99.554548
1849.000000	99.557344
1848.000000	99.559315
1847.000000	99.560267
1846.000000	99.560699
1845.000000	99.561035
1844.000000	99.561330
1843.000000	99.561823
1842.000000	99.562770
1841.000000	99.564109
1840.000000	99.565709
1839.000000	99.567086
1838.000000	99.567646
1837.000000	99.567167
1836.000000	99.566654
1835.000000	99.567379
1834.000000	99.569211
1833.000000	99.570940
1832.000000	99.571811
1831.000000	99.571712
1830.000000	99.570933
1829.000000	99.569790
1828.000000	99.568662
1827.000000	99.567986
1826.000000	99.568038
1825.000000	99.568588
1824.000000	99.569053
1823.000000	99.569290
1822.000000	99.569519
1821.000000	99.569773
1820.000000	99.569887
1819.000000	99.569909
1818.000000	99.570126
1817.000000	99.570455
1816.000000	99.570576
1815.000000	99.570468
1814.000000	99.570360
1813.000000	99.570394
1812.000000	99.570469
1811.000000	99.570613
1810.000000	99.570969
1809.000000	99.571421
1808.000000	99.571720
1807.000000	99.571799
1806.000000	99.571727
1805.000000	99.571568
1804.000000	99.571448
1803.000000	99.571584
1802.000000	99.572038
1801.000000	99.572623
1800.000000	99.572993
1799.000000	99.573115
1798.000000	99.573235
1797.000000	99.573533
1796.000000	99.573956
1795.000000	99.574355
1794.000000	99.574626
1793.000000	99.574753
1792.000000	99.574770
1791.000000	99.574865
1790.000000	99.575178
1789.000000	99.575606
1788.000000	99.576024
1787.000000	99.576542
1786.000000	99.577362
1785.000000	99.578431
1784.000000	99.579472
1783.000000	99.580348
1782.000000	99.581046
1781.000000	99.581782
1780.000000	99.582639
1779.000000	99.583605
1778.000000	99.584631
1777.000000	99.585638
1776.000000	99.586548
1775.000000	99.587124
1774.000000	99.587254
1773.000000	99.587285
1772.000000	99.587599
1771.000000	99.588301
1770.000000	99.589599
1769.000000	99.591329
1768.000000	99.592882
1767.000000	99.593829
1766.000000	99.594379
1765.000000	99.595055
1764.000000	99.595829
1763.000000	99.596479
1762.000000	99.597084
1761.000000	99.598263
1760.000000	99.599781
1759.000000	99.601152
1758.000000	99.602223
1757.000000	99.603550
1756.000000	99.605330
1755.000000	99.606810
1754.000000	99.607882
1753.000000	99.609378
1752.000000	99.611638
1751.000000	99.613298
1750.000000	99.613784
1749.000000	99.614199
1748.000000	99.615438
1747.000000	99.616585
1746.000000	99.616688
1745.000000	99.616579
1744.000000	99.617109
1743.000000	99.618461
1742.000000	99.620762
1741.000000	99.624072
1740.000000	99.627207
1739.000000	99.628668
1738.000000	99.628314
1737.000000	99.627124
1736.000000	99.626096
1735.000000	99.626054
1734.000000	99.626365
1733.000000	99.626354
1732.000000	99.626705
1731.000000	99.626914
1730.000000	99.626242
1729.000000	99.625101
1728.000000	99.624609
1727.000000	99.624946
1726.000000	99.625492
1725.000000	99.625900
1724.000000	99.625787
1723.000000	99.625688
1722.000000	99.626397
1721.000000	99.627728
1720.000000	99.628705
1719.000000	99.628640
1718.000000	99.627509
1717.000000	99.625126
1716.000000	99.622221
1715.000000	99.620340
1714.000000	99.619710
1713.000000	99.619381
1712.000000	99.618908
1711.000000	99.618732
1710.000000	99.618986
1709.000000	99.619099
1708.000000	99.618606
1707.000000	99.617850
1706.000000	99.617831
1705.000000	99.618507
1704.000000	99.618938
1703.000000	99.618564
1702.000000	99.617657
1701.000000	99.616728
1700.000000	99.615512
1699.000000	99.614390
1698.000000	99.613956
1697.000000	99.613428
1696.000000	99.612415
1695.000000	99.611465
1694.000000	99.611075
1693.000000	99.610899
1692.000000	99.610613
1691.000000	99.610602
1690.000000	99.611118
1689.000000	99.611768
1688.000000	99.612067
1687.000000	99.611586
1686.000000	99.610751
1685.000000	99.609878
1684.000000	99.608632
1683.000000	99.607408
1682.000000	99.606628
1681.000000	99.605936
1680.000000	99.605665
1679.000000	99.606022
1678.000000	99.606635
1677.000000	99.607232
1676.000000	99.607633
1675.000000	99.607185
1674.000000	99.605612
1673.000000	99.604302
1672.000000	99.603894
1671.000000	99.604142
1670.000000	99.603753
1669.000000	99.602220
1668.000000	99.601056
1667.000000	99.601086
1666.000000	99.601792
1665.000000	99.602796
1664.000000	99.604255
1663.000000	99.606377
1662.000000	99.607879
1661.000000	99.607902
1660.000000	99.606908
1659.000000	99.605614
1658.000000	99.604548
1657.000000	99.604102
1656.000000	99.603995
1655.000000	99.604417
1654.000000	99.607345
1653.000000	99.611978
1652.000000	99.614553
1651.000000	99.616443
1650.000000	99.618008
1649.000000	99.619053
1648.000000	99.619614
1647.000000	99.618720
1646.000000	99.616097
1645.000000	99.613815
1644.000000	99.613050
1643.000000	99.613150
1642.000000	99.612882
1641.000000	99.612207
1640.000000	99.611859
1639.000000	99.611880
1638.000000	99.611963
1637.000000	99.612031
1636.000000	99.612428
1635.000000	99.612652
1634.000000	99.613372
1633.000000	99.614876
1632.000000	99.616526
1631.000000	99.617635
1630.000000	99.617685
1629.000000	99.617119
1628.000000	99.617388
1627.000000	99.619194
1626.000000	99.621311
1625.000000	99.622669
1624.000000	99.623300
1623.000000	99.623581
1622.000000	99.623348
1621.000000	99.623025
1620.000000	99.623178
1619.000000	99.623629
1618.000000	99.623953
1617.000000	99.623827
1616.000000	99.623898
1615.000000	99.624382
1614.000000	99.624209
1613.000000	99.623146
1612.000000	99.622826
1611.000000	99.624525
1610.000000	99.627363
1609.000000	99.630270
1608.000000	99.633386
1607.000000	99.636454
1606.000000	99.637933
1605.000000	99.637686
1604.000000	99.637164
1603.000000	99.637111
1602.000000	99.636972
1601.000000	99.636550
1600.000000	99.636716
1599.000000	99.637691
1598.000000	99.638356
1597.000000	99.637906
1596.000000	99.637111
1595.000000	99.637383
1594.000000	99.638831
1593.000000	99.640341
1592.000000	99.641078
1591.000000	99.641064
1590.000000	99.640556
1589.000000	99.639774
1588.000000	99.638956
1587.000000	99.638304
1586.000000	99.637896
1585.000000	99.637819
1584.000000	99.638292
1583.000000	99.638510
1582.000000	99.637561
1581.000000	99.635792
1580.000000	99.634243
1579.000000	99.632869
1578.000000	99.631214
1577.000000	99.629738
1576.000000	99.629509
1575.000000	99.630495
1574.000000	99.631370
1573.000000	99.631371
1572.000000	99.630707
1571.000000	99.629931
1570.000000	99.629051
1569.000000	99.627824
1568.000000	99.626671
1567.000000	99.625617
1566.000000	99.624478
1565.000000	99.623376
1564.000000	99.622739
1563.000000	99.622360
1562.000000	99.621711
1561.000000	99.620804
1560.000000	99.620492
1559.000000	99.619823
1558.000000	99.617884
1557.000000	99.616872
1556.000000	99.616737
1555.000000	99.616571
1554.000000	99.615907
1553.000000	99.615098
1552.000000	99.614317
1551.000000	99.613394
1550.000000	99.612553
1549.000000	99.611935
1548.000000	99.611795
1547.000000	99.612234
1546.000000	99.613278
1545.000000	99.614451
1544.000000	99.614652
1543.000000	99.612892
1542.000000	99.609601
1541.000000	99.605809
1540.000000	99.602588
1539.000000	99.600660
1538.000000	99.599922
1537.000000	99.599384
1536.000000	99.598470
1535.000000	99.597716
1534.000000	99.597440
1533.000000	99.596808
1532.000000	99.594775
1531.000000	99.592135
1530.000000	99.590337
1529.000000	99.590025
1528.000000	99.591269
1527.000000	99.594134
1526.000000	99.598071
1525.000000	99.601605
1524.000000	99.603287
1523.000000	99.603116
1522.000000	99.602018
1521.000000	99.600020
1520.000000	99.596874
1519.000000	99.593238
1518.000000	99.590302
1517.000000	99.589161
1516.000000	99.589223
1515.000000	99.588901
1514.000000	99.587625
1513.000000	99.586292
1512.000000	99.585349
1511.000000	99.584691
1510.000000	99.584018
1509.000000	99.583438
1508.000000	99.583657
1507.000000	99.585566
1506.000000	99.588285
1505.000000	99.589949
1504.000000	99.590235
1503.000000	99.589389
1502.000000	99.588015
1501.000000	99.586819
1500.000000	99.585977
1499.000000	99.585193
1498.000000	99.584920
1497.000000	99.585654
1496.000000	99.586650
1495.000000	99.587335
1494.000000	99.587870
1493.000000	99.588372
1492.000000	99.588647
1491.000000	99.588626
1490.000000	99.588568
1489.000000	99.588772
1488.000000	99.589095
1487.000000	99.589408
1486.000000	99.589511
1485.000000	99.589242
1484.000000	99.588960
1483.000000	99.588971
1482.000000	99.589344
1481.000000	99.589771
1480.000000	99.589953
1479.000000	99.589956
1478.000000	99.590061
1477.000000	99.590377
1476.000000	99.590711
1475.000000	99.590949
1474.000000	99.591140
1473.000000	99.591386
1472.000000	99.591532
1471.000000	99.591461
1470.000000	99.591272
1469.000000	99.591100
1468.000000	99.591027
1467.000000	99.591124
1466.000000	99.591399
1465.000000	99.591778
1464.000000	99.592096
1463.000000	99.592228
1462.000000	99.592256
1461.000000	99.592317
1460.000000	99.592532
1459.000000	99.592936
1458.000000	99.593454
1457.000000	99.593675
1456.000000	99.593265
1455.000000	99.592468
1454.000000	99.591673
1453.000000	99.591076
1452.000000	99.590711
1451.000000	99.590548
1450.000000	99.590579
1449.000000	99.590778
1448.000000	99.590945
1447.000000	99.590883
1446.000000	99.590584
1445.000000	99.590357
1444.000000	99.590314
1443.000000	99.590256
1442.000000	99.590031
1441.000000	99.589732
1440.000000	99.589518
1439.000000	99.589460
1438.000000	99.589855
1437.000000	99.590890
1436.000000	99.591962
1435.000000	99.592200
1434.000000	99.591691
1433.000000	99.591068
1432.000000	99.590825
1431.000000	99.590872
1430.000000	99.590911
1429.000000	99.590936
1428.000000	99.591085
1427.000000	99.591378
1426.000000	99.591580
1425.000000	99.591891
1424.000000	99.592392
1423.000000	99.592537
1422.000000	99.592147
1421.000000	99.591938
1420.000000	99.592570
1419.000000	99.593182
1418.000000	99.593018
1417.000000	99.592944
1416.000000	99.593605
1415.000000	99.594664
1414.000000	99.595640
1413.000000	99.596643
1412.000000	99.597889
1411.000000	99.599143
1410.000000	99.600268
1409.000000	99.601472
1408.000000	99.602849
1407.000000	99.604538
1406.000000	99.606586
1405.000000	99.609171
1404.000000	99.611709
1403.000000	99.613014
1402.000000	99.613045
1401.000000	99.613104
1400.000000	99.614483
1399.000000	99.616811
1398.000000	99.618676
1397.000000	99.619641
1396.000000	99.620458
1395.000000	99.621579
1394.000000	99.622391
1393.000000	99.622604
1392.000000	99.622587
1391.000000	99.622819
1390.000000	99.623544
1389.000000	99.624759
1388.000000	99.626125
1387.000000	99.627186
1386.000000	99.627851
1385.000000	99.628604
1384.000000	99.629840
1383.000000	99.631374
1382.000000	99.632831
1381.000000	99.634064
1380.000000	99.635214
1379.000000	99.636216
1378.000000	99.636737
1377.000000	99.636708
1376.000000	99.636593
1375.000000	99.636919
1374.000000	99.637717
1373.000000	99.638734
1372.000000	99.639862
1371.000000	99.641195
1370.000000	99.642610
1369.000000	99.643762
1368.000000	99.644314
1367.000000	99.644183
1366.000000	99.643629
1365.000000	99.643164
1364.000000	99.643272
1363.000000	99.644063
1362.000000	99.645053
1361.000000	99.645623
1360.000000	99.645779
1359.000000	99.646037
1358.000000	99.646733
1357.000000	99.647710
1356.000000	99.648539
1355.000000	99.648911
1354.000000	99.648826
1353.000000	99.648488
1352.000000	99.648071
1351.000000	99.647706
1350.000000	99.647329
1349.000000	99.646966
1348.000000	99.646762
1347.000000	99.646802
1346.000000	99.646913
1345.000000	99.646811
1344.000000	99.646425
1343.000000	99.646073
1342.000000	99.646212
1341.000000	99.647020
1340.000000	99.648151
1339.000000	99.648922
1338.000000	99.649003
1337.000000	99.648638
1336.000000	99.648206
1335.000000	99.647785
1334.000000	99.647339
1333.000000	99.647061
1332.000000	99.647198
1331.000000	99.647606
1330.000000	99.647802
1329.000000	99.647603
1328.000000	99.647344
1327.000000	99.647369
1326.000000	99.647536
1325.000000	99.647583
1324.000000	99.647613
1323.000000	99.647972
1322.000000	99.648763
1321.000000	99.649575
1320.000000	99.649699
1319.000000	99.648666
1318.000000	99.646749
1317.000000	99.644895
1316.000000	99.643904
1315.000000	99.643840
1314.000000	99.644300
1313.000000	99.644962
1312.000000	99.645627
1311.000000	99.645983
1310.000000	99.645836
1309.000000	99.645604
1308.000000	99.646042
1307.000000	99.647293
1306.000000	99.648408
1305.000000	99.648411
1304.000000	99.647423
1303.000000	99.646515
1302.000000	99.646556
1301.000000	99.647476
1300.000000	99.648574
1299.000000	99.649321
1298.000000	99.649803
1297.000000	99.650337
1296.000000	99.650764
1295.000000	99.650346
1294.000000	99.648613
1293.000000	99.646116
1292.000000	99.643983
1291.000000	99.642842
1290.000000	99.642477
1289.000000	99.642452
1288.000000	99.642739
1287.000000	99.643593
1286.000000	99.644931
1285.000000	99.646001
1284.000000	99.645793
1283.000000	99.643903
1282.000000	99.641122
1281.000000	99.638967
1280.000000	99.638523
1279.000000	99.639654
1278.000000	99.641222
1277.000000	99.641949
1276.000000	99.641326
1275.000000	99.640066
1274.000000	99.639702
1273.000000	99.641204
1272.000000	99.643823
1271.000000	99.645872
1270.000000	99.646919
1269.000000	99.648308
1268.000000	99.650854
1267.000000	99.652977
1266.000000	99.652386
1265.000000	99.649031
1264.000000	99.645271
1263.000000	99.643335
1262.000000	99.643588
1261.000000	99.644938
1260.000000	99.646009
1259.000000	99.646064
1258.000000	99.645752
1257.000000	99.646357
1256.000000	99.647383
1255.000000	99.645780
1254.000000	99.639248
1253.000000	99.629923
1252.000000	99.623107
1251.000000	99.622068
1250.000000	99.625519
1249.000000	99.630145
1248.000000	99.633937
1247.000000	99.636414
1246.000000	99.637166
1245.000000	99.635215
1244.000000	99.629553
1243.000000	99.620336
1242.000000	99.609988
1241.000000	99.602327
1240.000000	99.599273
1239.000000	99.598828
1238.000000	99.597665
1237.000000	99.595372
1236.000000	99.594305
1235.000000	99.595457
1234.000000	99.596786
1233.000000	99.596078
1232.000000	99.593288
1231.000000	99.589279
1230.000000	99.584322
1229.000000	99.578863
1228.000000	99.573854
1227.000000	99.568897
1226.000000	99.561562
1225.000000	99.550319
1224.000000	99.537145
1223.000000	99.525616
1222.000000	99.516921
1221.000000	99.509270
1220.000000	99.500692
1219.000000	99.490742
1218.000000	99.479690
1217.000000	99.467536
1216.000000	99.454088
1215.000000	99.439012
1214.000000	99.421629
1213.000000	99.401558
1212.000000	99.379834
1211.000000	99.358691
1210.000000	99.339684
1209.000000	99.322468
1208.000000	99.305939
1207.000000	99.290363
1206.000000	99.277775
1205.000000	99.269811
1204.000000	99.265118
1203.000000	99.259378
1202.000000	99.248476
1201.000000	99.231314
1200.000000	99.209083
1199.000000	99.182934
1198.000000	99.154024
1197.000000	99.125442
1196.000000	99.101576
1195.000000	99.084462
1194.000000	99.072040
1193.000000	99.060925
1192.000000	99.049457
1191.000000	99.037009
1190.000000	99.022186
1189.000000	99.003784
1188.000000	98.982693
1187.000000	98.961268
1186.000000	98.941395
1185.000000	98.924099
1184.000000	98.909506
1183.000000	98.895311
1182.000000	98.876955
1181.000000	98.852175
1180.000000	98.824599
1179.000000	98.800031
1178.000000	98.779581
1177.000000	98.759541
1176.000000	98.737658
1175.000000	98.715678
1174.000000	98.694837
1173.000000	98.672717
1172.000000	98.646839
1171.000000	98.618718
1170.000000	98.591742
1169.000000	98.566712
1168.000000	98.541995
1167.000000	98.517232
1166.000000	98.494772
1165.000000	98.477604
1164.000000	98.467190
1163.000000	98.463176
1162.000000	98.464205
1161.000000	98.468891
1160.000000	98.476047
1159.000000	98.483912
1158.000000	98.490051
1157.000000	98.492792
1156.000000	98.491904
1155.000000	98.487042
1154.000000	98.476959
1153.000000	98.461965
1152.000000	98.445841
1151.000000	98.432444
1150.000000	98.420613
1149.000000	98.405326
1148.000000	98.384128
1147.000000	98.359608
1146.000000	98.334997
1145.000000	98.310187
1144.000000	98.283938
1143.000000	98.257766
1142.000000	98.235150
1141.000000	98.217606
1140.000000	98.203152
1139.000000	98.188274
1138.000000	98.170545
1137.000000	98.149875
1136.000000	98.128009
1135.000000	98.106861
1134.000000	98.087154
1133.000000	98.068518
1132.000000	98.050028
1131.000000	98.030119
1130.000000	98.007433
1129.000000	97.983109
1128.000000	97.960708
1127.000000	97.941829
1126.000000	97.923236
1125.000000	97.901034
1124.000000	97.876371
1123.000000	97.853512
1122.000000	97.832808
1121.000000	97.809721
1120.000000	97.781549
1119.000000	97.751230
1118.000000	97.722872
1117.000000	97.696732
1116.000000	97.671126
1115.000000	97.646757
1114.000000	97.626163
1113.000000	97.609946
1112.000000	97.595783
1111.000000	97.580512
1110.000000	97.561768
1109.000000	97.538412
1108.000000	97.510906
1107.000000	97.481403
1106.000000	97.452583
1105.000000	97.426481
1104.000000	97.404320
1103.000000	97.386106
1102.000000	97.369982
1101.000000	97.353137
1100.000000	97.333566
1099.000000	97.310537
1098.000000	97.283845
1097.000000	97.254793
1096.000000	97.227316
1095.000000	97.205408
1094.000000	97.188787
1093.000000	97.173125
1092.000000	97.154942
1091.000000	97.134419
1090.000000	97.113599
1089.000000	97.094668
1088.000000	97.080445
1087.000000	97.073440
1086.000000	97.072603
1085.000000	97.072700
1084.000000	97.068376
1083.000000	97.058193
1082.000000	97.044598
1081.000000	97.030932
1080.000000	97.018319
1079.000000	97.004689
1078.000000	96.987481
1077.000000	96.968103
1076.000000	96.951778
1075.000000	96.940863
1074.000000	96.930641
1073.000000	96.914885
1072.000000	96.893426
1071.000000	96.870188
1070.000000	96.844948
1069.000000	96.811888
1068.000000	96.767033
1067.000000	96.713701
1066.000000	96.659972
1065.000000	96.612805
1064.000000	96.574105
1063.000000	96.539207
1062.000000	96.499211
1061.000000	96.448627
1060.000000	96.391491
1059.000000	96.337382
1058.000000	96.291379
1057.000000	96.250966
1056.000000	96.212065
1055.000000	96.173615
1054.000000	96.135977
1053.000000	96.099263
1052.000000	96.064413
1051.000000	96.032094
1050.000000	95.999441
1049.000000	95.961630
1048.000000	95.917395
1047.000000	95.869322
1046.000000	95.818914
1045.000000	95.765310
1044.000000	95.708895
1043.000000	95.652825
1042.000000	95.601116
1041.000000	95.557473
1040.000000	95.523645
1039.000000	95.494728
1038.000000	95.459002
1037.000000	95.409399
1036.000000	95.354035
1035.000000	95.308147
1034.000000	95.276237
1033.000000	95.249631
1032.000000	95.221409
1031.000000	95.195127
1030.000000	95.176181
1029.000000	95.163162
1028.000000	95.152314
1027.000000	95.143650
1026.000000	95.137286
1025.000000	95.128863
1024.000000	95.114313
1023.000000	95.096194
1022.000000	95.080713
1021.000000	95.070224
1020.000000	95.061703
1019.000000	95.050834
1018.000000	95.035322
1017.000000	95.015957
1016.000000	94.996414
1015.000000	94.980703
1014.000000	94.969610
1013.000000	94.960568
1012.000000	94.950602
1011.000000	94.937769
1010.000000	94.921266
1009.000000	94.903244
1008.000000	94.889187
1007.000000	94.882552
1006.000000	94.879851
1005.000000	94.875110
1004.000000	94.868387
1003.000000	94.865121
1002.000000	94.867814
1001.000000	94.873688
1000.000000	94.880398
999.000000	94.888440
998.000000	94.897090
997.000000	94.903241
996.000000	94.905773
995.000000	94.906818
994.000000	94.907723
993.000000	94.907889
992.000000	94.908385
991.000000	94.912482
990.000000	94.921926
989.000000	94.936565
988.000000	94.957532
987.000000	94.985958
986.000000	95.017692
985.000000	95.044277
984.000000	95.061616
983.000000	95.075003
982.000000	95.094484
981.000000	95.127228
980.000000	95.173465
979.000000	95.226176
978.000000	95.275473
977.000000	95.317390
976.000000	95.357861
975.000000	95.404798
974.000000	95.458065
973.000000	95.511472
972.000000	95.562667
971.000000	95.615054
970.000000	95.670551
969.000000	95.727014
968.000000	95.783820
967.000000	95.844148
966.000000	95.909467
965.000000	95.975773
964.000000	96.037038
963.000000	96.089518
962.000000	96.132671
961.000000	96.170095
960.000000	96.210232
959.000000	96.261367
958.000000	96.323226
957.000000	96.386191
956.000000	96.440548
955.000000	96.484466
954.000000	96.522730
953.000000	96.560731
952.000000	96.600749
951.000000	96.641452
950.000000	96.679285
949.000000	96.711550
948.000000	96.738681
947.000000	96.762861
946.000000	96.785582
945.000000	96.808510
944.000000	96.834823
943.000000	96.865581
942.000000	96.895131
941.000000	96.914873
940.000000	96.923052
939.000000	96.927900
938.000000	96.939688
937.000000	96.961413
936.000000	96.988216
935.000000	97.013179
934.000000	97.032247
933.000000	97.045822
932.000000	97.057665
931.000000	97.071505
930.000000	97.087618
929.000000	97.103287
928.000000	97.116927
927.000000	97.130959
926.000000	97.150148
925.000000	97.176939
924.000000	97.207735
923.000000	97.233930
922.000000	97.248936
921.000000	97.255325
920.000000	97.262788
919.000000	97.277580
918.000000	97.296431
917.000000	97.312672
916.000000	97.325095
915.000000	97.337309
914.000000	97.351403
913.000000	97.367267
912.000000	97.386437
911.000000	97.411471
910.000000	97.441881
909.000000	97.474742
908.000000	97.509250
907.000000	97.547098
906.000000	97.588661
905.000000	97.632483
904.000000	97.678133
903.000000	97.725763
902.000000	97.773275
901.000000	97.818090
900.000000	97.861790
899.000000	97.908759
898.000000	97.959151
897.000000	98.007041
896.000000	98.047327
895.000000	98.082020
894.000000	98.118011
893.000000	98.159715
892.000000	98.204948
891.000000	98.247366
890.000000	98.282545
889.000000	98.311890
888.000000	98.340380
887.000000	98.370956
886.000000	98.402912
885.000000	98.435792
884.000000	98.471224
883.000000	98.508830
882.000000	98.543968
881.000000	98.573638
880.000000	98.602348
879.000000	98.637256
878.000000	98.677830
877.000000	98.714818
876.000000	98.740490
875.000000	98.757273
874.000000	98.776161
873.000000	98.807946
872.000000	98.854596
871.000000	98.906565
870.000000	98.949829
869.000000	98.978370
868.000000	98.998868
867.000000	99.021851
866.000000	99.050610
865.000000	99.081738
864.000000	99.113350
863.000000	99.147198
862.000000	99.183144
861.000000	99.216333
860.000000	99.241294
859.000000	99.256585
858.000000	99.265584
857.000000	99.275245
856.000000	99.293165
855.000000	99.321685
854.000000	99.353729
853.000000	99.377829
852.000000	99.388855
851.000000	99.392128
850.000000	99.396798
849.000000	99.407199
848.000000	99.421146
847.000000	99.434298
846.000000	99.444600
845.000000	99.453185
844.000000	99.461440
843.000000	99.467018
842.000000	99.464262
841.000000	99.450542
840.000000	99.431042
839.000000	99.414528
838.000000	99.404167
837.000000	99.394738
836.000000	99.379361
835.000000	99.356974
834.000000	99.332768
833.000000	99.312790
832.000000	99.298841
831.000000	99.288183
830.000000	99.278024
829.000000	99.269110
828.000000	99.262180
827.000000	99.251780
826.000000	99.230788
825.000000	99.205176
824.000000	99.196330
823.000000	99.219203
822.000000	99.262468
821.000000	99.299894
820.000000	99.317268
819.000000	99.318609
818.000000	99.311174
817.000000	99.296216
816.000000	99.275086
815.000000	99.254436
814.000000	99.239898
813.000000	99.228523
812.000000	99.210561
811.000000	99.175888
810.000000	99.118479
809.000000	99.039899
808.000000	98.950081
807.000000	98.859452
806.000000	98.767722
805.000000	98.665462
804.000000	98.549144
803.000000	98.429155
802.000000	98.320077
801.000000	98.229249
800.000000	98.158660
799.000000	98.110180
798.000000	98.082223
797.000000	98.067332
796.000000	98.061063
795.000000	98.069665
794.000000	98.101257
793.000000	98.150965
792.000000	98.200965
791.000000	98.235528
790.000000	98.252336
789.000000	98.259279
788.000000	98.264076
787.000000	98.267480
786.000000	98.263234
785.000000	98.243588
784.000000	98.206554
783.000000	98.158347
782.000000	98.108589
781.000000	98.064577
780.000000	98.031252
779.000000	98.013875
778.000000	98.016872
777.000000	98.039828
776.000000	98.076776
775.000000	98.120003
774.000000	98.164113
773.000000	98.207113
772.000000	98.248566
771.000000	98.287351
770.000000	98.322149
769.000000	98.354039
768.000000	98.386225
767.000000	98.419078
766.000000	98.447045
765.000000	98.463707
764.000000	98.469455
763.000000	98.471228
762.000000	98.474837
761.000000	98.480781
760.000000	98.488059
759.000000	98.498233
758.000000	98.513691
757.000000	98.534358
756.000000	98.557961
755.000000	98.581714
754.000000	98.602615
753.000000	98.618268
752.000000	98.629246
751.000000	98.639400
750.000000	98.652202
749.000000	98.667606
748.000000	98.683916
747.000000	98.702313
746.000000	98.727969
745.000000	98.765258
744.000000	98.811294
743.000000	98.855315
742.000000	98.887434
741.000000	98.908873
740.000000	98.931013
739.000000	98.963031
738.000000	99.002812
737.000000	99.041744
736.000000	99.074999
735.000000	99.102983
734.000000	99.125352
733.000000	99.139409
732.000000	99.144437
731.000000	99.143210
730.000000	99.138791
729.000000	99.133780
728.000000	99.132813
727.000000	99.140804
726.000000	99.157045
725.000000	99.174845
724.000000	99.189135
723.000000	99.201474
722.000000	99.216315
721.000000	99.235634
720.000000	99.258885
719.000000	99.284673
718.000000	99.309568
717.000000	99.327945
716.000000	99.336558
715.000000	99.338942
714.000000	99.343363
713.000000	99.355969
712.000000	99.376124
711.000000	99.397195
710.000000	99.411268
709.000000	99.414852
708.000000	99.410994
707.000000	99.405039
706.000000	99.398887
705.000000	99.390616
704.000000	99.378872
703.000000	99.364687
702.000000	99.348409
701.000000	99.327566
700.000000	99.298941
699.000000	99.260849
698.000000	99.213622
697.000000	99.161548
696.000000	99.115463
695.000000	99.089307
694.000000	99.090549
693.000000	99.114884
692.000000	99.151287
691.000000	99.190922
690.000000	99.230088
689.000000	99.265946
688.000000	99.292581
687.000000	99.303635
686.000000	99.299661
685.000000	99.292302
684.000000	99.298541
683.000000	99.327476
682.000000	99.371934
681.000000	99.413712
680.000000	99.438252
679.000000	99.443288
678.000000	99.435360
677.000000	99.423047
676.000000	99.413936
675.000000	99.412097
674.000000	99.415499
673.000000	99.418986
672.000000	99.422202
671.000000	99.432100
670.000000	99.455878
669.000000	99.491808
668.000000	99.525437
667.000000	99.539332
666.000000	99.531818
665.000000	99.515947
664.000000	99.502030
663.000000	99.493446
662.000000	99.490846
661.000000	99.493627
660.000000	99.499372
659.000000	99.503919
658.000000	99.503157
657.000000	99.496650
656.000000	99.489590
655.000000	99.489077
654.000000	99.496776
653.000000	99.506437
652.000000	99.510884
651.000000	99.510209
650.000000	99.510918
