4000.000000	101.279858
3999.000000	101.279435
3998.000000	101.278799
3997.000000	101.278023
3996.000000	101.277430
3995.000000	101.277169
3994.000000	101.276985
3993.000000	101.276368
3992.000000	101.274951
3991.000000	101.272794
3990.000000	101.270377
3989.000000	101.268339
3988.000000	101.267121
3987.000000	101.266786
3986.000000	101.267049
3985.000000	101.267424
3984.000000	101.267541
3983.000000	101.267420
3982.000000	101.267338
3981.000000	101.267423
3980.000000	101.267428
3979.000000	101.266960
3978.000000	101.265943
3977.000000	101.264811
3976.000000	101.264180
3975.000000	101.264275
3974.000000	101.264704
3973.000000	101.264795
3972.000000	101.264255
3971.000000	101.263373
3970.000000	101.262637
3969.000000	101.262194
3968.000000	101.261789
3967.000000	101.261230
3966.000000	101.260703
3965.000000	101.260572
3964.000000	101.260967
3963.000000	101.261686
3962.000000	101.262433
3961.000000	101.263088
3960.000000	101.263685
3959.000000	101.264246
3958.000000	101.264636
3957.000000	101.264628
3956.000000	101.264106
3955.000000	101.263313
3954.000000	101.262811
3953.000000	101.263075
3952.000000	101.264147
3951.000000	101.265565
3950.000000	101.266716
3949.000000	101.267319
3948.000000	101.267502
3947.000000	101.267427
3946.000000	101.267014
3945.000000	101.266202
3944.000000	101.265323
3943.000000	101.264999
3942.000000	101.265514
3941.000000	101.266418
3940.000000	101.266973
3939.000000	101.267033
3938.000000	101.267102
3937.000000	101.267587
3936.000000	101.268244
3935.000000	101.268610
3934.000000	101.268663
3933.000000	101.268631
3932.000000	101.268322
3931.000000	101.267168
3930.000000	101.265199
3929.000000	101.263413
3928.000000	101.262886
3927.000000	101.263802
3926.000000	101.265434
3925.000000	101.266859
3924.000000	101.267664
3923.000000	101.267985
3922.000000	101.268391
3921.000000	101.269566
3920.000000	101.271605
3919.000000	101.273594
3918.000000	101.274275
3917.000000	101.273227
3916.000000	101.271104
3915.000000	101.268823
3914.000000	101.266885
3913.000000	101.265473
3912.000000	101.264621
3911.000000	101.264351
3910.000000	101.264679
3909.000000	101.265622
3908.000000	101.266864
3907.000000	101.267772
3906.000000	101.267765
3905.000000	101.266899
3904.000000	101.265901
3903.000000	101.265266
3902.000000	101.264717
3901.000000	101.264011
3900.000000	101.263644
3899.000000	101.264293
3898.000000	101.265907
3897.000000	101.267816
3896.000000	101.269540
3895.000000	101.270949
3894.000000	101.271751
3893.000000	101.271629
3892.000000	101.270887
3891.000000	101.270589
3890.000000	101.271037
3889.000000	101.271326
3888.000000	101.270694
3887.000000	101.269460
3886.000000	101.268714
3885.000000	101.269084
3884.000000	101.269953
3883.000000	101.270383
3882.000000	101.270393
3881.000000	101.270729
3880.000000	101.271837
3879.000000	101.273321
3878.000000	101.274288
3877.000000	101.274379
3876.000000	101.274003
3875.000000	101.273964
3874.000000	101.274824
3873.000000	101.276367
3872.000000	101.277700
3871.000000	101.278349
3870.000000	101.278958
3869.000000	101.280127
3868.000000	101.280996
3867.000000	101.280655
3866.000000	101.279586
3865.000000	101.278830
3864.000000	101.278554
3863.000000	101.278218
3862.000000	101.277767
3861.000000	101.277706
3860.000000	101.278097
3859.000000	101.278521
3858.000000	101.278672
3857.000000	101.278707
3856.000000	101.278811
3855.000000	101.278701
3854.000000	101.278235
3853.000000	101.278139
3852.000000	101.278359
3851.000000	101.277829
3850.000000	101.276768
3849.000000	101.276219
3848.000000	101.276572
3847.000000	101.277361
3846.000000	101.277921
3845.000000	101.278093
3844.000000	101.278193
3843.000000	101.278576
3842.000000	101.279292
3841.000000	101.280084
3840.000000	101.280510
3839.000000	101.280231
3838.000000	101.279193
3837.000000	101.277729
3836.000000	101.276273
3835.000000	101.275028
3834.000000	101.274078
3833.000000	101.273523
3832.000000	101.273488
3831.000000	101.273887
3830.000000	101.274304
3829.000000	101.274372
3828.000000	101.274088
3827.000000	101.273725
3826.000000	101.273516
3825.000000	101.273445
3824.000000	101.273357
3823.000000	101.273149
3822.000000	101.272848
3821.000000	101.272611
3820.000000	101.272494
3819.000000	101.272345
3818.000000	101.272063
3817.000000	101.271707
3816.000000	101.271406
3815.000000	101.271194
3814.000000	101.270964
3813.000000	101.270648
3812.000000	101.270323
3811.000000	101.270069
3810.000000	101.269847
3809.000000	101.269561
3808.000000	101.269210
3807.000000	101.268904
3806.000000	101.268687
3805.000000	101.268388
3804.000000	101.267863
3803.000000	101.267125
3802.000000	101.266334
3801.000000	101.265699
3800.000000	101.265212
3799.000000	101.264690
3798.000000	101.264122
3797.000000	101.263701
3796.000000	101.263544
3795.000000	101.263558
3794.000000	101.263502
3793.000000	101.263198
3792.000000	101.262689
3791.000000	101.262146
3790.000000	101.261709
3789.000000	101.261567
3788.000000	101.261918
3787.000000	101.262659
3786.000000	101.263289
3785.000000	101.263529
3784.000000	101.263588
3783.000000	101.263622
3782.000000	101.263347
3781.000000	101.262493
3780.000000	101.261300
3779.000000	101.260381
3778.000000	101.259843
3777.000000	101.259181
3776.000000	101.258399
3775.000000	101.258537
3774.000000	101.260418
3773.000000	101.263507
3772.000000	101.266285
3771.000000	101.267713
3770.000000	101.267940
3769.000000	101.267501
3768.000000	101.266230
3767.000000	101.264226
3766.000000	101.262604
3765.000000	101.262317
3764.000000	101.262730
3763.000000	101.262386
3762.000000	101.261347
3761.000000	101.261422
3760.000000	101.263587
3759.000000	101.266588
3758.000000	101.268712
3757.000000	101.270172
3756.000000	101.272324
3755.000000	101.275967
3754.000000	101.280797
3753.000000	101.285200
3752.000000	101.286433
3751.000000	101.283313
3750.000000	101.278886
3749.000000	101.276449
3748.000000	101.274764
3747.000000	101.270895
3746.000000	101.264471
3745.000000	101.259444
3744.000000	101.260586
3743.000000	101.265630
3742.000000	101.268266
3741.000000	101.268273
3740.000000	101.269530
3739.000000	101.273641
3738.000000	101.277889
3737.000000	101.278804
3736.000000	101.275559
3735.000000	101.269348
3734.000000	101.261642
3733.000000	101.254083
3732.000000	101.248698
3731.000000	101.245732
3730.000000	101.243143
3729.000000	101.239709
3728.000000	101.236790
3727.000000	101.236381
3726.000000	101.238095
3725.000000	101.239026
3724.000000	101.237453
3723.000000	101.234682
3722.000000	101.232789
3721.000000	101.231663
3720.000000	101.229566
3719.000000	101.225833
3718.000000	101.221410
3717.000000	101.217738
3716.000000	101.215463
3715.000000	101.214691
3714.000000	101.215257
3713.000000	101.215469
3712.000000	101.212615
3711.000000	101.206019
3710.000000	101.197531
3709.000000	101.189374
3708.000000	101.182529
3707.000000	101.177221
3706.000000	101.172993
3705.000000	101.168441
3704.000000	101.162132
3703.000000	101.154016
3702.000000	101.146577
3701.000000	101.142717
3700.000000	101.141862
3699.000000	101.140952
3698.000000	101.138969
3697.000000	101.137795
3696.000000	101.138687
3695.000000	101.140054
3694.000000	101.140443
3693.000000	101.141237
3692.000000	101.143491
3691.000000	101.143450
3690.000000	101.134824
3689.000000	101.117881
3688.000000	101.100334
3687.000000	101.086561
3686.000000	101.075057
3685.000000	101.065063
3684.000000	101.057973
3683.000000	101.053594
3682.000000	101.048835
3681.000000	101.041441
3680.000000	101.032913
3679.000000	101.025481
3678.000000	101.018794
3677.000000	101.010469
3676.000000	101.000961
3675.000000	100.994132
3674.000000	100.986987
3673.000000	100.971428
3672.000000	100.947896
3671.000000	100.923626
3670.000000	100.905154
3669.000000	100.893679
3668.000000	100.884718
3667.000000	100.874252
3666.000000	100.861507
3665.000000	100.846214
3664.000000	100.827934
3663.000000	100.807914
3662.000000	100.789073
3661.000000	100.773843
3660.000000	100.762277
3659.000000	100.753078
3658.000000	100.746259
3657.000000	100.743091
3656.000000	100.743340
3655.000000	100.741581
3654.000000	100.731567
3653.000000	100.714331
3652.000000	100.698131
3651.000000	100.687913
3650.000000	100.677577
3649.000000	100.658278
3648.000000	100.633090
3647.000000	100.612861
3646.000000	100.601286
3645.000000	100.593680
3644.000000	100.584741
3643.000000	100.573486
3642.000000	100.560967
3641.000000	100.547402
3640.000000	100.531871
3639.000000	100.515009
3638.000000	100.499548
3637.000000	100.487730
3636.000000	100.480420
3635.000000	100.477635
3634.000000	100.477627
3633.000000	100.474696
3632.000000	100.462479
3631.000000	100.441141
3630.000000	100.419663
3629.000000	100.409454
3628.000000	100.411770
3627.000000	100.414463
3626.000000	100.409771
3625.000000	100.403148
3624.000000	100.401459
3623.000000	100.404446
3622.000000	100.408215
3621.000000	100.411483
3620.000000	100.416320
3619.000000	100.423911
3618.000000	100.431599
3617.000000	100.435048
3616.000000	100.434045
3615.000000	100.433518
3614.000000	100.439532
3613.000000	100.454080
3612.000000	100.473337
3611.000000	100.490949
3610.000000	100.502903
3609.000000	100.508906
3608.000000	100.511186
3607.000000	100.512821
3606.000000	100.515778
3605.000000	100.520269
3604.000000	100.525374
3603.000000	100.530123
3602.000000	100.535474
3601.000000	100.543653
3600.000000	100.555427
3599.000000	100.568328
3598.000000	100.578896
3597.000000	100.584752
3596.000000	100.584669
3595.000000	100.578451
3594.000000	100.569288
3593.000000	100.562261
3592.000000	100.559995
3591.000000	100.561211
3590.000000	100.562811
3589.000000	100.562810
3588.000000	100.561657
3587.000000	100.561743
3586.000000	100.564132
3585.000000	100.567439
3584.000000	100.570020
3583.000000	100.570921
3582.000000	100.569456
3581.000000	100.565978
3580.000000	100.562486
3579.000000	100.560483
3578.000000	100.558861
3577.000000	100.554881
3576.000000	100.547773
3575.000000	100.540261
3574.000000	100.535954
3573.000000	100.535654
3572.000000	100.536560
3571.000000	100.535438
3570.000000	100.531742
3569.000000	100.527730
3568.000000	100.525493
3567.000000	100.524955
3566.000000	100.524540
3565.000000	100.522689
3564.000000	100.518896
3563.000000	100.513639
3562.000000	100.507607
3561.000000	100.501609
3560.000000	100.496893
3559.000000	100.494992
3558.000000	100.496544
3557.000000	100.500331
3556.000000	100.503428
3555.000000	100.502925
3554.000000	100.497920
3553.000000	100.490400
3552.000000	100.483744
3551.000000	100.479967
3550.000000	100.478743
3549.000000	100.478751
3548.000000	100.478786
3547.000000	100.477941
3546.000000	100.475739
3545.000000	100.472724
3544.000000	100.470150
3543.000000	100.468940
3542.000000	100.469220
3541.000000	100.470722
3540.000000	100.473047
3539.000000	100.475638
3538.000000	100.477805
3537.000000	100.479139
3536.000000	100.479792
3535.000000	100.480158
3534.000000	100.480507
3533.000000	100.480678
3532.000000	100.480213
3531.000000	100.478746
3530.000000	100.476666
3529.000000	100.475165
3528.000000	100.475291
3527.000000	100.476879
3526.000000	100.478652
3525.000000	100.479321
3524.000000	100.478354
3523.000000	100.475931
3522.000000	100.472723
3521.000000	100.469831
3520.000000	100.468471
3519.000000	100.469270
3518.000000	100.471813
3517.000000	100.474793
3516.000000	100.476874
3515.000000	100.477552
3514.000000	100.477318
3513.000000	100.477060
3512.000000	100.477301
3511.000000	100.477840
3510.000000	100.478138
3509.000000	100.477839
3508.000000	100.476902
3507.000000	100.475488
3506.000000	100.473958
3505.000000	100.472810
3504.000000	100.472270
3503.000000	100.472004
3502.000000	100.471560
3501.000000	100.471092
3500.000000	100.471292
3499.000000	100.472535
3498.000000	100.474302
3497.000000	100.475445
3496.000000	100.475247
3495.000000	100.473939
3494.000000	100.472349
3493.000000	100.471099
3492.000000	100.470249
3491.000000	100.469584
3490.000000	100.468893
3489.000000	100.468005
3488.000000	100.466768
3487.000000	100.465149
3486.000000	100.463381
3485.000000	100.461920
3484.000000	100.461127
3483.000000	100.460915
3482.000000	100.460723
3481.000000	100.459956
3480.000000	100.458504
3479.000000	100.456777
3478.000000	100.455286
3477.000000	100.454185
3476.000000	100.453199
3475.000000	100.451889
3474.000000	100.450001
3473.000000	100.447664
3472.000000	100.445360
3471.000000	100.443540
3470.000000	100.442183
3469.000000	100.440792
3468.000000	100.438884
3467.000000	100.436504
3466.000000	100.434183
3465.000000	100.432414
3464.000000	100.431258
3463.000000	100.430450
3462.000000	100.429713
3461.000000	100.428875
3460.000000	100.427753
3459.000000	100.426125
3458.000000	100.423899
3457.000000	100.421242
3456.000000	100.418482
3455.000000	100.415885
3454.000000	100.413599
3453.000000	100.411716
3452.000000	100.410203
3451.000000	100.408763
3450.000000	100.406948
3449.000000	100.404575
3448.000000	100.401987
3447.000000	100.399747
3446.000000	100.398075
3445.000000	100.396720
3444.000000	100.395347
3443.000000	100.393865
3442.000000	100.392370
3441.000000	100.390994
3440.000000	100.389890
3439.000000	100.389060
3438.000000	100.388021
3437.000000	100.385854
3436.000000	100.381925
3435.000000	100.376633
3434.000000	100.371516
3433.000000	100.368189
3432.000000	100.367265
3431.000000	100.368214
3430.000000	100.369963
3429.000000	100.371657
3428.000000	100.372791
3427.000000	100.372931
3426.000000	100.371750
3425.000000	100.369457
3424.000000	100.366948
3423.000000	100.365214
3422.000000	100.364487
3421.000000	100.364092
3420.000000	100.363146
3419.000000	100.361409
3418.000000	100.359403
3417.000000	100.357815
3416.000000	100.356867
3415.000000	100.356296
3414.000000	100.355795
3413.000000	100.355358
3412.000000	100.355144
3411.000000	100.355142
3410.000000	100.355056
3409.000000	100.354477
3408.000000	100.353123
3407.000000	100.351144
3406.000000	100.349326
3405.000000	100.348781
3404.000000	100.350085
3403.000000	100.352649
3402.000000	100.355025
3401.000000	100.356081
3400.000000	100.355915
3399.000000	100.355689
3398.000000	100.356614
3397.000000	100.358847
3396.000000	100.361302
3395.000000	100.362714
3394.000000	100.362941
3393.000000	100.362990
3392.000000	100.363608
3391.000000	100.364281
3390.000000	100.364075
3389.000000	100.363130
3388.000000	100.362705
3387.000000	100.363799
3386.000000	100.366239
3385.000000	100.369105
3384.000000	100.371723
3383.000000	100.373948
3382.000000	100.375708
3381.000000	100.376792
3380.000000	100.377159
3379.000000	100.377078
3378.000000	100.376847
3377.000000	100.376589
3376.000000	100.376487
3375.000000	100.376951
3374.000000	100.378291
3373.000000	100.380308
3372.000000	100.382398
3371.000000	100.384144
3370.000000	100.385627
3369.000000	100.387147
3368.000000	100.388863
3367.000000	100.390755
3366.000000	100.392741
3365.000000	100.394667
3364.000000	100.396323
3363.000000	100.397615
3362.000000	100.398686
3361.000000	100.399816
3360.000000	100.401184
3359.000000	100.402768
3358.000000	100.404444
3357.000000	100.406109
3356.000000	100.407707
3355.000000	100.409190
3354.000000	100.410553
3353.000000	100.411863
3352.000000	100.413235
3351.000000	100.414739
3350.000000	100.416355
3349.000000	100.418009
3348.000000	100.419624
3347.000000	100.421185
3346.000000	100.422716
3345.000000	100.424236
3344.000000	100.425734
3343.000000	100.427201
3342.000000	100.428654
3341.000000	100.430120
3340.000000	100.431609
3339.000000	100.433110
3338.000000	100.434613
3337.000000	100.436118
3336.000000	100.437628
3335.000000	100.439148
3334.000000	100.440676
3333.000000	100.442204
3332.000000	100.443714
3331.000000	100.445186
3330.000000	100.446613
3329.000000	100.448012
3328.000000	100.449427
3327.000000	100.450901
3326.000000	100.452442
3325.000000	100.454025
3324.000000	100.455592
3323.000000	100.457082
3322.000000	100.458470
3321.000000	100.459813
3320.000000	100.461221
3319.000000	100.462722
3318.000000	100.464210
3317.000000	100.465581
3316.000000	100.466910
3315.000000	100.468430
3314.000000	100.470324
3313.000000	100.472567
3312.000000	100.474883
3311.000000	100.476945
3310.000000	100.478555
3309.000000	100.479686
3308.000000	100.480426
3307.000000	100.480955
3306.000000	100.481551
3305.000000	100.482523
3304.000000	100.484050
3303.000000	100.486080
3302.000000	100.488380
3301.000000	100.490662
3300.000000	100.492669
3299.000000	100.494277
3298.000000	100.495665
3297.000000	100.497300
3296.000000	100.499521
3295.000000	100.502062
3294.000000	100.504147
3293.000000	100.505203
3292.000000	100.505439
3291.000000	100.505708
3290.000000	100.506769
3289.000000	100.508781
3288.000000	100.511325
3287.000000	100.513775
3286.000000	100.515666
3285.000000	100.516814
3284.000000	100.517259
3283.000000	100.517248
3282.000000	100.517310
3281.000000	100.518180
3280.000000	100.520381
3279.000000	100.523835
3278.000000	100.527952
3277.000000	100.532101
3276.000000	100.535898
3275.000000	100.539125
3274.000000	100.541658
3273.000000	100.543609
3272.000000	100.545327
3271.000000	100.547116
3270.000000	100.548964
3269.000000	100.550539
3268.000000	100.551416
3267.000000	100.551360
3266.000000	100.550571
3265.000000	100.549743
3264.000000	100.549709
3263.000000	100.550884
3262.000000	100.553055
3261.000000	100.555641
3260.000000	100.558059
3259.000000	100.559938
3258.000000	100.561212
3257.000000	100.562197
3256.000000	100.563434
3255.000000	100.565215
3254.000000	100.567246
3253.000000	100.568930
3252.000000	100.570116
3251.000000	100.571450
3250.000000	100.573831
3249.000000	100.577515
3248.000000	100.581739
3247.000000	100.585178
3246.000000	100.587048
3245.000000	100.587618
3244.000000	100.587914
3243.000000	100.588876
3242.000000	100.590636
3241.000000	100.592639
3240.000000	100.594278
3239.000000	100.595436
3238.000000	100.596525
3237.000000	100.598091
3236.000000	100.600407
3235.000000	100.603385
3234.000000	100.606702
3233.000000	100.609949
3232.000000	100.612770
3231.000000	100.614993
3230.000000	100.616715
3229.000000	100.618220
3228.000000	100.619759
3227.000000	100.621424
3226.000000	100.623210
3225.000000	100.625099
3224.000000	100.627040
3223.000000	100.628956
3222.000000	100.630853
3221.000000	100.632869
3220.000000	100.635104
3219.000000	100.637432
3218.000000	100.639614
3217.000000	100.641590
3216.000000	100.643540
3215.000000	100.645679
3214.000000	100.648102
3213.000000	100.650889
3212.000000	100.654136
3211.000000	100.657688
3210.000000	100.660908
3209.000000	100.663059
3208.000000	100.663953
3207.000000	100.664167
3206.000000	100.664629
3205.000000	100.665802
3204.000000	100.667540
3203.000000	100.669583
3202.000000	100.671949
3201.000000	100.674760
3200.000000	100.677785
3199.000000	100.680453
3198.000000	100.682425
3197.000000	100.683945
3196.000000	100.685531
3195.000000	100.687414
3194.000000	100.689441
3193.000000	100.691401
3192.000000	100.693233
3191.000000	100.694941
3190.000000	100.696560
3189.000000	100.698306
3188.000000	100.700541
3187.000000	100.703370
3186.000000	100.706300
3185.000000	100.708554
3184.000000	100.709748
3183.000000	100.710184
3182.000000	100.710489
3181.000000	100.711034
3180.000000	100.711820
3179.000000	100.712882
3178.000000	100.714588
3177.000000	100.717309
3176.000000	100.720839
3175.000000	100.724314
3174.000000	100.726893
3173.000000	100.728477
3172.000000	100.729603
3171.000000	100.730774
3170.000000	100.732164
3169.000000	100.733875
3168.000000	100.736028
3167.000000	100.738436
3166.000000	100.740561
3165.000000	100.742107
3164.000000	100.743443
3163.000000	100.745172
3162.000000	100.747457
3161.000000	100.750028
3160.000000	100.752642
3159.000000	100.755207
3158.000000	100.757678
3157.000000	100.760163
3156.000000	100.762996
3155.000000	100.766351
3154.000000	100.769861
3153.000000	100.772923
3152.000000	100.775294
3151.000000	100.777155
3150.000000	100.778731
3149.000000	100.780194
3148.000000	100.781799
3147.000000	100.783675
3146.000000	100.785473
3145.000000	100.786613
3144.000000	100.786914
3143.000000	100.786745
3142.000000	100.786648
3141.000000	100.787103
3140.000000	100.788590
3139.000000	100.791417
3138.000000	100.795287
3137.000000	100.799158
3136.000000	100.801945
3135.000000	100.803321
3134.000000	100.803800
3133.000000	100.804294
3132.000000	100.805511
3131.000000	100.807606
3130.000000	100.810163
3129.000000	100.812490
3128.000000	100.814188
3127.000000	100.815447
3126.000000	100.816713
3125.000000	100.818176
3124.000000	100.819766
3123.000000	100.821531
3122.000000	100.823645
3121.000000	100.825964
3120.000000	100.827938
3119.000000	100.829259
3118.000000	100.830453
3117.000000	100.832465
3116.000000	100.835619
3115.000000	100.839217
3114.000000	100.842233
3113.000000	100.844305
3112.000000	100.845917
3111.000000	100.847754
3110.000000	100.850078
3109.000000	100.852678
3108.000000	100.855146
3107.000000	100.857132
3106.000000	100.858535
3105.000000	100.859664
3104.000000	100.861103
3103.000000	100.863260
3102.000000	100.866074
3101.000000	100.869222
3100.000000	100.872531
3099.000000	100.876078
3098.000000	100.879862
3097.000000	100.883546
3096.000000	100.886579
3095.000000	100.888617
3094.000000	100.889906
3093.000000	100.891199
3092.000000	100.893152
3091.000000	100.895671
3090.000000	100.897965
3089.000000	100.899359
3088.000000	100.899982
3087.000000	100.900586
3086.000000	100.901742
3085.000000	100.903370
3084.000000	100.905012
3083.000000	100.906393
3082.000000	100.907688
3081.000000	100.909294
3080.000000	100.911385
3079.000000	100.913667
3078.000000	100.915620
3077.000000	100.916998
3076.000000	100.918007
3075.000000	100.918965
3074.000000	100.919886
3073.000000	100.920563
3072.000000	100.921017
3071.000000	100.921678
3070.000000	100.923006
3069.000000	100.925033
3068.000000	100.927299
3067.000000	100.929181
3066.000000	100.930366
3065.000000	100.931002
3064.000000	100.931591
3063.000000	100.932646
3062.000000	100.934351
3061.000000	100.936457
3060.000000	100.938408
3059.000000	100.939713
3058.000000	100.940273
3057.000000	100.940443
3056.000000	100.940809
3055.000000	100.941721
3054.000000	100.942987
3053.000000	100.944013
3052.000000	100.944368
3051.000000	100.944280
3050.000000	100.944552
3049.000000	100.945848
3048.000000	100.948140
3047.000000	100.950821
3046.000000	100.953256
3045.000000	100.955098
3044.000000	100.956202
3043.000000	100.956642
3042.000000	100.956941
3041.000000	100.957913
3040.000000	100.959934
3039.000000	100.962467
3038.000000	100.964541
3037.000000	100.965741
3036.000000	100.966522
3035.000000	100.967617
3034.000000	100.969437
3033.000000	100.972054
3032.000000	100.975363
3031.000000	100.979040
3030.000000	100.982610
3029.000000	100.985840
3028.000000	100.988927
3027.000000	100.992027
3026.000000	100.994748
3025.000000	100.996513
3024.000000	100.997400
3023.000000	100.998274
3022.000000	100.999829
3021.000000	101.001857
3020.000000	101.003716
3019.000000	101.005253
3018.000000	101.007021
3017.000000	101.009641
3016.000000	101.013196
3015.000000	101.017203
3014.000000	101.020884
3013.000000	101.023388
3012.000000	101.024163
3011.000000	101.023437
3010.000000	101.022244
3009.000000	101.021733
3008.000000	101.022594
3007.000000	101.025269
3006.000000	101.030242
3005.000000	101.037510
3004.000000	101.045797
3003.000000	101.052856
3002.000000	101.057014
3001.000000	101.058296
3000.000000	101.058023
2999.000000	101.057523
2998.000000	101.057322
2997.000000	101.057327
2996.000000	101.057498
2995.000000	101.058369
2994.000000	101.060943
2993.000000	101.065864
2992.000000	101.072451
2991.000000	101.078686
2990.000000	101.082539
2989.000000	101.083574
2988.000000	101.083277
2987.000000	101.083777
2986.000000	101.085978
2985.000000	101.088838
2984.000000	101.090679
2983.000000	101.091420
2982.000000	101.093224
2981.000000	101.098350
2980.000000	101.106184
2979.000000	101.113080
2978.000000	101.115625
2977.000000	101.113550
2976.000000	101.109259
2975.000000	101.105144
2974.000000	101.101947
2973.000000	101.099540
2972.000000	101.098079
2971.000000	101.097850
2970.000000	101.098514
2969.000000	101.099140
2968.000000	101.098859
2967.000000	101.097180
2966.000000	101.093755
2965.000000	101.088261
2964.000000	101.080794
2963.000000	101.072251
2962.000000	101.064156
2961.000000	101.058040
2960.000000	101.054873
2959.000000	101.054805
2958.000000	101.057178
2957.000000	101.060748
2956.000000	101.064129
2955.000000	101.066228
2954.000000	101.066384
2953.000000	101.064209
2952.000000	101.059634
2951.000000	101.053427
2950.000000	101.047591
2949.000000	101.044588
2948.000000	101.045562
2947.000000	101.049094
2946.000000	101.052040
2945.000000	101.052032
2944.000000	101.049295
2943.000000	101.045889
2942.000000	101.043156
2941.000000	101.040329
2940.000000	101.035965
2939.000000	101.030249
2938.000000	101.024932
2937.000000	101.020888
2936.000000	101.016812
2935.000000	101.010959
2934.000000	101.003469
2933.000000	100.996136
2932.000000	100.990445
2931.000000	100.986637
2930.000000	100.984111
2929.000000	100.981669
2928.000000	100.977968
2927.000000	100.973331
2926.000000	100.970983
2925.000000	100.974700
2924.000000	100.984761
2923.000000	100.997298
2922.000000	101.008168
2921.000000	101.016609
2920.000000	101.024409
2919.000000	101.032993
2918.000000	101.042245
2917.000000	101.051046
2916.000000	101.057856
2915.000000	101.061527
2914.000000	101.062659
2913.000000	101.063749
2912.000000	101.067234
2911.000000	101.073569
2910.000000	101.081455
2909.000000	101.089134
2908.000000	101.095135
2907.000000	101.098901
2906.000000	101.101724
2905.000000	101.106198
2904.000000	101.113500
2903.000000	101.121496
2902.000000	101.126629
2901.000000	101.127184
2900.000000	101.124606
2899.000000	101.121613
2898.000000	101.120497
2897.000000	101.122259
2896.000000	101.126063
2895.000000	101.129669
2894.000000	101.131576
2893.000000	101.132766
2892.000000	101.135300
2891.000000	101.139342
2890.000000	101.142825
2889.000000	101.144234
2888.000000	101.144400
2887.000000	101.145035
2886.000000	101.146392
2885.000000	101.147105
2884.000000	101.146046
2883.000000	101.143847
2882.000000	101.142738
2881.000000	101.144836
2880.000000	101.150178
2879.000000	101.156229
2878.000000	101.159650
2877.000000	101.158738
2876.000000	101.154167
2875.000000	101.148072
2874.000000	101.142944
2873.000000	101.140804
2872.000000	101.142250
2871.000000	101.145863
2870.000000	101.149275
2869.000000	101.151194
2868.000000	101.151899
2867.000000	101.151766
2866.000000	101.150356
2865.000000	101.147480
2864.000000	101.144286
2863.000000	101.142339
2862.000000	101.141839
2861.000000	101.141286
2860.000000	101.138790
2859.000000	101.133479
2858.000000	101.126170
2857.000000	101.119091
2856.000000	101.114580
2855.000000	101.113551
2854.000000	101.115264
2853.000000	101.118780
2852.000000	101.124266
2851.000000	101.132313
2850.000000	101.142111
2849.000000	101.150915
2848.000000	101.155902
2847.000000	101.156625
2846.000000	101.155398
2845.000000	101.155105
2844.000000	101.156605
2843.000000	101.158699
2842.000000	101.160407
2841.000000	101.162400
2840.000000	101.165749
2839.000000	101.170140
2838.000000	101.174180
2837.000000	101.177037
2836.000000	101.178829
2835.000000	101.179822
2834.000000	101.180303
2833.000000	101.181001
2832.000000	101.182407
2831.000000	101.183704
2830.000000	101.183544
2829.000000	101.182038
2828.000000	101.180989
2827.000000	101.181818
2826.000000	101.184158
2825.000000	101.186660
2824.000000	101.188314
2823.000000	101.188814
2822.000000	101.188528
2821.000000	101.188482
2820.000000	101.189612
2819.000000	101.191669
2818.000000	101.193462
2817.000000	101.194372
2816.000000	101.194938
2815.000000	101.195766
2814.000000	101.196694
2813.000000	101.197355
2812.000000	101.197846
2811.000000	101.198526
2810.000000	101.199577
2809.000000	101.200930
2808.000000	101.202299
2807.000000	101.203254
2806.000000	101.203516
2805.000000	101.203342
2804.000000	101.203472
2803.000000	101.204405
2802.000000	101.206016
2801.000000	101.207804
2800.000000	101.209374
2799.000000	101.210635
2798.000000	101.211665
2797.000000	101.212601
2796.000000	101.213524
2795.000000	101.214284
2794.000000	101.214605
2793.000000	101.214515
2792.000000	101.214462
2791.000000	101.214846
2790.000000	101.215537
2789.000000	101.216051
2788.000000	101.216180
2787.000000	101.216252
2786.000000	101.216726
2785.000000	101.217722
2784.000000	101.219016
2783.000000	101.220300
2782.000000	101.221401
2781.000000	101.222295
2780.000000	101.223025
2779.000000	101.223588
2778.000000	101.223933
2777.000000	101.224153
2776.000000	101.224605
2775.000000	101.225629
2774.000000	101.227147
2773.000000	101.228680
2772.000000	101.229809
2771.000000	101.230503
2770.000000	101.230917
2769.000000	101.231098
2768.000000	101.231062
2767.000000	101.231038
2766.000000	101.231376
2765.000000	101.232219
2764.000000	101.233336
2763.000000	101.234295
2762.000000	101.234827
2761.000000	101.234996
2760.000000	101.235060
2759.000000	101.235198
2758.000000	101.235394
2757.000000	101.235608
2756.000000	101.235950
2755.000000	101.236592
2754.000000	101.237536
2753.000000	101.238560
2752.000000	101.239428
2751.000000	101.240095
2750.000000	101.240686
2749.000000	101.241356
2748.000000	101.242170
2747.000000	101.243090
2746.000000	101.244028
2745.000000	101.244909
2744.000000	101.245706
2743.000000	101.246431
2742.000000	101.247100
2741.000000	101.247715
2740.000000	101.248276
2739.000000	101.248815
2738.000000	101.249399
2737.000000	101.250069
2736.000000	101.250811
2735.000000	101.251564
2734.000000	101.252275
2733.000000	101.252939
2732.000000	101.253582
2731.000000	101.254234
2730.000000	101.254913
2729.000000	101.255625
2728.000000	101.256364
2727.000000	101.257117
2726.000000	101.257862
2725.000000	101.258577
2724.000000	101.259263
2723.000000	101.259956
2722.000000	101.260682
2721.000000	101.261423
2720.000000	101.262119
2719.000000	101.262721
2718.000000	101.263242
2717.000000	101.263759
2716.000000	101.264335
2715.000000	101.264948
2714.000000	101.265520
2713.000000	101.266037
2712.000000	101.266592
2711.000000	101.267270
2710.000000	101.268019
2709.000000	101.268693
2708.000000	101.269202
2707.000000	101.269546
2706.000000	101.269735
2705.000000	101.269809
2704.000000	101.269884
2703.000000	101.270050
2702.000000	101.270285
2701.000000	101.270516
2700.000000	101.270736
2699.000000	101.270930
2698.000000	101.270940
2697.000000	101.270566
2696.000000	101.269843
2695.000000	101.269123
2694.000000	101.268808
2693.000000	101.269108
2692.000000	101.270002
2691.000000	101.271199
2690.000000	101.272154
2689.000000	101.272464
2688.000000	101.272320
2687.000000	101.272348
2686.000000	101.272771
2685.000000	101.273025
2684.000000	101.272492
2683.000000	101.271275
2682.000000	101.270084
2681.000000	101.269447
2680.000000	101.269272
2679.000000	101.269136
2678.000000	101.268753
2677.000000	101.268171
2676.000000	101.267681
2675.000000	101.267611
2674.000000	101.268102
2673.000000	101.268905
2672.000000	101.269441
2671.000000	101.269222
2670.000000	101.268265
2669.000000	101.267087
2668.000000	101.266239
2667.000000	101.265883
2666.000000	101.265873
2665.000000	101.266005
2664.000000	101.266009
2663.000000	101.265438
2662.000000	101.264004
2661.000000	101.262173
2660.000000	101.261055
2659.000000	101.261328
2658.000000	101.262589
2657.000000	101.263865
2656.000000	101.264699
2655.000000	101.265325
2654.000000	101.265985
2653.000000	101.266564
2652.000000	101.266908
2651.000000	101.267101
2650.000000	101.267268
2649.000000	101.267300
2648.000000	101.266934
2647.000000	101.266049
2646.000000	101.264889
2645.000000	101.264040
2644.000000	101.264088
2643.000000	101.265191
2642.000000	101.266899
2641.000000	101.268399
2640.000000	101.269001
2639.000000	101.268384
2638.000000	101.266647
2637.000000	101.264406
2636.000000	101.262626
2635.000000	101.261956
2634.000000	101.262311
2633.000000	101.263084
2632.000000	101.263692
2631.000000	101.263833
2630.000000	101.263398
2629.000000	101.262540
2628.000000	101.261788
2627.000000	101.261615
2626.000000	101.261802
2625.000000	101.261632
2624.000000	101.260790
2623.000000	101.259730
2622.000000	101.258985
2621.000000	101.258553
2620.000000	101.258256
2619.000000	101.258283
2618.000000	101.258897
2617.000000	101.259900
2616.000000	101.260782
2615.000000	101.261303
2614.000000	101.261587
2613.000000	101.261710
2612.000000	101.261597
2611.000000	101.261330
2610.000000	101.261246
2609.000000	101.261555
2608.000000	101.262053
2607.000000	101.262359
2606.000000	101.262361
2605.000000	101.262308
2604.000000	101.262470
2603.000000	101.262770
2602.000000	101.262838
2601.000000	101.262471
2600.000000	101.261962
2599.000000	101.261788
2598.000000	101.262065
2597.000000	101.262486
2596.000000	101.262746
2595.000000	101.262898
2594.000000	101.263221
2593.000000	101.263822
2592.000000	101.264447
2591.000000	101.264754
2590.000000	101.264648
2589.000000	101.264331
2588.000000	101.264125
2587.000000	101.264216
2586.000000	101.264551
2585.000000	101.264941
2584.000000	101.265236
2583.000000	101.265397
2582.000000	101.265434
2581.000000	101.265351
2580.000000	101.265161
2579.000000	101.264928
2578.000000	101.264755
2577.000000	101.264711
2576.000000	101.264777
2575.000000	101.264854
2574.000000	101.264877
2573.000000	101.264928
2572.000000	101.265192
2571.000000	101.265749
2570.000000	101.266397
2569.000000	101.266738
2568.000000	101.266526
2567.000000	101.265837
2566.000000	101.265044
2565.000000	101.264534
2564.000000	101.264438
2563.000000	101.264585
2562.000000	101.264668
2561.000000	101.264571
2560.000000	101.264484
2559.000000	101.264685
2558.000000	101.265254
2557.000000	101.266030
2556.000000	101.266743
2555.000000	101.267187
2554.000000	101.267337
2553.000000	101.267366
2552.000000	101.267493
2551.000000	101.267685
2550.000000	101.267624
2549.000000	101.267081
2548.000000	101.266258
2547.000000	101.265664
2546.000000	101.265629
2545.000000	101.266050
2544.000000	101.266521
2543.000000	101.266635
2542.000000	101.266258
2541.000000	101.265651
2540.000000	101.265304
2539.000000	101.265504
2538.000000	101.266023
2537.000000	101.266302
2536.000000	101.265972
2535.000000	101.265133
2534.000000	101.264197
2533.000000	101.263556
2532.000000	101.263340
2531.000000	101.263406
2530.000000	101.263603
2529.000000	101.264088
2528.000000	101.265158
2527.000000	101.266654
2526.000000	101.267841
2525.000000	101.268232
2524.000000	101.268252
2523.000000	101.268631
2522.000000	101.269260
2521.000000	101.269286
2520.000000	101.268348
2519.000000	101.267118
2518.000000	101.266507
2517.000000	101.266695
2516.000000	101.267283
2515.000000	101.267984
2514.000000	101.268819
2513.000000	101.269785
2512.000000	101.270726
2511.000000	101.271446
2510.000000	101.271696
2509.000000	101.271192
2508.000000	101.269943
2507.000000	101.268490
2506.000000	101.267491
2505.000000	101.267079
2504.000000	101.266940
2503.000000	101.266905
2502.000000	101.267138
2501.000000	101.267683
2500.000000	101.268194
2499.000000	101.268352
2498.000000	101.268321
2497.000000	101.268532
2496.000000	101.269125
2495.000000	101.269787
2494.000000	101.270112
2493.000000	101.270008
2492.000000	101.269733
2491.000000	101.269623
2490.000000	101.269818
2489.000000	101.270193
2488.000000	101.270485
2487.000000	101.270501
2486.000000	101.270257
2485.000000	101.269936
2484.000000	101.269723
2483.000000	101.269670
2482.000000	101.269736
2481.000000	101.269894
2480.000000	101.270134
2479.000000	101.270376
2478.000000	101.270472
2477.000000	101.270326
2476.000000	101.269968
2475.000000	101.269481
2474.000000	101.268970
2473.000000	101.268602
2472.000000	101.268571
2471.000000	101.268894
2470.000000	101.269301
2469.000000	101.269438
2468.000000	101.269222
2467.000000	101.268857
2466.000000	101.268546
2465.000000	101.268253
2464.000000	101.267862
2463.000000	101.267478
2462.000000	101.267411
2461.000000	101.267848
2460.000000	101.268717
2459.000000	101.269762
2458.000000	101.270640
2457.000000	101.271064
2456.000000	101.270931
2455.000000	101.270414
2454.000000	101.269839
2453.000000	101.269378
2452.000000	101.268988
2451.000000	101.268643
2450.000000	101.268447
2449.000000	101.268456
2448.000000	101.268549
2447.000000	101.268655
2446.000000	101.268958
2445.000000	101.269648
2444.000000	101.270535
2443.000000	101.271164
2442.000000	101.271365
2441.000000	101.271412
2440.000000	101.271567
2439.000000	101.271688
2438.000000	101.271476
2437.000000	101.270955
2436.000000	101.270444
2435.000000	101.270169
2434.000000	101.270204
2433.000000	101.270645
2432.000000	101.271455
2431.000000	101.272168
2430.000000	101.272240
2429.000000	101.271810
2428.000000	101.271635
2427.000000	101.272020
2426.000000	101.272261
2425.000000	101.271594
2424.000000	101.270413
2423.000000	101.270109
2422.000000	101.271714
2421.000000	101.274974
2420.000000	101.278485
2419.000000	101.280696
2418.000000	101.281045
2417.000000	101.280383
2416.000000	101.280158
2415.000000	101.280835
2414.000000	101.281383
2413.000000	101.280563
2412.000000	101.278297
2411.000000	101.275508
2410.000000	101.273075
2409.000000	101.271456
2408.000000	101.270986
2407.000000	101.271736
2406.000000	101.272997
2405.000000	101.273594
2404.000000	101.273098
2403.000000	101.272419
2402.000000	101.272886
2401.000000	101.274829
2400.000000	101.277121
2399.000000	101.278051
2398.000000	101.276680
2397.000000	101.273545
2396.000000	101.270339
2395.000000	101.268661
2394.000000	101.268848
2393.000000	101.269887
2392.000000	101.270289
2391.000000	101.269052
2390.000000	101.266095
2389.000000	101.262249
2388.000000	101.258407
2387.000000	101.254867
2386.000000	101.251656
2385.000000	101.249040
2384.000000	101.247399
2383.000000	101.246609
2382.000000	101.246048
2381.000000	101.245291
2380.000000	101.244449
2379.000000	101.243715
2378.000000	101.242969
2377.000000	101.241974
2376.000000	101.240682
2375.000000	101.239197
2374.000000	101.237636
2373.000000	101.236097
2372.000000	101.234632
2371.000000	101.233213
2370.000000	101.231811
2369.000000	101.230460
2368.000000	101.229190
2367.000000	101.227950
2366.000000	101.226689
2365.000000	101.225413
2364.000000	101.224127
2363.000000	101.222801
2362.000000	101.221410
2361.000000	101.219990
2360.000000	101.218586
2359.000000	101.217227
2358.000000	101.215928
2357.000000	101.214691
2356.000000	101.213510
2355.000000	101.212376
2354.000000	101.211281
2353.000000	101.210215
2352.000000	101.209161
2351.000000	101.208108
2350.000000	101.207065
2349.000000	101.206054
2348.000000	101.205105
2347.000000	101.204234
2346.000000	101.203440
2345.000000	101.202707
2344.000000	101.202008
2343.000000	101.201322
2342.000000	101.200675
2341.000000	101.200101
2340.000000	101.199591
2339.000000	101.199113
2338.000000	101.198672
2337.000000	101.198292
2336.000000	101.197919
2335.000000	101.197497
2334.000000	101.197091
2333.000000	101.196856
2332.000000	101.196747
2331.000000	101.196791
2330.000000	101.197117
2329.000000	101.197766
2328.000000	101.198161
2327.000000	101.197865
2326.000000	101.197112
2325.000000	101.196759
2324.000000	101.197241
2323.000000	101.198306
2322.000000	101.199358
2321.000000	101.199989
2320.000000	101.199929
2319.000000	101.199329
2318.000000	101.198697
2317.000000	101.198982
2316.000000	101.200414
2315.000000	101.202514
2314.000000	101.204000
2313.000000	101.204502
2312.000000	101.204466
2311.000000	101.205150
2310.000000	101.206992
2309.000000	101.209918
2308.000000	101.213423
2307.000000	101.217387
2306.000000	101.221258
2305.000000	101.224255
2304.000000	101.225659
2303.000000	101.225998
2302.000000	101.226101
2301.000000	101.226840
2300.000000	101.228502
2299.000000	101.231174
2298.000000	101.233955
2297.000000	101.236021
2296.000000	101.237091
2295.000000	101.237920
2294.000000	101.238786
2293.000000	101.239447
2292.000000	101.239765
2291.000000	101.240355
2290.000000	101.241455
2289.000000	101.242289
2288.000000	101.242180
2287.000000	101.241788
2286.000000	101.242527
2285.000000	101.244810
2284.000000	101.247831
2283.000000	101.250505
2282.000000	101.252225
2281.000000	101.252819
2280.000000	101.252794
2279.000000	101.253185
2278.000000	101.254701
2277.000000	101.256863
2276.000000	101.258400
2275.000000	101.258452
2274.000000	101.256987
2273.000000	101.254504
2272.000000	101.251737
2271.000000	101.249619
2270.000000	101.248702
2269.000000	101.248553
2268.000000	101.248133
2267.000000	101.247062
2266.000000	101.246033
2265.000000	101.245845
2264.000000	101.246407
2263.000000	101.247027
2262.000000	101.247363
2261.000000	101.247570
2260.000000	101.247593
2259.000000	101.246889
2258.000000	101.245189
2257.000000	101.243208
2256.000000	101.242183
2255.000000	101.242643
2254.000000	101.244010
2253.000000	101.245233
2252.000000	101.245658
2251.000000	101.245263
2250.000000	101.244315
2249.000000	101.243191
2248.000000	101.242330
2247.000000	101.241999
2246.000000	101.242131
2245.000000	101.242455
2244.000000	101.242782
2243.000000	101.243079
2242.000000	101.243315
2241.000000	101.243401
2240.000000	101.243287
2239.000000	101.243008
2238.000000	101.242662
2237.000000	101.242361
2236.000000	101.242180
2235.000000	101.242110
2234.000000	101.242092
2233.000000	101.242083
2232.000000	101.242073
2231.000000	101.242060
2230.000000	101.242024
2229.000000	101.241955
2228.000000	101.241867
2227.000000	101.241792
2226.000000	101.241745
2225.000000	101.241722
2224.000000	101.241723
2223.000000	101.241751
2222.000000	101.241796
2221.000000	101.241833
2220.000000	101.241854
2219.000000	101.241873
2218.000000	101.241906
2217.000000	101.241951
2216.000000	101.241998
2215.000000	101.242037
2214.000000	101.242073
2213.000000	101.242112
2212.000000	101.242162
2211.000000	101.242232
2210.000000	101.242323
2209.000000	101.242427
2208.000000	101.242530
2207.000000	101.242627
2206.000000	101.242718
2205.000000	101.242802
2204.000000	101.242878
2203.000000	101.242946
2202.000000	101.243011
2201.000000	101.243080
2200.000000	101.243161
2199.000000	101.243259
2198.000000	101.243374
2197.000000	101.243503
2196.000000	101.243643
2195.000000	101.243788
2194.000000	101.243937
2193.000000	101.244089
2192.000000	101.244248
2191.000000	101.244418
2190.000000	101.244605
2189.000000	101.244809
2188.000000	101.245030
2187.000000	101.245265
2186.000000	101.245512
2185.000000	101.245764
2184.000000	101.246016
2183.000000	101.246266
2182.000000	101.246519
2181.000000	101.246777
2180.000000	101.247041
2179.000000	101.247308
2178.000000	101.247577
2177.000000	101.247851
2176.000000	101.248131
2175.000000	101.248421
2174.000000	101.248718
2173.000000	101.249019
2172.000000	101.249317
2171.000000	101.249608
2170.000000	101.249887
2169.000000	101.250153
2168.000000	101.250412
2167.000000	101.250672
2166.000000	101.250944
2165.000000	101.251232
2164.000000	101.251528
2163.000000	101.251827
2162.000000	101.252126
2161.000000	101.252427
2160.000000	101.252734
2159.000000	101.253045
2158.000000	101.253359
2157.000000	101.253673
2156.000000	101.253988
2155.000000	101.254303
2154.000000	101.254619
2153.000000	101.254937
2152.000000	101.255258
2151.000000	101.255583
2150.000000	101.255908
2149.000000	101.256229
2148.000000	101.256541
2147.000000	101.256844
2146.000000	101.257138
2145.000000	101.257429
2144.000000	101.257728
2143.000000	101.258034
2142.000000	101.258327
2141.000000	101.258617
2140.000000	101.258938
2139.000000	101.259285
2138.000000	101.259589
2137.000000	101.259823
2136.000000	101.260055
2135.000000	101.260320
2134.000000	101.260524
2133.000000	101.260567
2132.000000	101.260517
2131.000000	101.260571
2130.000000	101.260848
2129.000000	101.261334
2128.000000	101.261951
2127.000000	101.262583
2126.000000	101.263067
2125.000000	101.263272
2124.000000	101.263214
2123.000000	101.263068
2122.000000	101.263080
2121.000000	101.263455
2120.000000	101.264268
2119.000000	101.265323
2118.000000	101.266244
2117.000000	101.266805
2116.000000	101.267112
2115.000000	101.267415
2114.000000	101.267840
2113.000000	101.268368
2112.000000	101.268947
2111.000000	101.269445
2110.000000	101.269612
2109.000000	101.269302
2108.000000	101.268730
2107.000000	101.268381
2106.000000	101.268542
2105.000000	101.269091
2104.000000	101.269698
2103.000000	101.270177
2102.000000	101.270598
2101.000000	101.271168
2100.000000	101.272011
2099.000000	101.273023
2098.000000	101.273915
2097.000000	101.274470
2096.000000	101.274706
2095.000000	101.274749
2094.000000	101.274667
2093.000000	101.274577
2092.000000	101.274766
2091.000000	101.275460
2090.000000	101.276489
2089.000000	101.277350
2088.000000	101.277733
2087.000000	101.277750
2086.000000	101.277590
2085.000000	101.277227
2084.000000	101.276641
2083.000000	101.276114
2082.000000	101.276019
2081.000000	101.276421
2080.000000	101.277044
2079.000000	101.277563
2078.000000	101.277810
2077.000000	101.277766
2076.000000	101.277558
2075.000000	101.277446
2074.000000	101.277645
2073.000000	101.278104
2072.000000	101.278510
2071.000000	101.278554
2070.000000	101.278203
2069.000000	101.277726
2068.000000	101.277459
2067.000000	101.277498
2066.000000	101.277666
2065.000000	101.277870
2064.000000	101.278394
2063.000000	101.279506
2062.000000	101.280788
2061.000000	101.281299
2060.000000	101.280591
2059.000000	101.279245
2058.000000	101.278235
2057.000000	101.277760
2056.000000	101.277323
2055.000000	101.276748
2054.000000	101.276520
2053.000000	101.277035
2052.000000	101.277944
2051.000000	101.278541
2050.000000	101.278563
2049.000000	101.278224
2048.000000	101.277645
2047.000000	101.276697
2046.000000	101.275404
2045.000000	101.274160
2044.000000	101.273360
2043.000000	101.272994
2042.000000	101.272731
2041.000000	101.272279
2040.000000	101.271555
2039.000000	101.270558
2038.000000	101.269277
2037.000000	101.267794
2036.000000	101.266350
2035.000000	101.265214
2034.000000	101.264505
2033.000000	101.264144
2032.000000	101.263907
2031.000000	101.263502
2030.000000	101.262723
2029.000000	101.261634
2028.000000	101.260533
2027.000000	101.259645
2026.000000	101.258855
2025.000000	101.257878
2024.000000	101.256625
2023.000000	101.255311
2022.000000	101.254155
2021.000000	101.253056
2020.000000	101.251674
2019.000000	101.249850
2018.000000	101.247918
2017.000000	101.246566
2016.000000	101.246219
2015.000000	101.246544
2014.000000	101.246568
2013.000000	101.245579
2012.000000	101.243762
2011.000000	101.241940
2010.000000	101.240637
2009.000000	101.239595
2008.000000	101.238262
2007.000000	101.236414
2006.000000	101.234242
2005.000000	101.232186
2004.000000	101.230779
2003.000000	101.230376
2002.000000	101.230771
2001.000000	101.231287
2000.000000	101.231460
1999.000000	101.231377
1998.000000	101.231287
1997.000000	101.231072
1996.000000	101.230175
1995.000000	101.228062
1994.000000	101.224735
1993.000000	101.220913
1992.000000	101.217786
1991.000000	101.216319
1990.000000	101.216632
1989.000000	101.218027
1988.000000	101.219597
1987.000000	101.220834
1986.000000	101.221704
1985.000000	101.222265
1984.000000	101.222442
1983.000000	101.222245
1982.000000	101.222034
1981.000000	101.222283
1980.000000	101.222919
1979.000000	101.223087
1978.000000	101.222117
1977.000000	101.220465
1976.000000	101.219266
1975.000000	101.219098
1974.000000	101.219629
1973.000000	101.220256
1972.000000	101.220670
1971.000000	101.220916
1970.000000	101.221265
1969.000000	101.221978
1968.000000	101.222940
1967.000000	101.223735
1966.000000	101.224324
1965.000000	101.225270
1964.000000	101.226992
1963.000000	101.229148
1962.000000	101.230979
1961.000000	101.232064
1960.000000	101.232349
1959.000000	101.231670
1958.000000	101.229779
1957.000000	101.226917
1956.000000	101.223989
1955.000000	101.222088
1954.000000	101.221881
1953.000000	101.223196
1952.000000	101.225017
1951.000000	101.226144
1950.000000	101.225933
1949.000000	101.224643
1948.000000	101.223121
1947.000000	101.221897
1946.000000	101.220864
1945.000000	101.219943
1944.000000	101.219420
1943.000000	101.219211
1942.000000	101.218524
1941.000000	101.216944
1940.000000	101.215159
1939.000000	101.214109
1938.000000	101.213835
1937.000000	101.213567
1936.000000	101.212769
1935.000000	101.211613
1934.000000	101.210453
1933.000000	101.209349
1932.000000	101.208463
1931.000000	101.208295
1930.000000	101.208667
1929.000000	101.208772
1928.000000	101.208548
1927.000000	101.208737
1926.000000	101.209363
1925.000000	101.208948
1924.000000	101.206381
1923.000000	101.202634
1922.000000	101.199833
1921.000000	101.199035
1920.000000	101.199645
1919.000000	101.200151
1918.000000	101.199142
1917.000000	101.196774
1916.000000	101.194954
1915.000000	101.194852
1914.000000	101.195287
1913.000000	101.193994
1912.000000	101.190131
1911.000000	101.184909
1910.000000	101.179828
1909.000000	101.175676
1908.000000	101.172862
1907.000000	101.171188
1906.000000	101.169456
1905.000000	101.166098
1904.000000	101.161019
1903.000000	101.155524
1902.000000	101.150605
1901.000000	101.146818
1900.000000	101.144727
1899.000000	101.144018
1898.000000	101.143122
1897.000000	101.140723
1896.000000	101.137736
1895.000000	101.136027
1894.000000	101.135380
1893.000000	101.134029
1892.000000	101.131708
1891.000000	101.129813
1890.000000	101.128974
1889.000000	101.128604
1888.000000	101.128769
1887.000000	101.129864
1886.000000	101.130759
1885.000000	101.129343
1884.000000	101.125201
1883.000000	101.120218
1882.000000	101.116104
1881.000000	101.113224
1880.000000	101.111526
1879.000000	101.110991
1878.000000	101.111483
1877.000000	101.113028
1876.000000	101.116256
1875.000000	101.121279
1874.000000	101.125847
1873.000000	101.126701
1872.000000	101.123364
1871.000000	101.118701
1870.000000	101.115323
1869.000000	101.113142
1868.000000	101.112042
1867.000000	101.113348
1866.000000	101.116628
1865.000000	101.119496
1864.000000	101.120777
1863.000000	101.121566
1862.000000	101.122757
1861.000000	101.123464
1860.000000	101.123291
1859.000000	101.124056
1858.000000	101.127100
1857.000000	101.130720
1856.000000	101.132434
1855.000000	101.132669
1854.000000	101.134372
1853.000000	101.139435
1852.000000	101.146533
1851.000000	101.152285
1850.000000	101.154784
1849.000000	101.154953
1848.000000	101.154998
1847.000000	101.156098
1846.000000	101.157900
1845.000000	101.159826
1844.000000	101.162217
1843.000000	101.165599
1842.000000	101.168791
1841.000000	101.170471
1840.000000	101.170641
1839.000000	101.169981
1838.000000	101.169229
1837.000000	101.168855
1836.000000	101.169236
1835.000000	101.170243
1834.000000	101.171203
1833.000000	101.171817
1832.000000	101.172288
1831.000000	101.172682
1830.000000	101.172931
1829.000000	101.173170
1828.000000	101.173350
1827.000000	101.173221
1826.000000	101.172578
1825.000000	101.171013
1824.000000	101.168904
1823.000000	101.167702
1822.000000	101.168162
1821.000000	101.169582
1820.000000	101.170783
1819.000000	101.171474
1818.000000	101.171906
1817.000000	101.171960
1816.000000	101.172038
1815.000000	101.173191
1814.000000	101.175396
1813.000000	101.176972
1812.000000	101.176594
1811.000000	101.175433
1810.000000	101.175308
1809.000000	101.175929
1808.000000	101.176422
1807.000000	101.177102
1806.000000	101.178290
1805.000000	101.179271
1804.000000	101.179428
1803.000000	101.179235
1802.000000	101.179442
1801.000000	101.179996
1800.000000	101.180474
1799.000000	101.181106
1798.000000	101.182014
1797.000000	101.182714
1796.000000	101.183026
1795.000000	101.183559
1794.000000	101.184878
1793.000000	101.186304
1792.000000	101.186434
1791.000000	101.185770
1790.000000	101.185845
1789.000000	101.186895
1788.000000	101.188554
1787.000000	101.190837
1786.000000	101.193589
1785.000000	101.195843
1784.000000	101.196989
1783.000000	101.197716
1782.000000	101.199175
1781.000000	101.201764
1780.000000	101.204532
1779.000000	101.206457
1778.000000	101.207264
1777.000000	101.207389
1776.000000	101.207489
1775.000000	101.207772
1774.000000	101.208066
1773.000000	101.208133
1772.000000	101.208134
1771.000000	101.209485
1770.000000	101.213009
1769.000000	101.217275
1768.000000	101.220180
1767.000000	101.221532
1766.000000	101.222897
1765.000000	101.225039
1764.000000	101.227181
1763.000000	101.228430
1762.000000	101.229073
1761.000000	101.230043
1760.000000	101.231300
1759.000000	101.232837
1758.000000	101.235080
1757.000000	101.237773
1756.000000	101.239514
1755.000000	101.240027
1754.000000	101.241424
1753.000000	101.245447
1752.000000	101.250004
1751.000000	101.250464
1750.000000	101.246066
1749.000000	101.240766
1748.000000	101.237580
1747.000000	101.236123
1746.000000	101.235644
1745.000000	101.236005
1744.000000	101.236144
1743.000000	101.234961
1742.000000	101.233077
1741.000000	101.231767
1740.000000	101.231043
1739.000000	101.230559
1738.000000	101.230716
1737.000000	101.231745
1736.000000	101.233409
1735.000000	101.234722
1734.000000	101.233959
1733.000000	101.232277
1732.000000	101.230868
1731.000000	101.229092
1730.000000	101.227208
1729.000000	101.226236
1728.000000	101.226174
1727.000000	101.225967
1726.000000	101.225474
1725.000000	101.225512
1724.000000	101.226182
1723.000000	101.226774
1722.000000	101.226324
1721.000000	101.224262
1720.000000	101.221134
1719.000000	101.218768
1718.000000	101.218408
1717.000000	101.217635
1716.000000	101.215190
1715.000000	101.213688
1714.000000	101.213944
1713.000000	101.213597
1712.000000	101.211155
1711.000000	101.207275
1710.000000	101.203238
1709.000000	101.199317
1708.000000	101.195129
1707.000000	101.191433
1706.000000	101.189198
1705.000000	101.187370
1704.000000	101.184414
1703.000000	101.180737
1702.000000	101.177930
1701.000000	101.176192
1700.000000	101.173595
1699.000000	101.171051
1698.000000	101.169189
1697.000000	101.167037
1696.000000	101.164069
1695.000000	101.161261
1694.000000	101.159087
1693.000000	101.156813
1692.000000	101.154301
1691.000000	101.151705
1690.000000	101.149029
1689.000000	101.146278
1688.000000	101.143450
1687.000000	101.140535
1686.000000	101.137646
1685.000000	101.134214
1684.000000	101.129318
1683.000000	101.124728
1682.000000	101.121202
1681.000000	101.118172
1680.000000	101.115138
1679.000000	101.111592
1678.000000	101.107418
1677.000000	101.103288
1676.000000	101.099814
1675.000000	101.096836
1674.000000	101.094610
1673.000000	101.093482
1672.000000	101.092643
1671.000000	101.090393
1670.000000	101.085060
1669.000000	101.078446
1668.000000	101.074495
1667.000000	101.073495
1666.000000	101.073560
1665.000000	101.073409
1664.000000	101.072555
1663.000000	101.070473
1662.000000	101.066877
1661.000000	101.062922
1660.000000	101.059480
1659.000000	101.055804
1658.000000	101.050923
1657.000000	101.045014
1656.000000	101.039668
1655.000000	101.036400
1654.000000	101.034435
1653.000000	101.029571
1652.000000	101.027403
1651.000000	101.025678
1650.000000	101.020967
1649.000000	101.015379
1648.000000	101.012203
1647.000000	101.011782
1646.000000	101.013702
1645.000000	101.016925
1644.000000	101.019502
1643.000000	101.021250
1642.000000	101.022529
1641.000000	101.023272
1640.000000	101.023356
1639.000000	101.023262
1638.000000	101.023846
1637.000000	101.024705
1636.000000	101.023514
1635.000000	101.020422
1634.000000	101.020368
1633.000000	101.023925
1632.000000	101.028504
1631.000000	101.030706
1630.000000	101.028396
1629.000000	101.023373
1628.000000	101.020297
1627.000000	101.020851
1626.000000	101.022810
1625.000000	101.024983
1624.000000	101.027906
1623.000000	101.030765
1622.000000	101.032201
1621.000000	101.033578
1620.000000	101.036832
1619.000000	101.041975
1618.000000	101.046889
1617.000000	101.049537
1616.000000	101.051479
1615.000000	101.053798
1614.000000	101.055363
1613.000000	101.057335
1612.000000	101.061765
1611.000000	101.067978
1610.000000	101.072987
1609.000000	101.076138
1608.000000	101.079351
1607.000000	101.083099
1606.000000	101.086289
1605.000000	101.089300
1604.000000	101.093177
1603.000000	101.097150
1602.000000	101.099611
1601.000000	101.100509
1600.000000	101.101207
1599.000000	101.102580
1598.000000	101.104934
1597.000000	101.108481
1596.000000	101.112899
1595.000000	101.117121
1594.000000	101.120328
1593.000000	101.122929
1592.000000	101.125746
1591.000000	101.128790
1590.000000	101.131537
1589.000000	101.133950
1588.000000	101.136416
1587.000000	101.139055
1586.000000	101.141688
1585.000000	101.144253
1584.000000	101.146805
1583.000000	101.149311
1582.000000	101.151738
1581.000000	101.154123
1580.000000	101.156501
1579.000000	101.158854
1578.000000	101.161158
1577.000000	101.163409
1576.000000	101.165610
1575.000000	101.167759
1574.000000	101.169849
1573.000000	101.171877
1572.000000	101.173840
1571.000000	101.175734
1570.000000	101.177554
1569.000000	101.179303
1568.000000	101.180991
1567.000000	101.182619
1566.000000	101.184185
1565.000000	101.185693
1564.000000	101.187152
1563.000000	101.188573
1562.000000	101.189966
1561.000000	101.191342
1560.000000	101.192705
1559.000000	101.194033
1558.000000	101.195291
1557.000000	101.196477
1556.000000	101.197596
1555.000000	101.198657
1554.000000	101.199664
1553.000000	101.200619
1552.000000	101.201529
1551.000000	101.202406
1550.000000	101.203254
1549.000000	101.204075
1548.000000	101.204872
1547.000000	101.205656
1546.000000	101.206434
1545.000000	101.207199
1544.000000	101.207936
1543.000000	101.208659
1542.000000	101.209411
1541.000000	101.210153
1540.000000	101.210783
1539.000000	101.211447
1538.000000	101.212264
1537.000000	101.213053
1536.000000	101.213723
1535.000000	101.214319
1534.000000	101.214795
1533.000000	101.215049
1532.000000	101.215237
1531.000000	101.215559
1530.000000	101.215950
1529.000000	101.216277
1528.000000	101.216750
1527.000000	101.217736
1526.000000	101.219120
1525.000000	101.220160
1524.000000	101.220505
1523.000000	101.220849
1522.000000	101.221850
1521.000000	101.222843
1520.000000	101.223030
1519.000000	101.222523
1518.000000	101.222283
1517.000000	101.223042
1516.000000	101.224632
1515.000000	101.226738
1514.000000	101.229056
1513.000000	101.231384
1512.000000	101.233085
1511.000000	101.233866
1510.000000	101.234215
1509.000000	101.234830
1508.000000	101.235598
1507.000000	101.236037
1506.000000	101.237619
1505.000000	101.240619
1504.000000	101.242442
1503.000000	101.242684
1502.000000	101.242212
1501.000000	101.241628
1500.000000	101.240920
1499.000000	101.240342
1498.000000	101.240756
1497.000000	101.241769
1496.000000	101.241989
1495.000000	101.241931
1494.000000	101.242725
1493.000000	101.244245
1492.000000	101.245646
1491.000000	101.246123
1490.000000	101.245247
1489.000000	101.243184
1488.000000	101.241196
1487.000000	101.240982
1486.000000	101.242100
1485.000000	101.242819
1484.000000	101.242494
1483.000000	101.241738
1482.000000	101.241795
1481.000000	101.242914
1480.000000	101.244195
1479.000000	101.244749
1478.000000	101.244296
1477.000000	101.242805
1476.000000	101.240878
1475.000000	101.240048
1474.000000	101.240520
1473.000000	101.240268
1472.000000	101.237779
1471.000000	101.234910
1470.000000	101.232638
1469.000000	101.229812
1468.000000	101.225798
1467.000000	101.221764
1466.000000	101.219183
1465.000000	101.217913
1464.000000	101.217113
1463.000000	101.216964
1462.000000	101.217540
1461.000000	101.217372
1460.000000	101.215077
1459.000000	101.211120
1458.000000	101.208254
1457.000000	101.207424
1456.000000	101.206902
1455.000000	101.205816
1454.000000	101.205131
1453.000000	101.204784
1452.000000	101.202221
1451.000000	101.196481
1450.000000	101.191130
1449.000000	101.189788
1448.000000	101.190840
1447.000000	101.190127
1446.000000	101.186273
1445.000000	101.180441
1444.000000	101.173433
1443.000000	101.166700
1442.000000	101.163067
1441.000000	101.164022
1440.000000	101.167066
1439.000000	101.168181
1438.000000	101.166703
1437.000000	101.164155
1436.000000	101.161500
1435.000000	101.159323
1434.000000	101.158081
1433.000000	101.157377
1432.000000	101.156189
1431.000000	101.153049
1430.000000	101.149127
1429.000000	101.147641
1428.000000	101.149159
1427.000000	101.150987
1426.000000	101.150809
1425.000000	101.149852
1424.000000	101.149437
1423.000000	101.149180
1422.000000	101.149622
1421.000000	101.152362
1420.000000	101.157391
1419.000000	101.162322
1418.000000	101.168743
1417.000000	101.177321
1416.000000	101.183615
1415.000000	101.185535
1414.000000	101.185832
1413.000000	101.188196
1412.000000	101.192431
1411.000000	101.195798
1410.000000	101.198391
1409.000000	101.201887
1408.000000	101.205467
1407.000000	101.207465
1406.000000	101.208674
1405.000000	101.212484
1404.000000	101.219343
1403.000000	101.225974
1402.000000	101.230670
1401.000000	101.234254
1400.000000	101.237197
1399.000000	101.238406
1398.000000	101.239064
1397.000000	101.242156
1396.000000	101.248216
1395.000000	101.254598
1394.000000	101.259864
1393.000000	101.265706
1392.000000	101.271334
1391.000000	101.274344
1390.000000	101.274240
1389.000000	101.273156
1388.000000	101.274085
1387.000000	101.278091
1386.000000	101.283059
1385.000000	101.285797
1384.000000	101.284859
1383.000000	101.281456
1382.000000	101.278172
1381.000000	101.276222
1380.000000	101.275143
1379.000000	101.274161
1378.000000	101.273233
1377.000000	101.272804
1376.000000	101.272781
1375.000000	101.272060
1374.000000	101.269974
1373.000000	101.267943
1372.000000	101.267348
1371.000000	101.267905
1370.000000	101.268755
1369.000000	101.270636
1368.000000	101.274503
1367.000000	101.279641
1366.000000	101.284111
1365.000000	101.286265
1364.000000	101.285655
1363.000000	101.283151
1362.000000	101.280253
1361.000000	101.277891
1360.000000	101.275893
1359.000000	101.274056
1358.000000	101.272848
1357.000000	101.272811
1356.000000	101.273561
1355.000000	101.274382
1354.000000	101.275469
1353.000000	101.277361
1352.000000	101.279625
1351.000000	101.281027
1350.000000	101.280502
1349.000000	101.279215
1348.000000	101.279091
1347.000000	101.280292
1346.000000	101.281078
1345.000000	101.280091
1344.000000	101.277574
1343.000000	101.274729
1342.000000	101.272745
1341.000000	101.272575
1340.000000	101.274466
1339.000000	101.277404
1338.000000	101.280089
1337.000000	101.282221
1336.000000	101.283858
1335.000000	101.284342
1334.000000	101.282787
1333.000000	101.279625
1332.000000	101.276836
1331.000000	101.275904
1330.000000	101.275993
1329.000000	101.275263
1328.000000	101.273521
1327.000000	101.272685
1326.000000	101.274428
1325.000000	101.278457
1324.000000	101.282468
1323.000000	101.284310
1322.000000	101.283978
1321.000000	101.283030
1320.000000	101.282324
1319.000000	101.281361
1318.000000	101.279882
1317.000000	101.278545
1316.000000	101.277735
1315.000000	101.277082
1314.000000	101.276681
1313.000000	101.277395
1312.000000	101.279233
1311.000000	101.280563
1310.000000	101.280028
1309.000000	101.278512
1308.000000	101.278149
1307.000000	101.279604
1306.000000	101.281028
1305.000000	101.280563
1304.000000	101.278506
1303.000000	101.276985
1302.000000	101.277722
1301.000000	101.280498
1300.000000	101.283732
1299.000000	101.286134
1298.000000	101.287269
1297.000000	101.286675
1296.000000	101.283572
1295.000000	101.278063
1294.000000	101.272233
1293.000000	101.268970
1292.000000	101.269675
1291.000000	101.273487
1290.000000	101.278118
1289.000000	101.280879
1288.000000	101.279820
1287.000000	101.275278
1286.000000	101.270090
1285.000000	101.266878
1284.000000	101.265162
1283.000000	101.262353
1282.000000	101.257404
1281.000000	101.252299
1280.000000	101.249879
1279.000000	101.251122
1278.000000	101.254954
1277.000000	101.259494
1276.000000	101.263114
1275.000000	101.265087
1274.000000	101.266041
1273.000000	101.267281
1272.000000	101.269199
1271.000000	101.270921
1270.000000	101.271967
1269.000000	101.273507
1268.000000	101.277021
1267.000000	101.281969
1266.000000	101.285761
1265.000000	101.286101
1264.000000	101.283246
1263.000000	101.279816
1262.000000	101.278093
1261.000000	101.277709
1260.000000	101.276811
1259.000000	101.275042
1258.000000	101.274065
1257.000000	101.274287
1256.000000	101.273047
1255.000000	101.267639
1254.000000	101.258929
1253.000000	101.249870
1252.000000	101.241228
1251.000000	101.231052
1250.000000	101.218485
1249.000000	101.205795
1248.000000	101.195674
1247.000000	101.187831
1246.000000	101.179345
1245.000000	101.167527
1244.000000	101.152116
1243.000000	101.135466
1242.000000	101.120861
1241.000000	101.110068
1240.000000	101.102347
1239.000000	101.095751
1238.000000	101.088676
1237.000000	101.079888
1236.000000	101.068204
1235.000000	101.053370
1234.000000	101.036782
1233.000000	101.020253
1232.000000	101.004155
1231.000000	100.987292
1230.000000	100.968042
1229.000000	100.945196
1228.000000	100.918705
1227.000000	100.890133
1226.000000	100.861021
1225.000000	100.830229
1224.000000	100.794538
1223.000000	100.752518
1222.000000	100.705495
1221.000000	100.653513
1220.000000	100.593267
1219.000000	100.522797
1218.000000	100.446215
1217.000000	100.370451
1216.000000	100.298396
1215.000000	100.228365
1214.000000	100.159115
1213.000000	100.091393
1212.000000	100.024194
1211.000000	99.953289
1210.000000	99.875365
1209.000000	99.791824
1208.000000	99.707253
1207.000000	99.625650
1206.000000	99.548959
1205.000000	99.477393
1204.000000	99.408992
1203.000000	99.339449
1202.000000	99.264891
1201.000000	99.185799
1200.000000	99.106894
1199.000000	99.032499
1198.000000	98.963150
1197.000000	98.896993
1196.000000	98.832303
1195.000000	98.767224
1194.000000	98.699256
1193.000000	98.627760
1192.000000	98.555514
1191.000000	98.484744
1190.000000	98.412556
1189.000000	98.333930
1188.000000	98.249142
1187.000000	98.164431
1186.000000	98.084350
1185.000000	98.006824
1184.000000	97.927213
1183.000000	97.843821
1182.000000	97.757301
1181.000000	97.667623
1180.000000	97.574475
1179.000000	97.478956
1178.000000	97.382491
1177.000000	97.284965
1176.000000	97.185340
1175.000000	97.083003
1174.000000	96.977620
1173.000000	96.869242
1172.000000	96.759199
1171.000000	96.649266
1170.000000	96.539713
1169.000000	96.430323
1168.000000	96.323562
1167.000000	96.224403
1166.000000	96.137563
1165.000000	96.068321
1164.000000	96.025244
1163.000000	96.016528
1162.000000	96.041480
1161.000000	96.088538
1160.000000	96.142162
1159.000000	96.188651
1158.000000	96.216694
1157.000000	96.218482
1156.000000	96.192692
1155.000000	96.143899
1154.000000	96.078171
1153.000000	96.001052
1152.000000	95.918859
1151.000000	95.837269
1150.000000	95.757015
1149.000000	95.674275
1148.000000	95.586477
1147.000000	95.495104
1146.000000	95.403151
1145.000000	95.313815
1144.000000	95.231381
1143.000000	95.157965
1142.000000	95.088310
1141.000000	95.012998
1140.000000	94.928396
1139.000000	94.839186
1138.000000	94.750323
1137.000000	94.661331
1136.000000	94.569800
1135.000000	94.475252
1134.000000	94.377390
1133.000000	94.275137
1132.000000	94.169826
1131.000000	94.065890
1130.000000	93.966681
1129.000000	93.872452
1128.000000	93.782299
1127.000000	93.693872
1126.000000	93.601778
1125.000000	93.501821
1124.000000	93.396904
1123.000000	93.293350
1122.000000	93.191807
1121.000000	93.088162
1120.000000	92.983003
1119.000000	92.882252
1118.000000	92.787626
1117.000000	92.694687
1116.000000	92.601769
1115.000000	92.512564
1114.000000	92.427443
1113.000000	92.340082
1112.000000	92.245833
1111.000000	92.147133
1110.000000	92.048710
1109.000000	91.953666
1108.000000	91.864725
1107.000000	91.782611
1106.000000	91.702240
1105.000000	91.617633
1104.000000	91.531046
1103.000000	91.449860
1102.000000	91.374809
1101.000000	91.299517
1100.000000	91.220679
1099.000000	91.141604
1098.000000	91.064150
1097.000000	90.987570
1096.000000	90.914370
1095.000000	90.847914
1094.000000	90.784650
1093.000000	90.718522
1092.000000	90.652248
1091.000000	90.593569
1090.000000	90.541180
1089.000000	90.486272
1088.000000	90.428055
1087.000000	90.375457
1086.000000	90.332188
1085.000000	90.291669
1084.000000	90.248222
1083.000000	90.202411
1082.000000	90.154625
1081.000000	90.104585
1080.000000	90.057821
1079.000000	90.021138
1078.000000	89.990524
1077.000000	89.954570
1076.000000	89.909612
1075.000000	89.859472
1074.000000	89.800888
1073.000000	89.722854
1072.000000	89.621576
1071.000000	89.503334
1070.000000	89.371092
1069.000000	89.220617
1068.000000	89.052091
1067.000000	88.873638
1066.000000	88.690813
1065.000000	88.503614
1064.000000	88.315518
1063.000000	88.133750
1062.000000	87.959434
1061.000000	87.789557
1060.000000	87.628724
1059.000000	87.485179
1058.000000	87.354723
1057.000000	87.223043
1056.000000	87.084443
1055.000000	86.943304
1054.000000	86.797021
1053.000000	86.634832
1052.000000	86.456436
1051.000000	86.273911
1050.000000	86.090401
1049.000000	85.895552
1048.000000	85.686571
1047.000000	85.473308
1046.000000	85.258550
1045.000000	85.033553
1044.000000	84.797346
1043.000000	84.562220
1042.000000	84.335551
1041.000000	84.112618
1040.000000	83.891623
1039.000000	83.679251
1038.000000	83.477337
1037.000000	83.281223
1036.000000	83.095387
1035.000000	82.932830
1034.000000	82.794321
1033.000000	82.665714
1032.000000	82.540226
1031.000000	82.425930
1030.000000	82.327163
1029.000000	82.237144
1028.000000	82.153585
1027.000000	82.082937
1026.000000	82.023720
1025.000000	81.963365
1024.000000	81.896787
1023.000000	81.831346
1022.000000	81.769867
1021.000000	81.706594
1020.000000	81.643120
1019.000000	81.589214
1018.000000	81.543703
1017.000000	81.493342
1016.000000	81.434814
1015.000000	81.378875
1014.000000	81.328607
1013.000000	81.273480
1012.000000	81.210588
1011.000000	81.152611
1010.000000	81.107999
1009.000000	81.070529
1008.000000	81.034142
1007.000000	81.001497
1006.000000	80.973020
1005.000000	80.944205
1004.000000	80.918119
1003.000000	80.904131
1002.000000	80.900950
1001.000000	80.897560
1000.000000	80.893041
999.000000	80.897135
998.000000	80.909255
997.000000	80.917241
996.000000	80.920491
995.000000	80.933448
994.000000	80.960918
993.000000	80.990384
992.000000	81.015240
991.000000	81.046081
990.000000	81.091341
989.000000	81.145179
988.000000	81.202333
987.000000	81.268052
986.000000	81.345612
985.000000	81.429964
984.000000	81.520797
983.000000	81.626690
982.000000	81.749938
981.000000	81.882097
980.000000	82.020279
979.000000	82.173000
978.000000	82.344165
977.000000	82.525975
976.000000	82.713556
975.000000	82.913016
974.000000	83.129196
973.000000	83.357402
972.000000	83.591438
971.000000	83.828336
970.000000	84.062749
969.000000	84.289239
968.000000	84.512500
967.000000	84.743063
966.000000	84.980850
965.000000	85.214979
964.000000	85.440654
963.000000	85.662991
962.000000	85.883215
961.000000	86.095229
960.000000	86.298136
959.000000	86.498597
958.000000	86.697934
957.000000	86.889560
956.000000	87.071789
955.000000	87.250639
954.000000	87.427316
953.000000	87.595344
952.000000	87.752900
951.000000	87.905781
950.000000	88.055165
949.000000	88.194288
948.000000	88.320596
947.000000	88.439820
946.000000	88.555026
945.000000	88.662568
944.000000	88.761917
943.000000	88.858421
942.000000	88.953218
941.000000	89.041199
940.000000	89.122258
939.000000	89.203987
938.000000	89.289862
937.000000	89.374871
936.000000	89.455902
935.000000	89.536489
934.000000	89.618889
933.000000	89.701656
932.000000	89.787055
931.000000	89.879643
930.000000	89.975084
929.000000	90.062236
928.000000	90.139829
927.000000	90.219726
926.000000	90.309719
925.000000	90.404065
924.000000	90.495167
923.000000	90.583283
922.000000	90.669269
921.000000	90.748197
920.000000	90.816941
919.000000	90.880308
918.000000	90.943969
917.000000	91.007833
916.000000	91.070590
915.000000	91.134136
914.000000	91.200241
913.000000	91.269913
912.000000	91.348884
911.000000	91.445949
910.000000	91.562642
909.000000	91.691960
908.000000	91.830195
907.000000	91.982382
906.000000	92.152784
905.000000	92.337295
904.000000	92.528526
903.000000	92.722658
902.000000	92.919276
901.000000	93.119776
900.000000	93.326618
899.000000	93.539021
898.000000	93.749760
897.000000	93.952400
896.000000	94.149905
895.000000	94.349381
894.000000	94.550329
893.000000	94.745913
892.000000	94.933436
891.000000	95.113667
890.000000	95.280916
889.000000	95.425742
888.000000	95.550821
887.000000	95.674974
886.000000	95.816091
885.000000	95.975140
884.000000	96.139707
883.000000	96.296705
882.000000	96.438636
881.000000	96.564393
880.000000	96.679579
879.000000	96.793368
878.000000	96.911587
877.000000	97.034357
876.000000	97.160661
875.000000	97.290971
874.000000	97.424642
873.000000	97.559041
872.000000	97.692283
871.000000	97.823637
870.000000	97.951599
869.000000	98.075339
868.000000	98.197642
867.000000	98.322387
866.000000	98.449028
865.000000	98.573111
864.000000	98.691959
863.000000	98.806836
862.000000	98.920287
861.000000	99.034133
860.000000	99.148564
859.000000	99.259893
858.000000	99.361072
857.000000	99.448523
856.000000	99.526933
855.000000	99.603229
854.000000	99.677410
853.000000	99.744050
852.000000	99.801138
851.000000	99.851633
850.000000	99.897019
849.000000	99.936187
848.000000	99.971939
847.000000	100.011527
846.000000	100.056842
845.000000	100.098704
844.000000	100.124996
843.000000	100.131494
842.000000	100.121245
841.000000	100.096018
840.000000	100.053207
839.000000	99.991152
838.000000	99.914245
837.000000	99.832110
836.000000	99.755516
835.000000	99.692305
834.000000	99.643782
833.000000	99.603936
832.000000	99.564962
831.000000	99.526437
830.000000	99.498939
829.000000	99.495533
828.000000	99.517079
827.000000	99.547321
826.000000	99.566709
825.000000	99.571657
824.000000	99.575755
823.000000	99.591914
822.000000	99.619717
821.000000	99.650700
820.000000	99.676008
819.000000	99.684835
818.000000	99.665085
817.000000	99.613250
816.000000	99.538784
815.000000	99.451811
814.000000	99.348549
813.000000	99.213953
812.000000	99.035522
811.000000	98.807295
810.000000	98.522265
809.000000	98.170421
808.000000	97.748110
807.000000	97.264825
806.000000	96.738762
805.000000	96.190929
804.000000	95.645793
803.000000	95.130081
802.000000	94.665172
801.000000	94.265364
800.000000	93.945801
799.000000	93.722981
798.000000	93.602343
797.000000	93.572723
796.000000	93.616305
795.000000	93.716021
794.000000	93.851589
793.000000	93.999012
792.000000	94.139948
791.000000	94.266707
790.000000	94.375387
789.000000	94.457711
788.000000	94.499954
787.000000	94.486708
786.000000	94.407904
785.000000	94.267806
784.000000	94.086680
783.000000	93.889667
782.000000	93.695454
781.000000	93.519257
780.000000	93.381124
779.000000	93.300908
778.000000	93.286230
777.000000	93.334469
776.000000	93.444043
775.000000	93.611698
774.000000	93.819518
773.000000	94.038225
772.000000	94.247223
771.000000	94.443045
770.000000	94.626889
769.000000	94.792495
768.000000	94.929125
767.000000	95.030870
766.000000	95.101342
765.000000	95.152601
764.000000	95.198317
763.000000	95.243852
762.000000	95.285205
761.000000	95.321943
760.000000	95.366338
759.000000	95.432114
758.000000	95.518103
757.000000	95.611913
756.000000	95.706118
755.000000	95.800548
754.000000	95.891639
753.000000	95.972302
752.000000	96.043701
751.000000	96.116788
750.000000	96.199048
749.000000	96.286865
748.000000	96.372343
747.000000	96.451258
746.000000	96.524595
745.000000	96.600313
744.000000	96.694465
743.000000	96.821841
742.000000	96.981696
741.000000	97.157397
740.000000	97.330746
739.000000	97.492188
738.000000	97.639361
737.000000	97.774004
736.000000	97.901424
735.000000	98.026332
734.000000	98.146486
733.000000	98.254057
732.000000	98.343951
731.000000	98.416991
730.000000	98.474855
729.000000	98.516108
728.000000	98.540857
727.000000	98.555798
726.000000	98.571021
725.000000	98.595403
724.000000	98.635142
723.000000	98.691881
722.000000	98.761025
721.000000	98.835602
720.000000	98.913259
719.000000	98.996673
718.000000	99.086552
717.000000	99.177378
716.000000	99.259316
715.000000	99.322986
714.000000	99.366521
713.000000	99.401099
712.000000	99.444936
711.000000	99.504444
710.000000	99.563528
709.000000	99.598400
708.000000	99.601825
707.000000	99.587232
706.000000	99.568277
705.000000	99.544615
704.000000	99.508556
703.000000	99.450563
702.000000	99.354409
701.000000	99.198015
700.000000	98.968726
699.000000	98.680573
698.000000	98.372197
697.000000	98.091444
696.000000	97.882173
695.000000	97.771991
694.000000	97.765380
693.000000	97.845189
692.000000	97.980749
691.000000	98.140800
690.000000	98.301195
689.000000	98.448784
688.000000	98.582078
687.000000	98.704852
686.000000	98.819146
685.000000	98.921189
684.000000	99.002810
683.000000	99.060168
682.000000	99.100400
681.000000	99.138032
680.000000	99.183764
679.000000	99.239307
678.000000	99.301911
677.000000	99.364013
676.000000	99.416701
675.000000	99.462222
674.000000	99.512087
673.000000	99.571232
672.000000	99.633437
671.000000	99.695021
670.000000	99.770705
669.000000	99.879985
668.000000	99.985434
667.000000	100.027495
666.000000	100.029509
665.000000	100.014171
664.000000	99.999108
663.000000	100.010916
662.000000	100.055616
661.000000	100.105643
660.000000	100.135832
659.000000	100.150906
658.000000	100.164495
657.000000	100.165941
656.000000	100.133519
655.000000	100.069664
654.000000	99.996764
653.000000	99.933672
652.000000	99.894123
651.000000	99.887088
650.000000	99.904072
