4000.000000	100.779688
3999.000000	100.779378
3998.000000	100.779073
3997.000000	100.778777
3996.000000	100.778492
3995.000000	100.778216
3994.000000	100.777944
3993.000000	100.777673
3992.000000	100.777408
3991.000000	100.777164
3990.000000	100.776949
3989.000000	100.776747
3988.000000	100.776525
3987.000000	100.776266
3986.000000	100.775993
3985.000000	100.775764
3984.000000	100.775625
3983.000000	100.775579
3982.000000	100.775597
3981.000000	100.775629
3980.000000	100.775622
3979.000000	100.775541
3978.000000	100.775381
3977.000000	100.775173
3976.000000	100.774974
3975.000000	100.774845
3974.000000	100.774808
3973.000000	100.774851
3972.000000	100.774946
3971.000000	100.775067
3970.000000	100.775166
3969.000000	100.775182
3968.000000	100.775083
3967.000000	100.774920
3966.000000	100.774818
3965.000000	100.774849
3964.000000	100.774962
3963.000000	100.775032
3962.000000	100.774988
3961.000000	100.774895
3960.000000	100.774901
3959.000000	100.775112
3958.000000	100.775485
3957.000000	100.775828
3956.000000	100.775954
3955.000000	100.775840
3954.000000	100.775646
3953.000000	100.775552
3952.000000	100.775585
3951.000000	100.775610
3950.000000	100.775469
3949.000000	100.775129
3948.000000	100.774707
3947.000000	100.774389
3946.000000	100.774312
3945.000000	100.774499
3944.000000	100.774833
3943.000000	100.775096
3942.000000	100.775109
3941.000000	100.774861
3940.000000	100.774496
3939.000000	100.774223
3938.000000	100.774239
3937.000000	100.774599
3936.000000	100.775132
3935.000000	100.775445
3934.000000	100.775106
3933.000000	100.773897
3932.000000	100.771986
3931.000000	100.769946
3930.000000	100.768432
3929.000000	100.767834
3928.000000	100.768222
3927.000000	100.769464
3926.000000	100.771129
3925.000000	100.772302
3924.000000	100.772220
3923.000000	100.771003
3922.000000	100.769473
3921.000000	100.768299
3920.000000	100.767584
3919.000000	100.767280
3918.000000	100.767449
3917.000000	100.767988
3916.000000	100.768443
3915.000000	100.768480
3914.000000	100.768215
3913.000000	100.767992
3912.000000	100.768051
3911.000000	100.768512
3910.000000	100.769406
3909.000000	100.770540
3908.000000	100.771502
3907.000000	100.771966
3906.000000	100.772027
3905.000000	100.771936
3904.000000	100.771571
3903.000000	100.770603
3902.000000	100.769071
3901.000000	100.767510
3900.000000	100.766481
3899.000000	100.766126
3898.000000	100.766240
3897.000000	100.766480
3896.000000	100.766483
3895.000000	100.766030
3894.000000	100.765179
3893.000000	100.764272
3892.000000	100.763639
3891.000000	100.763311
3890.000000	100.763133
3889.000000	100.762974
3888.000000	100.762818
3887.000000	100.762646
3886.000000	100.762268
3885.000000	100.761569
3884.000000	100.760809
3883.000000	100.760398
3882.000000	100.760482
3881.000000	100.760686
3880.000000	100.760401
3879.000000	100.759479
3878.000000	100.758264
3877.000000	100.757173
3876.000000	100.756408
3875.000000	100.755830
3874.000000	100.754989
3873.000000	100.753635
3872.000000	100.752285
3871.000000	100.751766
3870.000000	100.751963
3869.000000	100.751936
3868.000000	100.751404
3867.000000	100.751088
3866.000000	100.751565
3865.000000	100.752239
3864.000000	100.751938
3863.000000	100.750577
3862.000000	100.749159
3861.000000	100.748463
3860.000000	100.748314
3859.000000	100.747888
3858.000000	100.746612
3857.000000	100.744785
3856.000000	100.743440
3855.000000	100.743850
3854.000000	100.745497
3853.000000	100.746345
3852.000000	100.746599
3851.000000	100.747650
3850.000000	100.749735
3849.000000	100.752254
3848.000000	100.754345
3847.000000	100.755456
3846.000000	100.755457
3845.000000	100.754640
3844.000000	100.753426
3843.000000	100.751915
3842.000000	100.749941
3841.000000	100.747713
3840.000000	100.745857
3839.000000	100.744632
3838.000000	100.744035
3837.000000	100.744482
3836.000000	100.746574
3835.000000	100.750413
3834.000000	100.755407
3833.000000	100.760146
3832.000000	100.762763
3831.000000	100.762280
3830.000000	100.759384
3829.000000	100.756006
3828.000000	100.754017
3827.000000	100.753979
3826.000000	100.754887
3825.000000	100.755262
3824.000000	100.754438
3823.000000	100.753091
3822.000000	100.752111
3821.000000	100.750878
3820.000000	100.748684
3819.000000	100.746571
3818.000000	100.746691
3817.000000	100.749977
3816.000000	100.754533
3815.000000	100.757653
3814.000000	100.758920
3813.000000	100.759520
3812.000000	100.760262
3811.000000	100.760936
3810.000000	100.761125
3809.000000	100.761117
3808.000000	100.761293
3807.000000	100.761019
3806.000000	100.759398
3805.000000	100.756661
3804.000000	100.754374
3803.000000	100.754335
3802.000000	100.756187
3801.000000	100.757682
3800.000000	100.758245
3799.000000	100.759224
3798.000000	100.761595
3797.000000	100.764799
3796.000000	100.767352
3795.000000	100.768593
3794.000000	100.769063
3793.000000	100.769279
3792.000000	100.768951
3791.000000	100.767624
3790.000000	100.765573
3789.000000	100.763755
3788.000000	100.763072
3787.000000	100.763843
3786.000000	100.765703
3785.000000	100.767684
3784.000000	100.768806
3783.000000	100.769002
3782.000000	100.769173
3781.000000	100.770135
3780.000000	100.771181
3779.000000	100.770505
3778.000000	100.767751
3777.000000	100.765002
3776.000000	100.764555
3775.000000	100.766424
3774.000000	100.768450
3773.000000	100.769004
3772.000000	100.768863
3771.000000	100.769599
3770.000000	100.770865
3769.000000	100.771230
3768.000000	100.770859
3767.000000	100.771394
3766.000000	100.773234
3765.000000	100.774264
3764.000000	100.772321
3763.000000	100.768017
3762.000000	100.763884
3761.000000	100.761368
3760.000000	100.759481
3759.000000	100.756850
3758.000000	100.753645
3757.000000	100.750418
3756.000000	100.747244
3755.000000	100.744658
3754.000000	100.743607
3753.000000	100.743459
3752.000000	100.741091
3751.000000	100.734647
3750.000000	100.727952
3749.000000	100.725742
3748.000000	100.728140
3747.000000	100.734123
3746.000000	100.744477
3745.000000	100.756267
3744.000000	100.763501
3743.000000	100.765828
3742.000000	100.766085
3741.000000	100.765310
3740.000000	100.763249
3739.000000	100.760340
3738.000000	100.759282
3737.000000	100.762021
3736.000000	100.765019
3735.000000	100.762185
3734.000000	100.753401
3733.000000	100.744514
3732.000000	100.739416
3731.000000	100.737115
3730.000000	100.735522
3729.000000	100.734587
3728.000000	100.735179
3727.000000	100.735939
3726.000000	100.733977
3725.000000	100.728977
3724.000000	100.723686
3723.000000	100.720335
3722.000000	100.718471
3721.000000	100.716587
3720.000000	100.714212
3719.000000	100.712081
3718.000000	100.710582
3717.000000	100.708733
3716.000000	100.705429
3715.000000	100.700634
3714.000000	100.694848
3713.000000	100.688287
3712.000000	100.680953
3711.000000	100.673669
3710.000000	100.667774
3709.000000	100.663302
3708.000000	100.659231
3707.000000	100.655292
3706.000000	100.652501
3705.000000	100.651870
3704.000000	100.652777
3703.000000	100.652637
3702.000000	100.648650
3701.000000	100.640557
3700.000000	100.631017
3699.000000	100.623055
3698.000000	100.617741
3697.000000	100.613629
3696.000000	100.608126
3695.000000	100.599803
3694.000000	100.588556
3693.000000	100.574791
3692.000000	100.560469
3691.000000	100.550202
3690.000000	100.547187
3689.000000	100.548574
3688.000000	100.549072
3687.000000	100.546183
3686.000000	100.540416
3685.000000	100.533393
3684.000000	100.525670
3683.000000	100.516231
3682.000000	100.505022
3681.000000	100.493585
3680.000000	100.482134
3679.000000	100.469103
3678.000000	100.455264
3677.000000	100.445629
3676.000000	100.439635
3675.000000	100.429073
3674.000000	100.411206
3673.000000	100.391042
3672.000000	100.374809
3671.000000	100.363737
3670.000000	100.352182
3669.000000	100.337758
3668.000000	100.325457
3667.000000	100.318330
3666.000000	100.313093
3665.000000	100.304238
3664.000000	100.289344
3663.000000	100.270672
3662.000000	100.252396
3661.000000	100.236374
3660.000000	100.221402
3659.000000	100.205611
3658.000000	100.188972
3657.000000	100.172803
3656.000000	100.158151
3655.000000	100.145653
3654.000000	100.134521
3653.000000	100.122847
3652.000000	100.110186
3651.000000	100.098872
3650.000000	100.089823
3649.000000	100.079227
3648.000000	100.063421
3647.000000	100.043479
3646.000000	100.023301
3645.000000	100.006199
3644.000000	99.992904
3643.000000	99.981647
3642.000000	99.970121
3641.000000	99.957864
3640.000000	99.946655
3639.000000	99.937309
3638.000000	99.927692
3637.000000	99.915517
3636.000000	99.902226
3635.000000	99.891414
3634.000000	99.882891
3633.000000	99.871745
3632.000000	99.854699
3631.000000	99.836751
3630.000000	99.828561
3629.000000	99.831230
3628.000000	99.834626
3627.000000	99.832661
3626.000000	99.827437
3625.000000	99.822803
3624.000000	99.819569
3623.000000	99.815786
3622.000000	99.810908
3621.000000	99.808106
3620.000000	99.811284
3619.000000	99.820152
3618.000000	99.830568
3617.000000	99.839269
3616.000000	99.847137
3615.000000	99.858047
3614.000000	99.873786
3613.000000	99.890973
3612.000000	99.904840
3611.000000	99.915114
3610.000000	99.926575
3609.000000	99.943398
3608.000000	99.963092
3607.000000	99.978143
3606.000000	99.983694
3605.000000	99.981474
3604.000000	99.977806
3603.000000	99.979338
3602.000000	99.989205
3601.000000	100.004801
3600.000000	100.020136
3599.000000	100.031229
3598.000000	100.038376
3597.000000	100.043914
3596.000000	100.049552
3595.000000	100.055031
3594.000000	100.058778
3593.000000	100.060057
3592.000000	100.059534
3591.000000	100.058439
3590.000000	100.058247
3589.000000	100.060596
3588.000000	100.065044
3587.000000	100.068591
3586.000000	100.069991
3585.000000	100.070904
3584.000000	100.072566
3583.000000	100.074119
3582.000000	100.073864
3581.000000	100.071092
3580.000000	100.066584
3579.000000	100.061825
3578.000000	100.058110
3577.000000	100.056502
3576.000000	100.058014
3575.000000	100.062983
3574.000000	100.069823
3573.000000	100.075070
3572.000000	100.075151
3571.000000	100.068411
3570.000000	100.056219
3569.000000	100.042961
3568.000000	100.033679
3567.000000	100.030447
3566.000000	100.032359
3565.000000	100.037548
3564.000000	100.043461
3563.000000	100.047071
3562.000000	100.046562
3561.000000	100.042769
3560.000000	100.038474
3559.000000	100.035959
3558.000000	100.035343
3557.000000	100.035043
3556.000000	100.033350
3555.000000	100.029775
3554.000000	100.025393
3553.000000	100.021961
3552.000000	100.020493
3551.000000	100.020599
3550.000000	100.021118
3549.000000	100.021257
3548.000000	100.021105
3547.000000	100.021117
3546.000000	100.021241
3545.000000	100.020913
3544.000000	100.019905
3543.000000	100.018815
3542.000000	100.018615
3541.000000	100.019918
3540.000000	100.022673
3539.000000	100.026215
3538.000000	100.029452
3537.000000	100.031230
3536.000000	100.030947
3535.000000	100.028963
3534.000000	100.026383
3533.000000	100.024373
3532.000000	100.023604
3531.000000	100.024169
3530.000000	100.025662
3529.000000	100.027284
3528.000000	100.028215
3527.000000	100.028277
3526.000000	100.028103
3525.000000	100.028510
3524.000000	100.029753
3523.000000	100.031434
3522.000000	100.032984
3521.000000	100.034000
3520.000000	100.034308
3519.000000	100.033958
3518.000000	100.033201
3517.000000	100.032315
3516.000000	100.031477
3515.000000	100.030792
3514.000000	100.030387
3513.000000	100.030422
3512.000000	100.030979
3511.000000	100.031964
3510.000000	100.033128
3509.000000	100.034170
3508.000000	100.034868
3507.000000	100.035172
3506.000000	100.035202
3505.000000	100.035151
3504.000000	100.035169
3503.000000	100.035366
3502.000000	100.035826
3501.000000	100.036386
3500.000000	100.036471
3499.000000	100.035601
3498.000000	100.034248
3497.000000	100.033859
3496.000000	100.035554
3495.000000	100.038814
3494.000000	100.041724
3493.000000	100.042871
3492.000000	100.042505
3491.000000	100.041875
3490.000000	100.041634
3489.000000	100.041198
3488.000000	100.039685
3487.000000	100.037028
3486.000000	100.034144
3485.000000	100.032247
3484.000000	100.031998
3483.000000	100.033150
3482.000000	100.034732
3481.000000	100.035741
3480.000000	100.035782
3479.000000	100.035021
3478.000000	100.033771
3477.000000	100.032296
3476.000000	100.030844
3475.000000	100.029569
3474.000000	100.028339
3473.000000	100.026835
3472.000000	100.024915
3471.000000	100.022785
3470.000000	100.020787
3469.000000	100.019131
3468.000000	100.017822
3467.000000	100.016739
3466.000000	100.015730
3465.000000	100.014693
3464.000000	100.013630
3463.000000	100.012577
3462.000000	100.011490
3461.000000	100.010267
3460.000000	100.008877
3459.000000	100.007410
3458.000000	100.005987
3457.000000	100.004635
3456.000000	100.003289
3455.000000	100.001894
3454.000000	100.000457
3453.000000	99.998986
3452.000000	99.997489
3451.000000	99.995988
3450.000000	99.994507
3449.000000	99.993055
3448.000000	99.991626
3447.000000	99.990203
3446.000000	99.988775
3445.000000	99.987335
3444.000000	99.985883
3443.000000	99.984421
3442.000000	99.982950
3441.000000	99.981475
3440.000000	99.979999
3439.000000	99.978526
3438.000000	99.977055
3437.000000	99.975585
3436.000000	99.974116
3435.000000	99.972653
3434.000000	99.971201
3433.000000	99.969765
3432.000000	99.968346
3431.000000	99.966945
3430.000000	99.965562
3429.000000	99.964200
3428.000000	99.962856
3427.000000	99.961541
3426.000000	99.960310
3425.000000	99.959193
3424.000000	99.958057
3423.000000	99.956657
3422.000000	99.954889
3421.000000	99.953053
3420.000000	99.951649
3419.000000	99.950922
3418.000000	99.950541
3417.000000	99.949838
3416.000000	99.948453
3415.000000	99.946677
3414.000000	99.945124
3413.000000	99.944052
3412.000000	99.943271
3411.000000	99.942712
3410.000000	99.942550
3409.000000	99.942495
3408.000000	99.941565
3407.000000	99.939150
3406.000000	99.936037
3405.000000	99.933683
3404.000000	99.932612
3403.000000	99.932168
3402.000000	99.931688
3401.000000	99.931301
3400.000000	99.931271
3399.000000	99.931158
3398.000000	99.930166
3397.000000	99.928254
3396.000000	99.926471
3395.000000	99.926035
3394.000000	99.927235
3393.000000	99.929268
3392.000000	99.931118
3391.000000	99.932487
3390.000000	99.933740
3389.000000	99.935234
3388.000000	99.937040
3387.000000	99.939107
3386.000000	99.941301
3385.000000	99.943401
3384.000000	99.945403
3383.000000	99.947686
3382.000000	99.950440
3381.000000	99.953093
3380.000000	99.954936
3379.000000	99.956315
3378.000000	99.958375
3377.000000	99.961415
3376.000000	99.964183
3375.000000	99.965190
3374.000000	99.964190
3373.000000	99.962192
3372.000000	99.960480
3371.000000	99.959965
3370.000000	99.960991
3369.000000	99.963159
3368.000000	99.965470
3367.000000	99.967120
3366.000000	99.968190
3365.000000	99.969361
3364.000000	99.971113
3363.000000	99.973420
3362.000000	99.975992
3361.000000	99.978466
3360.000000	99.980462
3359.000000	99.981737
3358.000000	99.982337
3357.000000	99.982537
3356.000000	99.982639
3355.000000	99.982879
3354.000000	99.983427
3353.000000	99.984400
3352.000000	99.985887
3351.000000	99.987958
3350.000000	99.990532
3349.000000	99.993175
3348.000000	99.995223
3347.000000	99.996320
3346.000000	99.996732
3345.000000	99.997144
3344.000000	99.998011
3343.000000	99.999207
3342.000000	100.000327
3341.000000	100.001159
3340.000000	100.001805
3339.000000	100.002464
3338.000000	100.003252
3337.000000	100.004253
3336.000000	100.005619
3335.000000	100.007515
3334.000000	100.009921
3333.000000	100.012510
3332.000000	100.014791
3331.000000	100.016428
3330.000000	100.017343
3329.000000	100.017557
3328.000000	100.017153
3327.000000	100.016483
3326.000000	100.016279
3325.000000	100.017185
3324.000000	100.019168
3323.000000	100.021572
3322.000000	100.023743
3321.000000	100.025454
3320.000000	100.026714
3319.000000	100.027452
3318.000000	100.027625
3317.000000	100.027487
3316.000000	100.027491
3315.000000	100.027837
3314.000000	100.028275
3313.000000	100.028492
3312.000000	100.028658
3311.000000	100.029416
3310.000000	100.031211
3309.000000	100.033709
3308.000000	100.036017
3307.000000	100.037563
3306.000000	100.038597
3305.000000	100.039806
3304.000000	100.041577
3303.000000	100.043700
3302.000000	100.045626
3301.000000	100.046847
3300.000000	100.047164
3299.000000	100.046691
3298.000000	100.045655
3297.000000	100.044242
3296.000000	100.042763
3295.000000	100.041884
3294.000000	100.042359
3293.000000	100.044393
3292.000000	100.047512
3291.000000	100.051204
3290.000000	100.055339
3289.000000	100.059659
3288.000000	100.063252
3287.000000	100.065096
3286.000000	100.065056
3285.000000	100.064085
3284.000000	100.063522
3283.000000	100.064145
3282.000000	100.065906
3281.000000	100.068178
3280.000000	100.070160
3279.000000	100.071377
3278.000000	100.071994
3277.000000	100.072567
3276.000000	100.073456
3275.000000	100.074596
3274.000000	100.075868
3273.000000	100.077380
3272.000000	100.079179
3271.000000	100.080952
3270.000000	100.082322
3269.000000	100.083351
3268.000000	100.084427
3267.000000	100.085676
3266.000000	100.086817
3265.000000	100.087711
3264.000000	100.088751
3263.000000	100.090479
3262.000000	100.092928
3261.000000	100.095535
3260.000000	100.097621
3259.000000	100.098786
3258.000000	100.098903
3257.000000	100.098124
3256.000000	100.097062
3255.000000	100.096649
3254.000000	100.097473
3253.000000	100.099343
3252.000000	100.101528
3251.000000	100.103450
3250.000000	100.105053
3249.000000	100.106512
3248.000000	100.107855
3247.000000	100.108950
3246.000000	100.109758
3245.000000	100.110460
3244.000000	100.111354
3243.000000	100.112647
3242.000000	100.114242
3241.000000	100.115722
3240.000000	100.116627
3239.000000	100.116916
3238.000000	100.117084
3237.000000	100.117737
3236.000000	100.119086
3235.000000	100.120917
3234.000000	100.122919
3233.000000	100.124901
3232.000000	100.126757
3231.000000	100.128439
3230.000000	100.130046
3229.000000	100.131792
3228.000000	100.133828
3227.000000	100.136085
3226.000000	100.138295
3225.000000	100.140132
3224.000000	100.141438
3223.000000	100.142333
3222.000000	100.143138
3221.000000	100.144135
3220.000000	100.145381
3219.000000	100.146755
3218.000000	100.148116
3217.000000	100.149426
3216.000000	100.150764
3215.000000	100.152277
3214.000000	100.154034
3213.000000	100.155914
3212.000000	100.157671
3211.000000	100.159151
3210.000000	100.160417
3209.000000	100.161728
3208.000000	100.163325
3207.000000	100.165203
3206.000000	100.167094
3205.000000	100.168736
3204.000000	100.170100
3203.000000	100.171390
3202.000000	100.172876
3201.000000	100.174691
3200.000000	100.176735
3199.000000	100.178751
3198.000000	100.180519
3197.000000	100.181975
3196.000000	100.183180
3195.000000	100.184245
3194.000000	100.185353
3193.000000	100.186764
3192.000000	100.188638
3191.000000	100.190809
3190.000000	100.192806
3189.000000	100.194199
3188.000000	100.194968
3187.000000	100.195523
3186.000000	100.196358
3185.000000	100.197669
3184.000000	100.199296
3183.000000	100.200967
3182.000000	100.202573
3181.000000	100.204213
3180.000000	100.206108
3179.000000	100.208472
3178.000000	100.211326
3177.000000	100.214318
3176.000000	100.216856
3175.000000	100.218615
3174.000000	100.219941
3173.000000	100.221655
3172.000000	100.224339
3171.000000	100.227830
3170.000000	100.231307
3169.000000	100.233853
3168.000000	100.234991
3167.000000	100.234877
3166.000000	100.234220
3165.000000	100.233950
3164.000000	100.234669
3163.000000	100.236355
3162.000000	100.238541
3161.000000	100.240715
3160.000000	100.242629
3159.000000	100.244278
3158.000000	100.245724
3157.000000	100.247057
3156.000000	100.248477
3155.000000	100.250294
3154.000000	100.252698
3153.000000	100.255512
3152.000000	100.258187
3151.000000	100.260220
3150.000000	100.261553
3149.000000	100.262577
3148.000000	100.263811
3147.000000	100.265500
3146.000000	100.267558
3145.000000	100.269738
3144.000000	100.271829
3143.000000	100.273735
3142.000000	100.275466
3141.000000	100.277100
3140.000000	100.278734
3139.000000	100.280436
3138.000000	100.282195
3137.000000	100.283938
3136.000000	100.285599
3135.000000	100.287204
3134.000000	100.288850
3133.000000	100.290608
3132.000000	100.292462
3131.000000	100.294356
3130.000000	100.296260
3129.000000	100.298161
3128.000000	100.300036
3127.000000	100.301880
3126.000000	100.303711
3125.000000	100.305548
3124.000000	100.307397
3123.000000	100.309256
3122.000000	100.311125
3121.000000	100.313004
3120.000000	100.314885
3119.000000	100.316760
3118.000000	100.318629
3117.000000	100.320492
3116.000000	100.322345
3115.000000	100.324176
3114.000000	100.325973
3113.000000	100.327742
3112.000000	100.329494
3111.000000	100.331240
3110.000000	100.332988
3109.000000	100.334740
3108.000000	100.336490
3107.000000	100.338226
3106.000000	100.339938
3105.000000	100.341623
3104.000000	100.343289
3103.000000	100.344944
3102.000000	100.346595
3101.000000	100.348247
3100.000000	100.349905
3099.000000	100.351569
3098.000000	100.353233
3097.000000	100.354893
3096.000000	100.356545
3095.000000	100.358187
3094.000000	100.359814
3093.000000	100.361431
3092.000000	100.363063
3091.000000	100.364737
3090.000000	100.366452
3089.000000	100.368168
3088.000000	100.369851
3087.000000	100.371493
3086.000000	100.373098
3085.000000	100.374656
3084.000000	100.376159
3083.000000	100.377623
3082.000000	100.379074
3081.000000	100.380513
3080.000000	100.381933
3079.000000	100.383360
3078.000000	100.384840
3077.000000	100.386389
3076.000000	100.387986
3075.000000	100.389609
3074.000000	100.391210
3073.000000	100.392645
3072.000000	100.393730
3071.000000	100.394446
3070.000000	100.395070
3069.000000	100.395954
3068.000000	100.397204
3067.000000	100.398648
3066.000000	100.400070
3065.000000	100.401384
3064.000000	100.402629
3063.000000	100.403927
3062.000000	100.405376
3061.000000	100.406839
3060.000000	100.407954
3059.000000	100.408610
3058.000000	100.409369
3057.000000	100.411077
3056.000000	100.413981
3055.000000	100.417319
3054.000000	100.419945
3053.000000	100.421275
3052.000000	100.421447
3051.000000	100.420956
3050.000000	100.420401
3049.000000	100.420413
3048.000000	100.421382
3047.000000	100.423200
3046.000000	100.425350
3045.000000	100.427192
3044.000000	100.428199
3043.000000	100.428217
3042.000000	100.427765
3041.000000	100.427804
3040.000000	100.428760
3039.000000	100.429957
3038.000000	100.430364
3037.000000	100.429794
3036.000000	100.429034
3035.000000	100.428859
3034.000000	100.429390
3033.000000	100.430461
3032.000000	100.432082
3031.000000	100.434263
3030.000000	100.436733
3029.000000	100.439142
3028.000000	100.441326
3027.000000	100.443091
3026.000000	100.444022
3025.000000	100.443880
3024.000000	100.443183
3023.000000	100.443115
3022.000000	100.444546
3021.000000	100.447132
3020.000000	100.449479
3019.000000	100.450460
3018.000000	100.450408
3017.000000	100.450726
3016.000000	100.452140
3015.000000	100.453740
3014.000000	100.454201
3013.000000	100.453783
3012.000000	100.454521
3011.000000	100.458285
3010.000000	100.464909
3009.000000	100.472224
3008.000000	100.477797
3007.000000	100.480576
3006.000000	100.481237
3005.000000	100.481362
3004.000000	100.482358
3003.000000	100.484933
3002.000000	100.489014
3001.000000	100.493582
3000.000000	100.496859
2999.000000	100.497629
2998.000000	100.496773
2997.000000	100.496802
2996.000000	100.499248
2995.000000	100.502987
2994.000000	100.505720
2993.000000	100.506528
2992.000000	100.506159
2991.000000	100.505414
2990.000000	100.504716
2989.000000	100.505368
2988.000000	100.509789
2987.000000	100.519498
2986.000000	100.533105
2985.000000	100.546769
2984.000000	100.556770
2983.000000	100.561788
2982.000000	100.563384
2981.000000	100.564720
2980.000000	100.568073
2979.000000	100.572892
2978.000000	100.576371
2977.000000	100.576086
2976.000000	100.571972
2975.000000	100.566079
2974.000000	100.560923
2973.000000	100.557945
2972.000000	100.556684
2971.000000	100.555062
2970.000000	100.551179
2969.000000	100.545495
2968.000000	100.540907
2967.000000	100.539796
2966.000000	100.540955
2965.000000	100.540160
2964.000000	100.534090
2963.000000	100.523412
2962.000000	100.512071
2961.000000	100.503722
2960.000000	100.498985
2959.000000	100.495859
2958.000000	100.492358
2957.000000	100.488584
2956.000000	100.486436
2955.000000	100.487689
2954.000000	100.492407
2953.000000	100.498734
2952.000000	100.503850
2951.000000	100.505465
2950.000000	100.503126
2949.000000	100.498563
2948.000000	100.494636
2947.000000	100.493529
2946.000000	100.495610
2945.000000	100.499598
2944.000000	100.503393
2943.000000	100.504985
2942.000000	100.503447
2941.000000	100.499792
2940.000000	100.496745
2939.000000	100.496858
2938.000000	100.500296
2937.000000	100.504397
2936.000000	100.505659
2935.000000	100.502504
2934.000000	100.496389
2933.000000	100.490429
2932.000000	100.486693
2931.000000	100.484672
2930.000000	100.482258
2929.000000	100.478117
2928.000000	100.473138
2927.000000	100.469599
2926.000000	100.469126
2925.000000	100.471506
2924.000000	100.475301
2923.000000	100.479527
2922.000000	100.484695
2921.000000	100.491918
2920.000000	100.500845
2919.000000	100.508923
2918.000000	100.513259
2917.000000	100.513317
2916.000000	100.511482
2915.000000	100.510915
2914.000000	100.513088
2913.000000	100.517370
2912.000000	100.522226
2911.000000	100.526477
2910.000000	100.529979
2909.000000	100.533662
2908.000000	100.538668
2907.000000	100.544889
2906.000000	100.550615
2905.000000	100.554208
2904.000000	100.556022
2903.000000	100.558052
2902.000000	100.561880
2901.000000	100.567554
2900.000000	100.574128
2899.000000	100.580348
2898.000000	100.584660
2897.000000	100.585824
2896.000000	100.584242
2895.000000	100.582032
2894.000000	100.580957
2893.000000	100.580883
2892.000000	100.581065
2891.000000	100.581982
2890.000000	100.584724
2889.000000	100.589026
2888.000000	100.593268
2887.000000	100.596451
2886.000000	100.598894
2885.000000	100.600862
2884.000000	100.601856
2883.000000	100.601959
2882.000000	100.602745
2881.000000	100.605618
2880.000000	100.609714
2879.000000	100.612444
2878.000000	100.612031
2877.000000	100.608862
2876.000000	100.604621
2875.000000	100.600861
2874.000000	100.598377
2873.000000	100.597190
2872.000000	100.596795
2871.000000	100.596717
2870.000000	100.597000
2869.000000	100.598000
2868.000000	100.599792
2867.000000	100.602048
2866.000000	100.604292
2865.000000	100.605832
2864.000000	100.605614
2863.000000	100.602863
2862.000000	100.598222
2861.000000	100.593806
2860.000000	100.591590
2859.000000	100.591687
2858.000000	100.592136
2857.000000	100.590324
2856.000000	100.585071
2855.000000	100.577946
2854.000000	100.572521
2853.000000	100.571517
2852.000000	100.574437
2851.000000	100.578079
2850.000000	100.579754
2849.000000	100.580012
2848.000000	100.581857
2847.000000	100.587640
2846.000000	100.596996
2845.000000	100.607267
2844.000000	100.615494
2843.000000	100.620134
2842.000000	100.621374
2841.000000	100.620433
2840.000000	100.618813
2839.000000	100.617774
2838.000000	100.617927
2837.000000	100.619068
2836.000000	100.620617
2835.000000	100.622415
2834.000000	100.624823
2833.000000	100.627808
2832.000000	100.630324
2831.000000	100.631198
2830.000000	100.630593
2829.000000	100.630097
2828.000000	100.631215
2827.000000	100.634040
2826.000000	100.637379
2825.000000	100.639831
2824.000000	100.640730
2823.000000	100.640459
2822.000000	100.640047
2821.000000	100.640315
2820.000000	100.641322
2819.000000	100.642707
2818.000000	100.644266
2817.000000	100.645830
2816.000000	100.646869
2815.000000	100.646873
2814.000000	100.646152
2813.000000	100.645756
2812.000000	100.646356
2811.000000	100.647620
2810.000000	100.648817
2809.000000	100.649634
2808.000000	100.650300
2807.000000	100.651172
2806.000000	100.652422
2805.000000	100.654001
2804.000000	100.655714
2803.000000	100.657291
2802.000000	100.658486
2801.000000	100.659181
2800.000000	100.659474
2799.000000	100.659760
2798.000000	100.660599
2797.000000	100.662291
2796.000000	100.664463
2795.000000	100.666188
2794.000000	100.666849
2793.000000	100.666634
2792.000000	100.666172
2791.000000	100.665798
2790.000000	100.665418
2789.000000	100.665055
2788.000000	100.665129
2787.000000	100.666035
2786.000000	100.667693
2785.000000	100.669569
2784.000000	100.671105
2783.000000	100.672086
2782.000000	100.672631
2781.000000	100.673039
2780.000000	100.673609
2779.000000	100.674482
2778.000000	100.675598
2777.000000	100.676771
2776.000000	100.677842
2775.000000	100.678751
2774.000000	100.679491
2773.000000	100.680074
2772.000000	100.680591
2771.000000	100.681243
2770.000000	100.682194
2769.000000	100.683342
2768.000000	100.684298
2767.000000	100.684719
2766.000000	100.684622
2765.000000	100.684364
2764.000000	100.684348
2763.000000	100.684837
2762.000000	100.685915
2761.000000	100.687371
2760.000000	100.688664
2759.000000	100.689365
2758.000000	100.689707
2757.000000	100.690412
2756.000000	100.691851
2755.000000	100.693631
2754.000000	100.695113
2753.000000	100.696152
2752.000000	100.697030
2751.000000	100.697949
2750.000000	100.698884
2749.000000	100.699806
2748.000000	100.700731
2747.000000	100.701589
2746.000000	100.702284
2745.000000	100.702873
2744.000000	100.703493
2743.000000	100.704121
2742.000000	100.704605
2741.000000	100.704955
2740.000000	100.705446
2739.000000	100.706393
2738.000000	100.707897
2737.000000	100.709760
2736.000000	100.711482
2735.000000	100.712472
2734.000000	100.712465
2733.000000	100.711776
2732.000000	100.711156
2731.000000	100.711217
2730.000000	100.712062
2729.000000	100.713331
2728.000000	100.714444
2727.000000	100.714969
2726.000000	100.714849
2725.000000	100.714364
2724.000000	100.713854
2723.000000	100.713512
2722.000000	100.713440
2721.000000	100.713698
2720.000000	100.714223
2719.000000	100.714817
2718.000000	100.715297
2717.000000	100.715620
2716.000000	100.715828
2715.000000	100.715958
2714.000000	100.716050
2713.000000	100.716182
2712.000000	100.716392
2711.000000	100.716620
2710.000000	100.716797
2709.000000	100.716930
2708.000000	100.717030
2707.000000	100.717049
2706.000000	100.716985
2705.000000	100.716979
2704.000000	100.717183
2703.000000	100.717562
2702.000000	100.717922
2701.000000	100.718133
2700.000000	100.718243
2699.000000	100.718353
2698.000000	100.718487
2697.000000	100.718609
2696.000000	100.718710
2695.000000	100.718806
2694.000000	100.718905
2693.000000	100.719007
2692.000000	100.719123
2691.000000	100.719269
2690.000000	100.719445
2689.000000	100.719624
2688.000000	100.719754
2687.000000	100.719798
2686.000000	100.719762
2685.000000	100.719694
2684.000000	100.719675
2683.000000	100.719763
2682.000000	100.719967
2681.000000	100.720228
2680.000000	100.720465
2679.000000	100.720653
2678.000000	100.720810
2677.000000	100.720946
2676.000000	100.721026
2675.000000	100.721006
2674.000000	100.720896
2673.000000	100.720764
2672.000000	100.720672
2671.000000	100.720628
2670.000000	100.720599
2669.000000	100.720557
2668.000000	100.720510
2667.000000	100.720484
2666.000000	100.720491
2665.000000	100.720525
2664.000000	100.720572
2663.000000	100.720617
2662.000000	100.720645
2661.000000	100.720636
2660.000000	100.720579
2659.000000	100.720489
2658.000000	100.720402
2657.000000	100.720357
2656.000000	100.720360
2655.000000	100.720387
2654.000000	100.720398
2653.000000	100.720374
2652.000000	100.720321
2651.000000	100.720270
2650.000000	100.720250
2649.000000	100.720271
2648.000000	100.720322
2647.000000	100.720378
2646.000000	100.720431
2645.000000	100.720495
2644.000000	100.720585
2643.000000	100.720693
2642.000000	100.720797
2641.000000	100.720885
2640.000000	100.720957
2639.000000	100.721013
2638.000000	100.721058
2637.000000	100.721119
2636.000000	100.721224
2635.000000	100.721379
2634.000000	100.721567
2633.000000	100.721775
2632.000000	100.721997
2631.000000	100.722232
2630.000000	100.722475
2629.000000	100.722717
2628.000000	100.722955
2627.000000	100.723199
2626.000000	100.723467
2625.000000	100.723769
2624.000000	100.724097
2623.000000	100.724417
2622.000000	100.724704
2621.000000	100.724954
2620.000000	100.725196
2619.000000	100.725464
2618.000000	100.725749
2617.000000	100.726017
2616.000000	100.726256
2615.000000	100.726476
2614.000000	100.726685
2613.000000	100.726863
2612.000000	100.726998
2611.000000	100.727105
2610.000000	100.727227
2609.000000	100.727390
2608.000000	100.727593
2607.000000	100.727800
2606.000000	100.727971
2605.000000	100.728103
2604.000000	100.728253
2603.000000	100.728481
2602.000000	100.728769
2601.000000	100.729021
2600.000000	100.729167
2599.000000	100.729221
2598.000000	100.729250
2597.000000	100.729311
2596.000000	100.729454
2595.000000	100.729727
2594.000000	100.730123
2593.000000	100.730523
2592.000000	100.730763
2591.000000	100.730789
2590.000000	100.730675
2589.000000	100.730546
2588.000000	100.730481
2587.000000	100.730493
2586.000000	100.730519
2585.000000	100.730452
2584.000000	100.730258
2583.000000	100.730069
2582.000000	100.730084
2581.000000	100.730357
2580.000000	100.730719
2579.000000	100.730920
2578.000000	100.730861
2577.000000	100.730612
2576.000000	100.730270
2575.000000	100.729874
2574.000000	100.729482
2573.000000	100.729236
2572.000000	100.729259
2571.000000	100.729515
2570.000000	100.729844
2569.000000	100.730114
2568.000000	100.730282
2567.000000	100.730362
2566.000000	100.730426
2565.000000	100.730594
2564.000000	100.730935
2563.000000	100.731369
2562.000000	100.731712
2561.000000	100.731863
2560.000000	100.731886
2559.000000	100.731931
2558.000000	100.732068
2557.000000	100.732248
2556.000000	100.732394
2555.000000	100.732491
2554.000000	100.732575
2553.000000	100.732695
2552.000000	100.732863
2551.000000	100.733056
2550.000000	100.733241
2549.000000	100.733409
2548.000000	100.733591
2547.000000	100.733828
2546.000000	100.734130
2545.000000	100.734480
2544.000000	100.734835
2543.000000	100.735167
2542.000000	100.735462
2541.000000	100.735728
2540.000000	100.735977
2539.000000	100.736225
2538.000000	100.736486
2537.000000	100.736775
2536.000000	100.737111
2535.000000	100.737502
2534.000000	100.737924
2533.000000	100.738331
2532.000000	100.738681
2531.000000	100.738957
2530.000000	100.739144
2529.000000	100.739228
2528.000000	100.739249
2527.000000	100.739351
2526.000000	100.739692
2525.000000	100.740311
2524.000000	100.741032
2523.000000	100.741607
2522.000000	100.741917
2521.000000	100.742008
2520.000000	100.742016
2519.000000	100.742047
2518.000000	100.742137
2517.000000	100.742254
2516.000000	100.742349
2515.000000	100.742436
2514.000000	100.742621
2513.000000	100.743031
2512.000000	100.743703
2511.000000	100.744564
2510.000000	100.745443
2509.000000	100.746113
2508.000000	100.746400
2507.000000	100.746373
2506.000000	100.746418
2505.000000	100.746940
2504.000000	100.747945
2503.000000	100.748931
2502.000000	100.749299
2501.000000	100.748815
2500.000000	100.747719
2499.000000	100.746472
2498.000000	100.745371
2497.000000	100.744455
2496.000000	100.743768
2495.000000	100.743641
2494.000000	100.744506
2493.000000	100.746350
2492.000000	100.748473
2491.000000	100.749985
2490.000000	100.750558
2489.000000	100.750471
2488.000000	100.750085
2487.000000	100.749556
2486.000000	100.749111
2485.000000	100.749215
2484.000000	100.750153
2483.000000	100.751573
2482.000000	100.752734
2481.000000	100.753233
2480.000000	100.753270
2479.000000	100.753303
2478.000000	100.753627
2477.000000	100.754267
2476.000000	100.755041
2475.000000	100.755704
2474.000000	100.756197
2473.000000	100.756804
2472.000000	100.757909
2471.000000	100.759543
2470.000000	100.761222
2469.000000	100.762331
2468.000000	100.762638
2467.000000	100.762404
2466.000000	100.762128
2465.000000	100.762136
2464.000000	100.762405
2463.000000	100.762722
2462.000000	100.762969
2461.000000	100.763247
2460.000000	100.763706
2459.000000	100.764323
2458.000000	100.764917
2457.000000	100.765385
2456.000000	100.765806
2455.000000	100.766289
2454.000000	100.766796
2453.000000	100.767185
2452.000000	100.767387
2451.000000	100.767487
2450.000000	100.767666
2449.000000	100.768058
2448.000000	100.768641
2447.000000	100.769219
2446.000000	100.769580
2445.000000	100.769678
2444.000000	100.769682
2443.000000	100.769818
2442.000000	100.770152
2441.000000	100.770560
2440.000000	100.770886
2439.000000	100.771129
2438.000000	100.771426
2437.000000	100.771892
2436.000000	100.772488
2435.000000	100.773038
2434.000000	100.773376
2433.000000	100.773495
2432.000000	100.773518
2431.000000	100.773536
2430.000000	100.773560
2429.000000	100.773646
2428.000000	100.773946
2427.000000	100.774472
2426.000000	100.774890
2425.000000	100.774764
2424.000000	100.773990
2423.000000	100.772954
2422.000000	100.772224
2421.000000	100.772078
2420.000000	100.772428
2419.000000	100.773006
2418.000000	100.773558
2417.000000	100.773964
2416.000000	100.774336
2415.000000	100.774973
2414.000000	100.776071
2413.000000	100.777406
2412.000000	100.778423
2411.000000	100.778655
2410.000000	100.778031
2409.000000	100.776898
2408.000000	100.775859
2407.000000	100.775446
2406.000000	100.775820
2405.000000	100.776671
2404.000000	100.777495
2403.000000	100.778056
2402.000000	100.778488
2401.000000	100.778974
2400.000000	100.779535
2399.000000	100.780141
2398.000000	100.780834
2397.000000	100.781631
2396.000000	100.782516
2395.000000	100.783572
2394.000000	100.784892
2393.000000	100.786253
2392.000000	100.787135
2391.000000	100.787329
2390.000000	100.787356
2389.000000	100.787931
2388.000000	100.789096
2387.000000	100.790165
2386.000000	100.790499
2385.000000	100.790047
2384.000000	100.789215
2383.000000	100.788640
2382.000000	100.789160
2381.000000	100.791438
2380.000000	100.795235
2379.000000	100.799218
2378.000000	100.802067
2377.000000	100.803610
2376.000000	100.804395
2375.000000	100.804541
2374.000000	100.803716
2373.000000	100.802208
2372.000000	100.801225
2371.000000	100.801703
2370.000000	100.803449
2369.000000	100.805836
2368.000000	100.808712
2367.000000	100.811960
2366.000000	100.814749
2365.000000	100.816195
2364.000000	100.816452
2363.000000	100.816216
2362.000000	100.815600
2361.000000	100.814241
2360.000000	100.812378
2359.000000	100.811120
2358.000000	100.810966
2357.000000	100.810829
2356.000000	100.809160
2355.000000	100.805725
2354.000000	100.802362
2353.000000	100.801186
2352.000000	100.802820
2351.000000	100.806063
2350.000000	100.808927
2349.000000	100.810459
2348.000000	100.811082
2347.000000	100.811849
2346.000000	100.812993
2345.000000	100.813806
2344.000000	100.814237
2343.000000	100.814704
2342.000000	100.815073
2341.000000	100.814153
2340.000000	100.811350
2339.000000	100.807590
2338.000000	100.804526
2337.000000	100.803308
2336.000000	100.803961
2335.000000	100.805801
2334.000000	100.807615
2333.000000	100.808285
2332.000000	100.807127
2331.000000	100.804426
2330.000000	100.800819
2329.000000	100.797322
2328.000000	100.794366
2327.000000	100.792275
2326.000000	100.791073
2325.000000	100.790750
2324.000000	100.791053
2323.000000	100.791228
2322.000000	100.790352
2321.000000	100.787888
2320.000000	100.784351
2319.000000	100.781133
2318.000000	100.779337
2317.000000	100.779086
2316.000000	100.779661
2315.000000	100.780732
2314.000000	100.782294
2313.000000	100.784112
2312.000000	100.785028
2311.000000	100.784267
2310.000000	100.782214
2309.000000	100.780254
2308.000000	100.779065
2307.000000	100.778257
2306.000000	100.777231
2305.000000	100.776231
2304.000000	100.775819
2303.000000	100.776104
2302.000000	100.776615
2301.000000	100.776961
2300.000000	100.776905
2299.000000	100.776275
2298.000000	100.774980
2297.000000	100.773376
2296.000000	100.771888
2295.000000	100.770484
2294.000000	100.768783
2293.000000	100.766905
2292.000000	100.765578
2291.000000	100.765294
2290.000000	100.765718
2289.000000	100.765986
2288.000000	100.765528
2287.000000	100.764401
2286.000000	100.763007
2285.000000	100.761722
2284.000000	100.760720
2283.000000	100.759988
2282.000000	100.759425
2281.000000	100.758919
2280.000000	100.758391
2279.000000	100.757795
2278.000000	100.757113
2277.000000	100.756370
2276.000000	100.755618
2275.000000	100.754899
2274.000000	100.754219
2273.000000	100.753560
2272.000000	100.752904
2271.000000	100.752252
2270.000000	100.751626
2269.000000	100.751050
2268.000000	100.750510
2267.000000	100.749963
2266.000000	100.749388
2265.000000	100.748798
2264.000000	100.748221
2263.000000	100.747669
2262.000000	100.747136
2261.000000	100.746613
2260.000000	100.746093
2259.000000	100.745579
2258.000000	100.745074
2257.000000	100.744584
2256.000000	100.744118
2255.000000	100.743681
2254.000000	100.743274
2253.000000	100.742888
2252.000000	100.742513
2251.000000	100.742138
2250.000000	100.741756
2249.000000	100.741365
2248.000000	100.740969
2247.000000	100.740585
2246.000000	100.740231
2245.000000	100.739920
2244.000000	100.739645
2243.000000	100.739389
2242.000000	100.739123
2241.000000	100.738822
2240.000000	100.738494
2239.000000	100.738182
2238.000000	100.737923
2237.000000	100.737703
2236.000000	100.737466
2235.000000	100.737193
2234.000000	100.736944
2233.000000	100.736818
2232.000000	100.736839
2231.000000	100.736881
2230.000000	100.736729
2229.000000	100.736282
2228.000000	100.735688
2227.000000	100.735198
2226.000000	100.734893
2225.000000	100.734674
2224.000000	100.734527
2223.000000	100.734609
2222.000000	100.735030
2221.000000	100.735702
2220.000000	100.736440
2219.000000	100.737046
2218.000000	100.737320
2217.000000	100.737155
2216.000000	100.736735
2215.000000	100.736443
2214.000000	100.736436
2213.000000	100.736435
2212.000000	100.736033
2211.000000	100.735117
2210.000000	100.733964
2209.000000	100.733096
2208.000000	100.733068
2207.000000	100.734155
2206.000000	100.736063
2205.000000	100.737989
2204.000000	100.739141
2203.000000	100.739297
2202.000000	100.738954
2201.000000	100.738997
2200.000000	100.740079
2199.000000	100.742086
2198.000000	100.744100
2197.000000	100.745133
2196.000000	100.744987
2195.000000	100.744361
2194.000000	100.744126
2193.000000	100.744573
2192.000000	100.745367
2191.000000	100.745955
2190.000000	100.745864
2189.000000	100.744867
2188.000000	100.743161
2187.000000	100.741414
2186.000000	100.740368
2185.000000	100.740278
2184.000000	100.740800
2183.000000	100.741366
2182.000000	100.741621
2181.000000	100.741498
2180.000000	100.741046
2179.000000	100.740335
2178.000000	100.739496
2177.000000	100.738775
2176.000000	100.738531
2175.000000	100.739129
2174.000000	100.740711
2173.000000	100.742949
2172.000000	100.745085
2171.000000	100.746426
2170.000000	100.746800
2169.000000	100.746456
2168.000000	100.745674
2167.000000	100.744615
2166.000000	100.743523
2165.000000	100.742709
2164.000000	100.742189
2163.000000	100.741611
2162.000000	100.740793
2161.000000	100.740139
2160.000000	100.740211
2159.000000	100.741095
2158.000000	100.742464
2157.000000	100.743981
2156.000000	100.745378
2155.000000	100.746337
2154.000000	100.746704
2153.000000	100.746796
2152.000000	100.747079
2151.000000	100.747504
2150.000000	100.747597
2149.000000	100.747243
2148.000000	100.746944
2147.000000	100.747117
2146.000000	100.747475
2145.000000	100.747428
2144.000000	100.746919
2143.000000	100.746565
2142.000000	100.746979
2141.000000	100.748161
2140.000000	100.749491
2139.000000	100.750228
2138.000000	100.750067
2137.000000	100.749312
2136.000000	100.748576
2135.000000	100.748239
2134.000000	100.748283
2133.000000	100.748529
2132.000000	100.748845
2131.000000	100.749104
2130.000000	100.749164
2129.000000	100.749010
2128.000000	100.748802
2127.000000	100.748696
2126.000000	100.748772
2125.000000	100.749145
2124.000000	100.749971
2123.000000	100.751270
2122.000000	100.752872
2121.000000	100.754554
2120.000000	100.756054
2119.000000	100.757010
2118.000000	100.757161
2117.000000	100.756657
2116.000000	100.756038
2115.000000	100.755738
2114.000000	100.755751
2113.000000	100.755903
2112.000000	100.756200
2111.000000	100.756744
2110.000000	100.757452
2109.000000	100.758077
2108.000000	100.758463
2107.000000	100.758680
2106.000000	100.758934
2105.000000	100.759412
2104.000000	100.760153
2103.000000	100.760951
2102.000000	100.761471
2101.000000	100.761628
2100.000000	100.761747
2099.000000	100.762120
2098.000000	100.762495
2097.000000	100.762441
2096.000000	100.762200
2095.000000	100.762614
2094.000000	100.764028
2093.000000	100.765717
2092.000000	100.766637
2091.000000	100.766532
2090.000000	100.765938
2089.000000	100.765415
2088.000000	100.765163
2087.000000	100.765323
2086.000000	100.766102
2085.000000	100.767376
2084.000000	100.768545
2083.000000	100.769115
2082.000000	100.769295
2081.000000	100.769798
2080.000000	100.771050
2079.000000	100.772743
2078.000000	100.774155
2077.000000	100.774764
2076.000000	100.774521
2075.000000	100.773740
2074.000000	100.772935
2073.000000	100.772622
2072.000000	100.773027
2071.000000	100.773911
2070.000000	100.774792
2069.000000	100.775401
2068.000000	100.775856
2067.000000	100.776462
2066.000000	100.777527
2065.000000	100.779265
2064.000000	100.781476
2063.000000	100.783272
2062.000000	100.783551
2061.000000	100.781965
2060.000000	100.779198
2059.000000	100.776272
2058.000000	100.773726
2057.000000	100.771527
2056.000000	100.769595
2055.000000	100.768157
2054.000000	100.767695
2053.000000	100.768531
2052.000000	100.770306
2051.000000	100.771937
2050.000000	100.772440
2049.000000	100.771729
2048.000000	100.770413
2047.000000	100.768888
2046.000000	100.767104
2045.000000	100.765187
2044.000000	100.763628
2043.000000	100.762680
2042.000000	100.762074
2041.000000	100.761553
2040.000000	100.761172
2039.000000	100.760817
2038.000000	100.759950
2037.000000	100.758242
2036.000000	100.756138
2035.000000	100.754393
2034.000000	100.753309
2033.000000	100.752700
2032.000000	100.752283
2031.000000	100.751768
2030.000000	100.750838
2029.000000	100.749454
2028.000000	100.748060
2027.000000	100.747168
2026.000000	100.746861
2025.000000	100.746804
2024.000000	100.746555
2023.000000	100.745771
2022.000000	100.744418
2021.000000	100.743017
2020.000000	100.742398
2019.000000	100.742861
2018.000000	100.743654
2017.000000	100.743606
2016.000000	100.742315
2015.000000	100.740328
2014.000000	100.738387
2013.000000	100.736798
2012.000000	100.735544
2011.000000	100.734546
2010.000000	100.733641
2009.000000	100.732563
2008.000000	100.731140
2007.000000	100.729439
2006.000000	100.727781
2005.000000	100.726602
2004.000000	100.726138
2003.000000	100.726102
2002.000000	100.725842
2001.000000	100.725083
2000.000000	100.724237
1999.000000	100.723757
1998.000000	100.723453
1997.000000	100.722848
1996.000000	100.722081
1995.000000	100.721935
1994.000000	100.722881
1993.000000	100.724458
1992.000000	100.725610
1991.000000	100.725702
1990.000000	100.725006
1989.000000	100.724301
1988.000000	100.724150
1987.000000	100.724482
1986.000000	100.724807
1985.000000	100.724787
1984.000000	100.724514
1983.000000	100.724245
1982.000000	100.724017
1981.000000	100.723710
1980.000000	100.723356
1979.000000	100.723189
1978.000000	100.723351
1977.000000	100.723690
1976.000000	100.723895
1975.000000	100.723805
1974.000000	100.723530
1973.000000	100.723339
1972.000000	100.723423
1971.000000	100.723757
1970.000000	100.724132
1969.000000	100.724329
1968.000000	100.724322
1967.000000	100.724280
1966.000000	100.724358
1965.000000	100.724522
1964.000000	100.724624
1963.000000	100.724552
1962.000000	100.724285
1961.000000	100.723891
1960.000000	100.723526
1959.000000	100.723416
1958.000000	100.723738
1957.000000	100.724445
1956.000000	100.725263
1955.000000	100.725928
1954.000000	100.726336
1953.000000	100.726427
1952.000000	100.726062
1951.000000	100.725116
1950.000000	100.723690
1949.000000	100.722237
1948.000000	100.721346
1947.000000	100.721224
1946.000000	100.721487
1945.000000	100.721601
1944.000000	100.721377
1943.000000	100.720775
1942.000000	100.719529
1941.000000	100.717640
1940.000000	100.715967
1939.000000	100.715535
1938.000000	100.716256
1937.000000	100.716854
1936.000000	100.716349
1935.000000	100.715194
1934.000000	100.714593
1933.000000	100.715233
1932.000000	100.717091
1931.000000	100.719569
1930.000000	100.721320
1929.000000	100.720861
1928.000000	100.717960
1927.000000	100.714378
1926.000000	100.712325
1925.000000	100.712435
1924.000000	100.713427
1923.000000	100.713441
1922.000000	100.711820
1921.000000	100.709672
1920.000000	100.708685
1919.000000	100.709443
1918.000000	100.710518
1917.000000	100.709915
1916.000000	100.707412
1915.000000	100.704218
1914.000000	100.700883
1913.000000	100.696635
1912.000000	100.690885
1911.000000	100.684530
1910.000000	100.679266
1909.000000	100.675931
1908.000000	100.673823
1907.000000	100.671666
1906.000000	100.668330
1905.000000	100.663424
1904.000000	100.657947
1903.000000	100.653836
1902.000000	100.652277
1901.000000	100.652384
1900.000000	100.651932
1899.000000	100.649785
1898.000000	100.646716
1897.000000	100.643998
1896.000000	100.642037
1895.000000	100.640496
1894.000000	100.639101
1893.000000	100.637735
1892.000000	100.636192
1891.000000	100.634583
1890.000000	100.633557
1889.000000	100.633194
1888.000000	100.632045
1887.000000	100.628385
1886.000000	100.622453
1885.000000	100.616805
1884.000000	100.614042
1883.000000	100.614357
1882.000000	100.615753
1881.000000	100.616264
1880.000000	100.615363
1879.000000	100.613782
1878.000000	100.612625
1877.000000	100.612691
1876.000000	100.614246
1875.000000	100.616809
1874.000000	100.619173
1873.000000	100.620084
1872.000000	100.618976
1871.000000	100.616062
1870.000000	100.612101
1869.000000	100.608396
1868.000000	100.606504
1867.000000	100.607262
1866.000000	100.610359
1865.000000	100.614810
1864.000000	100.619372
1863.000000	100.622963
1862.000000	100.625248
1861.000000	100.626773
1860.000000	100.628247
1859.000000	100.629809
1858.000000	100.631347
1857.000000	100.633305
1856.000000	100.636461
1855.000000	100.640818
1854.000000	100.645202
1853.000000	100.648489
1852.000000	100.650461
1851.000000	100.651864
1850.000000	100.653674
1849.000000	100.656406
1848.000000	100.660144
1847.000000	100.664899
1846.000000	100.670721
1845.000000	100.676931
1844.000000	100.681637
1843.000000	100.683339
1842.000000	100.682262
1841.000000	100.679842
1840.000000	100.678117
1839.000000	100.678811
1838.000000	100.681677
1837.000000	100.684563
1836.000000	100.685752
1835.000000	100.685682
1834.000000	100.685999
1833.000000	100.687416
1832.000000	100.689033
1831.000000	100.689779
1830.000000	100.689488
1829.000000	100.688586
1828.000000	100.687476
1827.000000	100.686532
1826.000000	100.686510
1825.000000	100.687929
1824.000000	100.690098
1823.000000	100.691447
1822.000000	100.690938
1821.000000	100.688914
1820.000000	100.686900
1819.000000	100.686528
1818.000000	100.688107
1817.000000	100.690532
1816.000000	100.692499
1815.000000	100.693496
1814.000000	100.693706
1813.000000	100.693189
1812.000000	100.691829
1811.000000	100.689896
1810.000000	100.688271
1809.000000	100.687963
1808.000000	100.689149
1807.000000	100.690900
1806.000000	100.692106
1805.000000	100.692548
1804.000000	100.692867
1803.000000	100.693491
1802.000000	100.694165
1801.000000	100.694346
1800.000000	100.693976
1799.000000	100.693433
1798.000000	100.692952
1797.000000	100.692608
1796.000000	100.692435
1795.000000	100.692241
1794.000000	100.691738
1793.000000	100.691080
1792.000000	100.691342
1791.000000	100.693350
1790.000000	100.696279
1789.000000	100.698711
1788.000000	100.700399
1787.000000	100.702233
1786.000000	100.704856
1785.000000	100.707527
1784.000000	100.708745
1783.000000	100.707897
1782.000000	100.706248
1781.000000	100.705880
1780.000000	100.707902
1779.000000	100.711662
1778.000000	100.715540
1777.000000	100.718390
1776.000000	100.719842
1775.000000	100.720040
1774.000000	100.719315
1773.000000	100.717925
1772.000000	100.716769
1771.000000	100.717676
1770.000000	100.721375
1769.000000	100.726916
1768.000000	100.732698
1767.000000	100.737055
1766.000000	100.739218
1765.000000	100.739616
1764.000000	100.739724
1763.000000	100.741407
1762.000000	100.745428
1761.000000	100.750206
1760.000000	100.753706
1759.000000	100.755593
1758.000000	100.757131
1757.000000	100.759515
1756.000000	100.762263
1755.000000	100.764145
1754.000000	100.764701
1753.000000	100.764595
1752.000000	100.764832
1751.000000	100.765955
1750.000000	100.767463
1749.000000	100.768200
1748.000000	100.767406
1747.000000	100.765441
1746.000000	100.763451
1745.000000	100.762096
1744.000000	100.761717
1743.000000	100.762817
1742.000000	100.765444
1741.000000	100.768472
1740.000000	100.770277
1739.000000	100.769923
1738.000000	100.767570
1737.000000	100.763545
1736.000000	100.758870
1735.000000	100.755306
1734.000000	100.753959
1733.000000	100.755282
1732.000000	100.758103
1731.000000	100.759799
1730.000000	100.759247
1729.000000	100.757417
1728.000000	100.755845
1727.000000	100.755261
1726.000000	100.755276
1725.000000	100.754736
1724.000000	100.753348
1723.000000	100.751889
1722.000000	100.750440
1721.000000	100.747898
1720.000000	100.743566
1719.000000	100.738389
1718.000000	100.733450
1717.000000	100.729001
1716.000000	100.726055
1715.000000	100.725190
1714.000000	100.725433
1713.000000	100.725797
1712.000000	100.726053
1711.000000	100.726121
1710.000000	100.725820
1709.000000	100.725249
1708.000000	100.724643
1707.000000	100.723898
1706.000000	100.721688
1705.000000	100.716639
1704.000000	100.709978
1703.000000	100.704368
1702.000000	100.701740
1701.000000	100.699518
1700.000000	100.692488
1699.000000	100.682675
1698.000000	100.673773
1697.000000	100.665723
1696.000000	100.658391
1695.000000	100.652972
1694.000000	100.650906
1693.000000	100.650231
1692.000000	100.647973
1691.000000	100.643214
1690.000000	100.636696
1689.000000	100.629839
1688.000000	100.622953
1687.000000	100.615658
1686.000000	100.607872
1685.000000	100.599410
1684.000000	100.591676
1683.000000	100.587773
1682.000000	100.587183
1681.000000	100.586921
1680.000000	100.585743
1679.000000	100.583777
1678.000000	100.581340
1677.000000	100.578530
1676.000000	100.575358
1675.000000	100.572328
1674.000000	100.570645
1673.000000	100.569646
1672.000000	100.567265
1671.000000	100.562563
1670.000000	100.556544
1669.000000	100.551176
1668.000000	100.547211
1667.000000	100.544134
1666.000000	100.541768
1665.000000	100.540414
1664.000000	100.539930
1663.000000	100.538702
1662.000000	100.535345
1661.000000	100.530707
1660.000000	100.526348
1659.000000	100.522967
1658.000000	100.520007
1657.000000	100.515620
1656.000000	100.508389
1655.000000	100.500396
1654.000000	100.496348
1653.000000	100.495636
1652.000000	100.494865
1651.000000	100.493899
1650.000000	100.491262
1649.000000	100.487185
1648.000000	100.485457
1647.000000	100.487548
1646.000000	100.489145
1645.000000	100.486911
1644.000000	100.481835
1643.000000	100.475343
1642.000000	100.469164
1641.000000	100.465342
1640.000000	100.463968
1639.000000	100.463134
1638.000000	100.461452
1637.000000	100.460410
1636.000000	100.461794
1635.000000	100.464398
1634.000000	100.466476
1633.000000	100.467717
1632.000000	100.468476
1631.000000	100.468637
1630.000000	100.467073
1629.000000	100.463043
1628.000000	100.458227
1627.000000	100.455206
1626.000000	100.454681
1625.000000	100.455322
1624.000000	100.455906
1623.000000	100.456486
1622.000000	100.457925
1621.000000	100.460192
1620.000000	100.461885
1619.000000	100.462652
1618.000000	100.463946
1617.000000	100.467326
1616.000000	100.473194
1615.000000	100.480741
1614.000000	100.487786
1613.000000	100.492897
1612.000000	100.497023
1611.000000	100.501986
1610.000000	100.508848
1609.000000	100.517108
1608.000000	100.525160
1607.000000	100.531591
1606.000000	100.536445
1605.000000	100.540534
1604.000000	100.544394
1603.000000	100.548783
1602.000000	100.554661
1601.000000	100.562088
1600.000000	100.569658
1599.000000	100.575526
1598.000000	100.578899
1597.000000	100.580411
1596.000000	100.581426
1595.000000	100.582970
1594.000000	100.585263
1593.000000	100.588076
1592.000000	100.591406
1591.000000	100.595675
1590.000000	100.601330
1589.000000	100.608271
1588.000000	100.615595
1587.000000	100.621913
1586.000000	100.625931
1585.000000	100.627336
1584.000000	100.626892
1583.000000	100.626458
1582.000000	100.628190
1581.000000	100.632683
1580.000000	100.638350
1579.000000	100.643252
1578.000000	100.646953
1577.000000	100.649818
1576.000000	100.651892
1575.000000	100.653908
1574.000000	100.657031
1573.000000	100.661237
1572.000000	100.666288
1571.000000	100.671907
1570.000000	100.676638
1569.000000	100.679068
1568.000000	100.679613
1567.000000	100.679881
1566.000000	100.680991
1565.000000	100.683261
1564.000000	100.685891
1563.000000	100.687936
1562.000000	100.689445
1561.000000	100.692191
1560.000000	100.696763
1559.000000	100.701090
1558.000000	100.702629
1557.000000	100.703029
1556.000000	100.703607
1555.000000	100.704291
1554.000000	100.705181
1553.000000	100.705886
1552.000000	100.706138
1551.000000	100.706228
1550.000000	100.706240
1549.000000	100.705636
1548.000000	100.704219
1547.000000	100.702905
1546.000000	100.703233
1545.000000	100.706047
1544.000000	100.710362
1543.000000	100.714086
1542.000000	100.715727
1541.000000	100.714854
1540.000000	100.711788
1539.000000	100.708259
1538.000000	100.706641
1537.000000	100.706877
1536.000000	100.707719
1535.000000	100.708707
1534.000000	100.709728
1533.000000	100.710341
1532.000000	100.710427
1531.000000	100.710345
1530.000000	100.710226
1529.000000	100.710064
1528.000000	100.710057
1527.000000	100.710367
1526.000000	100.710661
1525.000000	100.710213
1524.000000	100.708737
1523.000000	100.707027
1522.000000	100.706486
1521.000000	100.707530
1520.000000	100.709161
1519.000000	100.710310
1518.000000	100.710927
1517.000000	100.711843
1516.000000	100.713514
1515.000000	100.715308
1514.000000	100.716412
1513.000000	100.716610
1512.000000	100.716427
1511.000000	100.716577
1510.000000	100.717328
1509.000000	100.718842
1508.000000	100.721802
1507.000000	100.725602
1506.000000	100.726766
1505.000000	100.725289
1504.000000	100.723799
1503.000000	100.723141
1502.000000	100.723394
1501.000000	100.724218
1500.000000	100.724677
1499.000000	100.724329
1498.000000	100.723913
1497.000000	100.723769
1496.000000	100.723238
1495.000000	100.722211
1494.000000	100.721384
1493.000000	100.721030
1492.000000	100.720957
1491.000000	100.721030
1490.000000	100.721616
1489.000000	100.723097
1488.000000	100.725008
1487.000000	100.726190
1486.000000	100.725849
1485.000000	100.724523
1484.000000	100.723089
1483.000000	100.722019
1482.000000	100.721339
1481.000000	100.720659
1480.000000	100.719453
1479.000000	100.717467
1478.000000	100.715054
1477.000000	100.712928
1476.000000	100.711557
1475.000000	100.710395
1474.000000	100.708536
1473.000000	100.705761
1472.000000	100.702829
1471.000000	100.700600
1470.000000	100.698902
1469.000000	100.697232
1468.000000	100.695800
1467.000000	100.695042
1466.000000	100.695057
1465.000000	100.695511
1464.000000	100.695743
1463.000000	100.695561
1462.000000	100.695022
1461.000000	100.694293
1460.000000	100.694067
1459.000000	100.695863
1458.000000	100.700159
1457.000000	100.702675
1456.000000	100.699542
1455.000000	100.693154
1454.000000	100.686115
1453.000000	100.679243
1452.000000	100.674156
1451.000000	100.671912
1450.000000	100.671616
1449.000000	100.671405
1448.000000	100.670693
1447.000000	100.669572
1446.000000	100.667689
1445.000000	100.664152
1444.000000	100.658654
1443.000000	100.652380
1442.000000	100.646738
1441.000000	100.642356
1440.000000	100.639522
1439.000000	100.639043
1438.000000	100.640892
1437.000000	100.642087
1436.000000	100.639568
1435.000000	100.635035
1434.000000	100.631097
1433.000000	100.627558
1432.000000	100.623628
1431.000000	100.619865
1430.000000	100.618138
1429.000000	100.619675
1428.000000	100.623915
1427.000000	100.628769
1426.000000	100.632323
1425.000000	100.633661
1424.000000	100.632907
1423.000000	100.631651
1422.000000	100.631445
1421.000000	100.632385
1420.000000	100.632919
1419.000000	100.632311
1418.000000	100.633015
1417.000000	100.637222
1416.000000	100.643909
1415.000000	100.650935
1414.000000	100.656991
1413.000000	100.661607
1412.000000	100.664613
1411.000000	100.666186
1410.000000	100.667282
1409.000000	100.669279
1408.000000	100.672984
1407.000000	100.677449
1406.000000	100.680889
1405.000000	100.682788
1404.000000	100.684414
1403.000000	100.687470
1402.000000	100.692654
1401.000000	100.700109
1400.000000	100.709406
1399.000000	100.718180
1398.000000	100.723269
1397.000000	100.724463
1396.000000	100.725442
1395.000000	100.730075
1394.000000	100.738050
1393.000000	100.745385
1392.000000	100.749656
1391.000000	100.752293
1390.000000	100.756271
1389.000000	100.762872
1388.000000	100.770067
1387.000000	100.774285
1386.000000	100.774544
1385.000000	100.773358
1384.000000	100.773439
1383.000000	100.775517
1382.000000	100.778527
1381.000000	100.781079
1380.000000	100.782596
1379.000000	100.783003
1378.000000	100.782162
1377.000000	100.780128
1376.000000	100.777670
1375.000000	100.776057
1374.000000	100.776047
1373.000000	100.777025
1372.000000	100.777771
1371.000000	100.777369
1370.000000	100.775374
1369.000000	100.772017
1368.000000	100.768603
1367.000000	100.767079
1366.000000	100.768201
1365.000000	100.770545
1364.000000	100.771817
1363.000000	100.771376
1362.000000	100.771231
1361.000000	100.773684
1360.000000	100.778499
1359.000000	100.783108
1358.000000	100.784873
1357.000000	100.782932
1356.000000	100.778771
1355.000000	100.775337
1354.000000	100.774859
1353.000000	100.777055
1352.000000	100.779795
1351.000000	100.781218
1350.000000	100.781265
1349.000000	100.781091
1348.000000	100.781388
1347.000000	100.781907
1346.000000	100.782237
1345.000000	100.782198
1344.000000	100.781324
1343.000000	100.778881
1342.000000	100.774970
1341.000000	100.771262
1340.000000	100.769717
1339.000000	100.770182
1338.000000	100.770650
1337.000000	100.770378
1336.000000	100.771069
1335.000000	100.774276
1334.000000	100.778990
1333.000000	100.782756
1332.000000	100.784620
1331.000000	100.785541
1330.000000	100.785976
1329.000000	100.784710
1328.000000	100.781099
1327.000000	100.777184
1326.000000	100.776112
1325.000000	100.778612
1324.000000	100.782209
1323.000000	100.783954
1322.000000	100.782879
1321.000000	100.780004
1320.000000	100.777179
1319.000000	100.776024
1318.000000	100.776831
1317.000000	100.778214
1316.000000	100.778663
1315.000000	100.778448
1314.000000	100.779171
1313.000000	100.781335
1312.000000	100.783419
1311.000000	100.783811
1310.000000	100.782628
1309.000000	100.780992
1308.000000	100.779570
1307.000000	100.778503
1306.000000	100.778061
1305.000000	100.778446
1304.000000	100.779300
1303.000000	100.780271
1302.000000	100.781751
1301.000000	100.784216
1300.000000	100.786750
1299.000000	100.787055
1298.000000	100.783423
1297.000000	100.776652
1296.000000	100.769958
1295.000000	100.766771
1294.000000	100.768352
1293.000000	100.773233
1292.000000	100.778583
1291.000000	100.782029
1290.000000	100.782429
1289.000000	100.779661
1288.000000	100.774383
1287.000000	100.767973
1286.000000	100.762103
1285.000000	100.758005
1284.000000	100.756096
1283.000000	100.755814
1282.000000	100.755529
1281.000000	100.753559
1280.000000	100.750266
1279.000000	100.748477
1278.000000	100.750316
1277.000000	100.753894
1276.000000	100.755003
1275.000000	100.752414
1274.000000	100.749574
1273.000000	100.749999
1272.000000	100.752728
1271.000000	100.754021
1270.000000	100.752288
1269.000000	100.749007
1268.000000	100.745406
1267.000000	100.741116
1266.000000	100.736503
1265.000000	100.733713
1264.000000	100.734022
1263.000000	100.735822
1262.000000	100.736737
1261.000000	100.736573
1260.000000	100.736463
1259.000000	100.736004
1258.000000	100.733342
1257.000000	100.727885
1256.000000	100.720990
1255.000000	100.713733
1254.000000	100.705591
1253.000000	100.695953
1252.000000	100.685564
1251.000000	100.675506
1250.000000	100.665690
1249.000000	100.655311
1248.000000	100.644058
1247.000000	100.631957
1246.000000	100.618808
1245.000000	100.604862
1244.000000	100.591555
1243.000000	100.580423
1242.000000	100.571551
1241.000000	100.563903
1240.000000	100.556438
1239.000000	100.547747
1238.000000	100.535496
1237.000000	100.517904
1236.000000	100.495546
1235.000000	100.470446
1234.000000	100.443874
1233.000000	100.416742
1232.000000	100.391639
1231.000000	100.371650
1230.000000	100.356099
1229.000000	100.339576
1228.000000	100.316640
1227.000000	100.286334
1226.000000	100.251204
1225.000000	100.213073
1224.000000	100.170948
1223.000000	100.122535
1222.000000	100.066933
1221.000000	100.005965
1220.000000	99.942950
1219.000000	99.879657
1218.000000	99.814610
1217.000000	99.745263
1216.000000	99.671119
1215.000000	99.592984
1214.000000	99.510096
1213.000000	99.421031
1212.000000	99.327797
1211.000000	99.236073
1210.000000	99.150182
1209.000000	99.070175
1208.000000	98.994354
1207.000000	98.921251
1206.000000	98.848018
1205.000000	98.770452
1204.000000	98.686745
1203.000000	98.599390
1202.000000	98.512735
1201.000000	98.430864
1200.000000	98.357555
1199.000000	98.293819
1198.000000	98.233779
1197.000000	98.166905
1196.000000	98.086913
1195.000000	97.996646
1194.000000	97.903528
1193.000000	97.812735
1192.000000	97.725684
1191.000000	97.642049
1190.000000	97.561046
1189.000000	97.482059
1188.000000	97.404424
1187.000000	97.325325
1186.000000	97.239597
1185.000000	97.145053
1184.000000	97.046738
1183.000000	96.951677
1182.000000	96.860121
1181.000000	96.766396
1180.000000	96.667167
1179.000000	96.563045
1178.000000	96.453047
1177.000000	96.335088
1176.000000	96.213095
1175.000000	96.096147
1174.000000	95.987695
1173.000000	95.881652
1172.000000	95.771535
1171.000000	95.657298
1170.000000	95.540997
1169.000000	95.422839
1168.000000	95.305482
1167.000000	95.196777
1166.000000	95.104615
1165.000000	95.033586
1164.000000	94.988492
1163.000000	94.974908
1162.000000	94.993036
1161.000000	95.035091
1160.000000	95.089389
1159.000000	95.141766
1158.000000	95.174239
1157.000000	95.171299
1156.000000	95.130685
1155.000000	95.063318
1154.000000	94.981399
1153.000000	94.891006
1152.000000	94.796306
1151.000000	94.702834
1150.000000	94.612987
1149.000000	94.524383
1148.000000	94.435663
1147.000000	94.348210
1146.000000	94.260181
1145.000000	94.165981
1144.000000	94.065253
1143.000000	93.966381
1142.000000	93.877074
1141.000000	93.795712
1140.000000	93.714469
1139.000000	93.626375
1138.000000	93.528046
1137.000000	93.420926
1136.000000	93.311468
1135.000000	93.205392
1134.000000	93.101224
1133.000000	92.994347
1132.000000	92.885847
1131.000000	92.780225
1130.000000	92.676006
1129.000000	92.567757
1128.000000	92.456943
1127.000000	92.350866
1126.000000	92.250280
1125.000000	92.147936
1124.000000	92.040263
1123.000000	91.930501
1122.000000	91.819516
1121.000000	91.704463
1120.000000	91.588019
1119.000000	91.477576
1118.000000	91.373159
1117.000000	91.267522
1116.000000	91.160056
1115.000000	91.058454
1114.000000	90.964402
1113.000000	90.870652
1112.000000	90.775062
1111.000000	90.683572
1110.000000	90.596153
1109.000000	90.504145
1108.000000	90.405582
1107.000000	90.309476
1106.000000	90.220653
1105.000000	90.133769
1104.000000	90.046339
1103.000000	89.963630
1102.000000	89.885644
1101.000000	89.802946
1100.000000	89.711201
1099.000000	89.617895
1098.000000	89.530240
1097.000000	89.448249
1096.000000	89.372510
1095.000000	89.305281
1094.000000	89.240525
1093.000000	89.167035
1092.000000	89.085301
1091.000000	89.007656
1090.000000	88.938584
1089.000000	88.869286
1088.000000	88.795021
1087.000000	88.722480
1086.000000	88.655758
1085.000000	88.590161
1084.000000	88.524562
1083.000000	88.465078
1082.000000	88.411797
1081.000000	88.356266
1080.000000	88.296589
1079.000000	88.240713
1078.000000	88.190704
1077.000000	88.138106
1076.000000	88.078457
1075.000000	88.015243
1074.000000	87.945854
1073.000000	87.858657
1072.000000	87.747842
1071.000000	87.617296
1070.000000	87.467745
1069.000000	87.294881
1068.000000	87.102189
1067.000000	86.899852
1066.000000	86.689022
1065.000000	86.464679
1064.000000	86.236203
1063.000000	86.025250
1062.000000	85.838594
1061.000000	85.662669
1060.000000	85.489219
1059.000000	85.325137
1058.000000	85.171947
1057.000000	85.018276
1056.000000	84.860479
1055.000000	84.708917
1054.000000	84.564045
1053.000000	84.406432
1052.000000	84.221864
1051.000000	84.017382
1050.000000	83.801264
1049.000000	83.568387
1048.000000	83.318428
1047.000000	83.066169
1046.000000	82.820440
1045.000000	82.572732
1044.000000	82.316627
1043.000000	82.059667
1042.000000	81.807258
1041.000000	81.553075
1040.000000	81.294734
1039.000000	81.041978
1038.000000	80.801111
1037.000000	80.569003
1036.000000	80.349777
1035.000000	80.157725
1034.000000	79.994858
1033.000000	79.844516
1032.000000	79.696158
1031.000000	79.558851
1030.000000	79.442257
1029.000000	79.342566
1028.000000	79.254328
1027.000000	79.177744
1026.000000	79.107239
1025.000000	79.031070
1024.000000	78.948951
1023.000000	78.872901
1022.000000	78.806357
1021.000000	78.740423
1020.000000	78.673087
1019.000000	78.611339
1018.000000	78.551588
1017.000000	78.480605
1016.000000	78.399728
1015.000000	78.325154
1014.000000	78.259897
1013.000000	78.189325
1012.000000	78.109882
1011.000000	78.037705
1010.000000	77.981349
1009.000000	77.929662
1008.000000	77.874828
1007.000000	77.825037
1006.000000	77.785765
1005.000000	77.750393
1004.000000	77.717951
1003.000000	77.699214
1002.000000	77.696533
1001.000000	77.697363
1000.000000	77.695481
999.000000	77.699342
998.000000	77.712598
997.000000	77.726225
996.000000	77.737122
995.000000	77.755186
994.000000	77.784697
993.000000	77.817278
992.000000	77.849713
991.000000	77.890441
990.000000	77.942469
989.000000	77.998034
988.000000	78.055565
987.000000	78.124125
986.000000	78.206560
985.000000	78.296589
984.000000	78.396529
983.000000	78.519157
982.000000	78.667846
981.000000	78.832848
980.000000	79.010016
979.000000	79.204433
978.000000	79.413332
977.000000	79.625710
976.000000	79.842028
975.000000	80.074491
974.000000	80.324551
973.000000	80.579507
972.000000	80.834126
971.000000	81.095772
970.000000	81.365284
969.000000	81.633454
968.000000	81.900346
967.000000	82.177402
966.000000	82.464831
965.000000	82.746221
964.000000	83.011854
963.000000	83.269913
962.000000	83.528756
961.000000	83.784539
960.000000	84.031986
959.000000	84.271704
958.000000	84.501589
957.000000	84.716021
956.000000	84.918417
955.000000	85.120071
954.000000	85.322118
953.000000	85.513148
952.000000	85.688598
951.000000	85.857109
950.000000	86.023029
949.000000	86.177772
948.000000	86.314746
947.000000	86.439083
946.000000	86.556731
945.000000	86.666363
944.000000	86.767680
943.000000	86.865793
942.000000	86.962316
941.000000	87.053450
940.000000	87.140850
939.000000	87.232323
938.000000	87.327720
937.000000	87.416784
936.000000	87.495775
935.000000	87.574302
934.000000	87.660754
933.000000	87.751942
932.000000	87.841790
931.000000	87.929743
930.000000	88.016640
929.000000	88.102408
928.000000	88.190962
927.000000	88.287283
926.000000	88.387064
925.000000	88.479349
924.000000	88.561278
923.000000	88.640224
922.000000	88.720677
921.000000	88.799916
920.000000	88.876932
919.000000	88.953607
918.000000	89.026550
917.000000	89.090411
916.000000	89.150235
915.000000	89.217802
914.000000	89.295147
913.000000	89.375353
912.000000	89.460515
911.000000	89.563789
910.000000	89.691126
909.000000	89.835871
908.000000	89.994413
907.000000	90.172510
906.000000	90.372293
905.000000	90.587262
904.000000	90.814240
903.000000	91.057042
902.000000	91.314049
901.000000	91.574008
900.000000	91.827572
899.000000	92.072668
898.000000	92.307755
897.000000	92.532020
896.000000	92.753133
895.000000	92.981310
894.000000	93.212765
893.000000	93.431257
892.000000	93.628794
891.000000	93.813147
890.000000	93.992834
889.000000	94.167238
888.000000	94.335580
887.000000	94.503276
886.000000	94.673021
885.000000	94.839192
884.000000	94.997023
883.000000	95.149530
882.000000	95.300704
881.000000	95.449102
880.000000	95.592392
879.000000	95.731839
878.000000	95.869147
877.000000	96.004614
876.000000	96.139673
875.000000	96.275112
874.000000	96.407599
873.000000	96.535771
872.000000	96.667986
871.000000	96.814242
870.000000	96.971014
869.000000	97.124103
868.000000	97.265953
867.000000	97.400433
866.000000	97.531926
865.000000	97.660566
864.000000	97.788177
863.000000	97.917417
862.000000	98.042928
861.000000	98.153717
860.000000	98.247412
859.000000	98.333929
858.000000	98.422517
857.000000	98.512917
856.000000	98.601513
855.000000	98.687654
854.000000	98.770643
853.000000	98.847860
852.000000	98.919191
851.000000	98.987489
850.000000	99.052690
849.000000	99.111114
848.000000	99.160928
847.000000	99.201597
846.000000	99.228432
845.000000	99.236255
844.000000	99.228910
843.000000	99.215740
842.000000	99.196795
841.000000	99.161036
840.000000	99.102141
839.000000	99.027331
838.000000	98.947462
837.000000	98.867139
836.000000	98.788695
835.000000	98.717100
834.000000	98.655221
833.000000	98.600877
832.000000	98.552995
831.000000	98.514108
830.000000	98.483724
829.000000	98.458152
828.000000	98.442054
827.000000	98.450946
826.000000	98.494094
825.000000	98.560502
824.000000	98.627297
823.000000	98.676175
822.000000	98.699827
821.000000	98.701860
820.000000	98.694408
819.000000	98.687754
818.000000	98.678114
817.000000	98.650864
816.000000	98.596421
815.000000	98.515861
814.000000	98.410054
813.000000	98.271405
812.000000	98.088573
811.000000	97.851124
810.000000	97.546875
809.000000	97.163976
808.000000	96.701414
807.000000	96.172142
806.000000	95.593688
805.000000	94.984585
804.000000	94.372857
803.000000	93.794687
802.000000	93.276427
801.000000	92.828688
800.000000	92.463569
799.000000	92.202520
798.000000	92.058388
797.000000	92.022336
796.000000	92.074217
795.000000	92.192095
794.000000	92.348289
793.000000	92.513722
792.000000	92.673086
791.000000	92.822316
790.000000	92.948172
789.000000	93.026607
788.000000	93.045852
787.000000	93.014375
786.000000	92.939486
785.000000	92.815116
784.000000	92.640867
783.000000	92.438288
782.000000	92.236027
781.000000	92.051122
780.000000	91.896903
779.000000	91.796927
778.000000	91.775837
777.000000	91.841857
776.000000	91.985984
775.000000	92.189778
774.000000	92.427935
773.000000	92.673775
772.000000	92.910354
771.000000	93.131078
770.000000	93.328249
769.000000	93.490917
768.000000	93.616760
767.000000	93.715642
766.000000	93.797304
765.000000	93.864720
764.000000	93.922433
763.000000	93.979893
762.000000	94.041100
761.000000	94.101330
760.000000	94.159518
759.000000	94.223705
758.000000	94.298597
757.000000	94.377899
756.000000	94.455088
755.000000	94.532436
754.000000	94.613972
753.000000	94.699077
752.000000	94.788605
751.000000	94.887535
750.000000	94.994745
749.000000	95.098513
748.000000	95.189273
747.000000	95.270864
746.000000	95.354470
745.000000	95.448405
744.000000	95.558180
743.000000	95.688274
742.000000	95.837501
741.000000	95.998527
740.000000	96.165731
739.000000	96.337098
738.000000	96.506294
737.000000	96.661831
736.000000	96.798466
735.000000	96.922132
734.000000	97.040044
733.000000	97.151963
732.000000	97.253124
731.000000	97.338728
730.000000	97.403477
729.000000	97.444397
728.000000	97.467543
727.000000	97.485666
726.000000	97.507518
725.000000	97.536292
724.000000	97.578021
723.000000	97.640222
722.000000	97.719653
721.000000	97.802779
720.000000	97.883248
719.000000	97.968295
718.000000	98.061873
717.000000	98.152589
716.000000	98.226696
715.000000	98.284787
714.000000	98.337851
713.000000	98.392487
712.000000	98.446671
711.000000	98.494928
710.000000	98.531236
709.000000	98.550558
708.000000	98.552365
707.000000	98.539885
706.000000	98.513901
705.000000	98.472047
704.000000	98.414266
703.000000	98.339230
702.000000	98.231817
701.000000	98.064358
700.000000	97.818269
699.000000	97.502368
698.000000	97.151393
697.000000	96.816515
696.000000	96.556917
695.000000	96.421115
694.000000	96.421287
693.000000	96.528262
692.000000	96.695831
691.000000	96.886862
690.000000	97.077336
689.000000	97.250108
688.000000	97.397314
687.000000	97.523706
686.000000	97.638293
685.000000	97.745649
684.000000	97.848009
683.000000	97.946414
682.000000	98.034214
681.000000	98.099087
680.000000	98.139312
679.000000	98.171256
678.000000	98.212460
677.000000	98.264382
676.000000	98.319665
675.000000	98.377609
674.000000	98.445195
673.000000	98.523956
672.000000	98.602164
671.000000	98.664154
670.000000	98.706733
669.000000	98.747193
668.000000	98.807879
667.000000	98.894172
666.000000	98.986711
665.000000	99.058586
664.000000	99.107643
663.000000	99.149896
662.000000	99.193637
661.000000	99.234101
660.000000	99.268250
659.000000	99.299026
658.000000	99.320575
657.000000	99.318133
656.000000	99.289917
655.000000	99.253217
654.000000	99.223584
653.000000	99.201117
652.000000	99.184032
651.000000	99.178617
650.000000	99.185750
