4000.000000	101.301039
3999.000000	101.290332
3998.000000	101.275787
3997.000000	101.255981
3996.000000	101.238498
3995.000000	101.234702
3994.000000	101.252111
3993.000000	101.289472
3992.000000	101.335874
3991.000000	101.374950
3990.000000	101.393627
3989.000000	101.389792
3988.000000	101.373164
3987.000000	101.357651
3986.000000	101.350433
3985.000000	101.347448
3984.000000	101.338685
3983.000000	101.317474
3982.000000	101.285619
3981.000000	101.251481
3980.000000	101.223529
3979.000000	101.204530
3978.000000	101.190385
3977.000000	101.173604
3976.000000	101.148512
3975.000000	101.114565
3974.000000	101.075857
3973.000000	101.037918
3972.000000	101.004070
3971.000000	100.973972
3970.000000	100.945817
3969.000000	100.920951
3968.000000	100.906011
3967.000000	100.908648
3966.000000	100.930145
3965.000000	100.962165
3964.000000	100.991268
3963.000000	101.007181
3962.000000	101.007630
3961.000000	100.997435
3960.000000	100.984832
3959.000000	100.978371
3958.000000	100.984004
3957.000000	101.001437
3956.000000	101.021943
3955.000000	101.031712
3954.000000	101.021706
3953.000000	100.995924
3952.000000	100.969420
3951.000000	100.956068
3950.000000	100.957216
3949.000000	100.962571
3948.000000	100.962053
3947.000000	100.955697
3946.000000	100.951531
3945.000000	100.956575
3944.000000	100.970571
3943.000000	100.987116
3942.000000	101.000483
3941.000000	101.010896
3940.000000	101.021389
3939.000000	101.032143
3938.000000	101.040584
3937.000000	101.046626
3936.000000	101.055878
3935.000000	101.074872
3934.000000	101.102577
3933.000000	101.128574
3932.000000	101.142494
3931.000000	101.145373
3930.000000	101.147028
3929.000000	101.152331
3928.000000	101.155828
3927.000000	101.151278
3926.000000	101.140501
3925.000000	101.130834
3924.000000	101.127254
3923.000000	101.128900
3922.000000	101.130865
3921.000000	101.127799
3920.000000	101.117524
3919.000000	101.102723
3918.000000	101.087276
3917.000000	101.071184
3916.000000	101.051888
3915.000000	101.031314
3914.000000	101.016440
3913.000000	101.012881
3912.000000	101.019689
3911.000000	101.030989
3910.000000	101.041630
3909.000000	101.050745
3908.000000	101.060910
3907.000000	101.075658
3906.000000	101.096896
3905.000000	101.120064
3904.000000	101.133712
3903.000000	101.130044
3902.000000	101.114623
3901.000000	101.101151
3900.000000	101.095930
3899.000000	101.093451
3898.000000	101.087303
3897.000000	101.078650
3896.000000	101.070878
3895.000000	101.062030
3894.000000	101.046650
3893.000000	101.025331
3892.000000	101.005867
3891.000000	100.993044
3890.000000	100.982404
3889.000000	100.965378
3888.000000	100.941533
3887.000000	100.925489
3886.000000	100.934002
3885.000000	100.966810
3884.000000	101.005753
3883.000000	101.030358
3882.000000	101.032311
3881.000000	101.016808
3880.000000	100.995370
3879.000000	100.978125
3878.000000	100.967650
3877.000000	100.961489
3876.000000	100.961112
3875.000000	100.969681
3874.000000	100.981437
3873.000000	100.985682
3872.000000	100.983649
3871.000000	100.990284
3870.000000	101.011444
3869.000000	101.033597
3868.000000	101.040779
3867.000000	101.029099
3866.000000	101.003701
3865.000000	100.974072
3864.000000	100.953941
3863.000000	100.958206
3862.000000	100.991562
3861.000000	101.045449
3860.000000	101.106389
3859.000000	101.165047
3858.000000	101.216769
3857.000000	101.256304
3856.000000	101.278166
3855.000000	101.296585
3854.000000	101.333000
3853.000000	101.369772
3852.000000	101.375326
3851.000000	101.349488
3850.000000	101.312609
3849.000000	101.285037
3848.000000	101.278990
3847.000000	101.295747
3846.000000	101.322577
3845.000000	101.340017
3844.000000	101.335977
3843.000000	101.314533
3842.000000	101.292473
3841.000000	101.285173
3840.000000	101.293104
3839.000000	101.301469
3838.000000	101.295536
3837.000000	101.272525
3836.000000	101.235018
3835.000000	101.183180
3834.000000	101.121585
3833.000000	101.064999
3832.000000	101.028746
3831.000000	101.015079
3830.000000	101.011261
3829.000000	101.004268
3828.000000	100.995359
3827.000000	100.994919
3826.000000	101.004236
3825.000000	101.008407
3824.000000	100.987423
3823.000000	100.940270
3822.000000	100.892288
3821.000000	100.861649
3820.000000	100.842544
3819.000000	100.825330
3818.000000	100.814624
3817.000000	100.821885
3816.000000	100.840648
3815.000000	100.849505
3814.000000	100.840863
3813.000000	100.826457
3812.000000	100.818942
3811.000000	100.818707
3810.000000	100.818093
3809.000000	100.817941
3808.000000	100.829847
3807.000000	100.856894
3806.000000	100.885967
3805.000000	100.903650
3804.000000	100.911272
3803.000000	100.925356
3802.000000	100.952055
3801.000000	100.971990
3800.000000	100.969710
3799.000000	100.951500
3798.000000	100.933380
3797.000000	100.925820
3796.000000	100.927958
3795.000000	100.934516
3794.000000	100.942588
3793.000000	100.950626
3792.000000	100.957302
3791.000000	100.963753
3790.000000	100.972971
3789.000000	100.984648
3788.000000	100.993333
3787.000000	100.995068
3786.000000	100.993422
3785.000000	100.995524
3784.000000	101.003153
3783.000000	101.011409
3782.000000	101.014914
3781.000000	101.014105
3780.000000	101.013203
3779.000000	101.013412
3778.000000	101.013399
3777.000000	101.014476
3776.000000	101.020339
3775.000000	101.031893
3774.000000	101.044705
3773.000000	101.053896
3772.000000	101.060359
3771.000000	101.068283
3770.000000	101.076882
3769.000000	101.080607
3768.000000	101.077825
3767.000000	101.074282
3766.000000	101.075838
3765.000000	101.079943
3764.000000	101.078440
3763.000000	101.068134
3762.000000	101.053589
3761.000000	101.040693
3760.000000	101.030801
3759.000000	101.022640
3758.000000	101.017513
3757.000000	101.019299
3756.000000	101.030524
3755.000000	101.049535
3754.000000	101.068866
3753.000000	101.077401
3752.000000	101.071599
3751.000000	101.062888
3750.000000	101.066246
3749.000000	101.080048
3748.000000	101.087675
3747.000000	101.079366
3746.000000	101.069071
3745.000000	101.075992
3744.000000	101.090633
3743.000000	101.092651
3742.000000	101.082350
3741.000000	101.072351
3740.000000	101.067647
3739.000000	101.061766
3738.000000	101.049029
3737.000000	101.031643
3736.000000	101.011209
3735.000000	100.985054
3734.000000	100.956603
3733.000000	100.933835
3732.000000	100.916283
3731.000000	100.894471
3730.000000	100.861765
3729.000000	100.822543
3728.000000	100.788486
3727.000000	100.766287
3726.000000	100.752340
3725.000000	100.742923
3724.000000	100.742343
3723.000000	100.757170
3722.000000	100.785439
3721.000000	100.814093
3720.000000	100.828882
3719.000000	100.826760
3718.000000	100.815438
3717.000000	100.802897
3716.000000	100.790370
3715.000000	100.773980
3714.000000	100.751942
3713.000000	100.731161
3712.000000	100.721026
3711.000000	100.718708
3710.000000	100.711268
3709.000000	100.692743
3708.000000	100.669387
3707.000000	100.649390
3706.000000	100.633054
3705.000000	100.613487
3704.000000	100.585618
3703.000000	100.554831
3702.000000	100.533984
3701.000000	100.530188
3700.000000	100.538707
3699.000000	100.550599
3698.000000	100.561770
3697.000000	100.573340
3696.000000	100.588485
3695.000000	100.609995
3694.000000	100.635997
3693.000000	100.657783
3692.000000	100.666357
3691.000000	100.662349
3690.000000	100.653847
3689.000000	100.643814
3688.000000	100.628180
3687.000000	100.603841
3686.000000	100.572770
3685.000000	100.539674
3684.000000	100.507256
3683.000000	100.476373
3682.000000	100.453239
3681.000000	100.448684
3680.000000	100.462519
3679.000000	100.475833
3678.000000	100.467510
3677.000000	100.439757
3676.000000	100.409657
3675.000000	100.382013
3674.000000	100.352962
3673.000000	100.322280
3672.000000	100.294595
3671.000000	100.274331
3670.000000	100.254862
3669.000000	100.226660
3668.000000	100.193271
3667.000000	100.165063
3666.000000	100.145987
3665.000000	100.130740
3664.000000	100.111364
3663.000000	100.085490
3662.000000	100.058947
3661.000000	100.040096
3660.000000	100.033070
3659.000000	100.036615
3658.000000	100.046961
3657.000000	100.057470
3656.000000	100.058743
3655.000000	100.046629
3654.000000	100.025388
3653.000000	100.001602
3652.000000	99.979946
3651.000000	99.963191
3650.000000	99.949908
3649.000000	99.935679
3648.000000	99.921215
3647.000000	99.912055
3646.000000	99.910688
3645.000000	99.914737
3644.000000	99.919410
3643.000000	99.919617
3642.000000	99.911673
3641.000000	99.895432
3640.000000	99.875576
3639.000000	99.859289
3638.000000	99.851706
3637.000000	99.853392
3636.000000	99.861344
3635.000000	99.870878
3634.000000	99.877378
3633.000000	99.878588
3632.000000	99.875437
3631.000000	99.871021
3630.000000	99.868196
3629.000000	99.864232
3628.000000	99.853869
3627.000000	99.838228
3626.000000	99.823647
3625.000000	99.814961
3624.000000	99.813057
3623.000000	99.815951
3622.000000	99.820371
3621.000000	99.823241
3620.000000	99.822531
3619.000000	99.817670
3618.000000	99.810124
3617.000000	99.802922
3616.000000	99.798868
3615.000000	99.799076
3614.000000	99.802133
3613.000000	99.804514
3612.000000	99.803396
3611.000000	99.799243
3610.000000	99.795442
3609.000000	99.795136
3608.000000	99.797691
3607.000000	99.798953
3606.000000	99.795392
3605.000000	99.786881
3604.000000	99.776412
3603.000000	99.768434
3602.000000	99.766515
3601.000000	99.770779
3600.000000	99.777215
3599.000000	99.780581
3598.000000	99.778368
3597.000000	99.772403
3596.000000	99.767780
3595.000000	99.769066
3594.000000	99.776152
3593.000000	99.783732
3592.000000	99.784951
3591.000000	99.775745
3590.000000	99.758440
3589.000000	99.743796
3588.000000	99.744371
3587.000000	99.762567
3586.000000	99.788110
3585.000000	99.807899
3584.000000	99.815886
3583.000000	99.814194
3582.000000	99.810345
3581.000000	99.812576
3580.000000	99.824614
3579.000000	99.843561
3578.000000	99.862339
3577.000000	99.875213
3576.000000	99.882102
3575.000000	99.888484
3574.000000	99.901237
3573.000000	99.923427
3572.000000	99.951283
3571.000000	99.975436
3570.000000	99.986475
3569.000000	99.981824
3568.000000	99.968972
3567.000000	99.960231
3566.000000	99.963287
3565.000000	99.977250
3564.000000	99.995428
3563.000000	100.010131
3562.000000	100.016655
3561.000000	100.015450
3560.000000	100.011684
3559.000000	100.011796
3558.000000	100.018839
3557.000000	100.030047
3556.000000	100.038746
3555.000000	100.039614
3554.000000	100.033100
3553.000000	100.025025
3552.000000	100.021758
3551.000000	100.025320
3550.000000	100.032639
3549.000000	100.038206
3548.000000	100.037617
3547.000000	100.030227
3546.000000	100.019482
3545.000000	100.010814
3544.000000	100.007787
3543.000000	100.009800
3542.000000	100.013166
3541.000000	100.013842
3540.000000	100.010271
3539.000000	100.004276
3538.000000	99.999788
3537.000000	100.000026
3536.000000	100.005049
3535.000000	100.011696
3534.000000	100.015768
3533.000000	100.015181
3532.000000	100.010936
3531.000000	100.005854
3530.000000	100.002501
3529.000000	100.001397
3528.000000	100.001317
3527.000000	100.000810
3526.000000	99.999349
3525.000000	99.997315
3524.000000	99.995367
3523.000000	99.993904
3522.000000	99.992784
3521.000000	99.991622
3520.000000	99.990185
3519.000000	99.988502
3518.000000	99.986725
3517.000000	99.984940
3516.000000	99.983127
3515.000000	99.981293
3514.000000	99.979462
3513.000000	99.977642
3512.000000	99.975832
3511.000000	99.974033
3510.000000	99.972245
3509.000000	99.970465
3508.000000	99.968691
3507.000000	99.966921
3506.000000	99.965150
3505.000000	99.963367
3504.000000	99.961553
3503.000000	99.959693
3502.000000	99.957791
3501.000000	99.955860
3500.000000	99.953916
3499.000000	99.951954
3498.000000	99.949956
3497.000000	99.947896
3496.000000	99.945756
3495.000000	99.943533
3494.000000	99.941244
3493.000000	99.938916
3492.000000	99.936576
3491.000000	99.934245
3490.000000	99.931933
3489.000000	99.929643
3488.000000	99.927373
3487.000000	99.925118
3486.000000	99.922873
3485.000000	99.920637
3484.000000	99.918413
3483.000000	99.916196
3482.000000	99.913975
3481.000000	99.911741
3480.000000	99.909497
3479.000000	99.907266
3478.000000	99.905082
3477.000000	99.902975
3476.000000	99.900959
3475.000000	99.899026
3474.000000	99.897157
3473.000000	99.895332
3472.000000	99.893545
3471.000000	99.891804
3470.000000	99.890121
3469.000000	99.888495
3468.000000	99.886915
3467.000000	99.885366
3466.000000	99.883840
3465.000000	99.882340
3464.000000	99.880882
3463.000000	99.879487
3462.000000	99.878183
3461.000000	99.876986
3460.000000	99.875895
3459.000000	99.874892
3458.000000	99.873949
3457.000000	99.873046
3456.000000	99.872172
3455.000000	99.871310
3454.000000	99.870442
3453.000000	99.869541
3452.000000	99.868590
3451.000000	99.867563
3450.000000	99.866441
3449.000000	99.865397
3448.000000	99.864750
3447.000000	99.864487
3446.000000	99.864014
3445.000000	99.862800
3444.000000	99.861116
3443.000000	99.859873
3442.000000	99.859709
3441.000000	99.860240
3440.000000	99.860204
3439.000000	99.858409
3438.000000	99.854692
3437.000000	99.850285
3436.000000	99.847088
3435.000000	99.846349
3434.000000	99.847774
3433.000000	99.849663
3432.000000	99.850109
3431.000000	99.848314
3430.000000	99.845191
3429.000000	99.842943
3428.000000	99.843555
3427.000000	99.847051
3426.000000	99.851034
3425.000000	99.852427
3424.000000	99.850164
3423.000000	99.846606
3422.000000	99.846162
3421.000000	99.851719
3420.000000	99.861745
3419.000000	99.870570
3418.000000	99.872068
3417.000000	99.863373
3416.000000	99.846547
3415.000000	99.827741
3414.000000	99.813839
3413.000000	99.808641
3412.000000	99.811173
3411.000000	99.817054
3410.000000	99.821910
3409.000000	99.824483
3408.000000	99.827361
3407.000000	99.834808
3406.000000	99.848913
3405.000000	99.866694
3404.000000	99.880787
3403.000000	99.884122
3402.000000	99.875576
3401.000000	99.862324
3400.000000	99.856153
3399.000000	99.865537
3398.000000	99.889376
3397.000000	99.916955
3396.000000	99.935456
3395.000000	99.939582
3394.000000	99.934469
3393.000000	99.929943
3392.000000	99.931579
3391.000000	99.936962
3390.000000	99.939911
3389.000000	99.937022
3388.000000	99.930338
3387.000000	99.925586
3386.000000	99.929092
3385.000000	99.944919
3384.000000	99.971754
3383.000000	100.000835
3382.000000	100.019046
3381.000000	100.017603
3380.000000	99.999263
3379.000000	99.977240
3378.000000	99.965150
3377.000000	99.966090
3376.000000	99.970913
3375.000000	99.966690
3374.000000	99.947406
3373.000000	99.918029
3372.000000	99.889696
3371.000000	99.870829
3370.000000	99.861678
3369.000000	99.855777
3368.000000	99.845717
3367.000000	99.828079
3366.000000	99.804820
3365.000000	99.781807
3364.000000	99.766057
3363.000000	99.762402
3362.000000	99.770344
3361.000000	99.783158
3360.000000	99.791255
3359.000000	99.789083
3358.000000	99.780484
3357.000000	99.776696
3356.000000	99.786865
3355.000000	99.808808
3354.000000	99.829357
3353.000000	99.835134
3352.000000	99.823710
3351.000000	99.804661
3350.000000	99.790696
3349.000000	99.788250
3348.000000	99.795444
3347.000000	99.806325
3346.000000	99.815437
3345.000000	99.819613
3344.000000	99.818242
3343.000000	99.813534
3342.000000	99.809982
3341.000000	99.811783
3340.000000	99.819454
3339.000000	99.829110
3338.000000	99.836421
3337.000000	99.842196
3336.000000	99.853146
3335.000000	99.875558
3334.000000	99.908284
3333.000000	99.942638
3332.000000	99.968952
3331.000000	99.982769
3330.000000	99.985121
3329.000000	99.979004
3328.000000	99.967136
3327.000000	99.952119
3326.000000	99.936994
3325.000000	99.925109
3324.000000	99.919430
3323.000000	99.921310
3322.000000	99.929356
3321.000000	99.939860
3320.000000	99.948975
3319.000000	99.954573
3318.000000	99.955985
3317.000000	99.952868
3316.000000	99.945463
3315.000000	99.935818
3314.000000	99.927942
3313.000000	99.926229
3312.000000	99.933371
3311.000000	99.949130
3310.000000	99.969987
3309.000000	99.990028
3308.000000	100.003416
3307.000000	100.006726
3306.000000	99.999549
3305.000000	99.983737
3304.000000	99.962620
3303.000000	99.940353
3302.000000	99.920627
3301.000000	99.905443
3300.000000	99.895607
3299.000000	99.892365
3298.000000	99.897423
3297.000000	99.910521
3296.000000	99.927165
3295.000000	99.939539
3294.000000	99.940654
3293.000000	99.928386
3292.000000	99.906961
3291.000000	99.885193
3290.000000	99.871687
3289.000000	99.870283
3288.000000	99.878877
3287.000000	99.891923
3286.000000	99.904110
3285.000000	99.912049
3284.000000	99.913823
3283.000000	99.908678
3282.000000	99.897692
3281.000000	99.883826
3280.000000	99.870050
3279.000000	99.857034
3278.000000	99.843331
3277.000000	99.828758
3276.000000	99.817803
3275.000000	99.818464
3274.000000	99.835835
3273.000000	99.865886
3272.000000	99.896086
3271.000000	99.914167
3270.000000	99.917241
3269.000000	99.912472
3268.000000	99.909748
3267.000000	99.914356
3266.000000	99.925979
3265.000000	99.942106
3264.000000	99.960270
3263.000000	99.977807
3262.000000	99.992295
3261.000000	100.003898
3260.000000	100.016115
3259.000000	100.031997
3258.000000	100.049065
3257.000000	100.059542
3256.000000	100.057387
3255.000000	100.045481
3254.000000	100.035317
3253.000000	100.038252
3252.000000	100.056023
3251.000000	100.079215
3250.000000	100.094962
3249.000000	100.097298
3248.000000	100.090970
3247.000000	100.086038
3246.000000	100.089021
3245.000000	100.098450
3244.000000	100.107666
3243.000000	100.110796
3242.000000	100.106352
3241.000000	100.097035
3240.000000	100.087439
3239.000000	100.081238
3238.000000	100.079013
3237.000000	100.077883
3236.000000	100.073292
3235.000000	100.062082
3234.000000	100.045093
3233.000000	100.027595
3232.000000	100.016496
3231.000000	100.014960
3230.000000	100.018454
3229.000000	100.017252
3228.000000	100.004908
3227.000000	99.985068
3226.000000	99.969182
3225.000000	99.966786
3224.000000	99.978153
3223.000000	99.994985
3222.000000	100.006878
3221.000000	100.007886
3220.000000	99.999008
3219.000000	99.986482
3218.000000	99.977426
3217.000000	99.975315
3216.000000	99.978295
3215.000000	99.981486
3214.000000	99.981491
3213.000000	99.979664
3212.000000	99.981711
3211.000000	99.993958
3210.000000	100.018366
3209.000000	100.049048
3208.000000	100.074245
3207.000000	100.084407
3206.000000	100.079115
3205.000000	100.066962
3204.000000	100.058807
3203.000000	100.060080
3202.000000	100.069318
3201.000000	100.082146
3200.000000	100.095089
3199.000000	100.106289
3198.000000	100.114858
3197.000000	100.121119
3196.000000	100.126733
3195.000000	100.132863
3194.000000	100.137849
3193.000000	100.137952
3192.000000	100.131236
3191.000000	100.120460
3190.000000	100.111749
3189.000000	100.110176
3188.000000	100.116652
3187.000000	100.128098
3186.000000	100.139481
3185.000000	100.146565
3184.000000	100.148128
3183.000000	100.146185
3182.000000	100.144218
3181.000000	100.144523
3180.000000	100.146895
3179.000000	100.149672
3178.000000	100.151681
3177.000000	100.153175
3176.000000	100.155248
3175.000000	100.158826
3174.000000	100.164123
3173.000000	100.170490
3172.000000	100.176444
3171.000000	100.180269
3170.000000	100.181131
3169.000000	100.179750
3168.000000	100.178324
3167.000000	100.179216
3166.000000	100.183308
3165.000000	100.189505
3164.000000	100.195453
3163.000000	100.199534
3162.000000	100.201967
3161.000000	100.204072
3160.000000	100.206811
3159.000000	100.209952
3158.000000	100.212479
3157.000000	100.213558
3156.000000	100.213098
3155.000000	100.211747
3154.000000	100.210723
3153.000000	100.211437
3152.000000	100.214798
3151.000000	100.220445
3150.000000	100.226472
3149.000000	100.230458
3148.000000	100.231235
3147.000000	100.229798
3146.000000	100.228544
3145.000000	100.229267
3144.000000	100.231774
3143.000000	100.234241
3142.000000	100.234828
3141.000000	100.233327
3140.000000	100.231503
3139.000000	100.231678
3138.000000	100.234802
3137.000000	100.239812
3136.000000	100.244702
3135.000000	100.247900
3134.000000	100.248688
3133.000000	100.247161
3132.000000	100.244517
3131.000000	100.242954
3130.000000	100.244091
3129.000000	100.247026
3128.000000	100.248530
3127.000000	100.246045
3126.000000	100.240846
3125.000000	100.237903
3124.000000	100.242293
3123.000000	100.255244
3122.000000	100.273250
3121.000000	100.290559
3120.000000	100.302896
3119.000000	100.309781
3118.000000	100.313688
3117.000000	100.317229
3116.000000	100.321225
3115.000000	100.325245
3114.000000	100.329120
3113.000000	100.333158
3112.000000	100.337353
3111.000000	100.341618
3110.000000	100.346915
3109.000000	100.354800
3108.000000	100.364780
3107.000000	100.372888
3106.000000	100.374242
3105.000000	100.367076
3104.000000	100.354024
3103.000000	100.340614
3102.000000	100.332789
3101.000000	100.334354
3100.000000	100.344824
3099.000000	100.359061
3098.000000	100.370688
3097.000000	100.376995
3096.000000	100.379871
3095.000000	100.382096
3094.000000	100.383956
3093.000000	100.383875
3092.000000	100.380871
3091.000000	100.375439
3090.000000	100.369346
3089.000000	100.365928
3088.000000	100.369422
3087.000000	100.381675
3086.000000	100.398993
3085.000000	100.413585
3084.000000	100.419246
3083.000000	100.415433
3082.000000	100.406468
3081.000000	100.398174
3080.000000	100.395190
3079.000000	100.399833
3078.000000	100.411971
3077.000000	100.429756
3076.000000	100.450895
3075.000000	100.473283
3074.000000	100.494655
3073.000000	100.512644
3072.000000	100.525855
3071.000000	100.534460
3070.000000	100.539379
3069.000000	100.541249
3068.000000	100.540596
3067.000000	100.538748
3066.000000	100.538193
3065.000000	100.541753
3064.000000	100.550627
3063.000000	100.562107
3062.000000	100.569463
3061.000000	100.566001
3060.000000	100.550705
3059.000000	100.529890
3058.000000	100.512418
3057.000000	100.502824
3056.000000	100.499355
3055.000000	100.497950
3054.000000	100.496824
3053.000000	100.497268
3052.000000	100.501190
3051.000000	100.508193
3050.000000	100.514568
3049.000000	100.515324
3048.000000	100.508060
3047.000000	100.494848
3046.000000	100.480060
3045.000000	100.466933
3044.000000	100.456690
3043.000000	100.449500
3042.000000	100.444086
3041.000000	100.436914
3040.000000	100.424805
3039.000000	100.409579
3038.000000	100.398031
3037.000000	100.395725
3036.000000	100.402251
3035.000000	100.413428
3034.000000	100.426115
3033.000000	100.438891
3032.000000	100.449727
3031.000000	100.456566
3030.000000	100.460475
3029.000000	100.465308
3028.000000	100.473292
3027.000000	100.482817
3026.000000	100.491418
3025.000000	100.499399
3024.000000	100.509306
3023.000000	100.522861
3022.000000	100.539275
3021.000000	100.555424
3020.000000	100.566754
3019.000000	100.569292
3018.000000	100.562525
3017.000000	100.550633
3016.000000	100.540189
3015.000000	100.536557
3014.000000	100.542405
3013.000000	100.557589
3012.000000	100.578368
3011.000000	100.597647
3010.000000	100.609028
3009.000000	100.611690
3008.000000	100.610388
3007.000000	100.610346
3006.000000	100.612656
3005.000000	100.614902
3004.000000	100.614909
3003.000000	100.613047
3002.000000	100.611937
3001.000000	100.614851
3000.000000	100.623579
2999.000000	100.636475
2998.000000	100.648509
2997.000000	100.654374
2996.000000	100.651917
2995.000000	100.642569
2994.000000	100.629444
2993.000000	100.615847
2992.000000	100.605089
2991.000000	100.600120
2990.000000	100.602128
2989.000000	100.609714
2988.000000	100.620162
2987.000000	100.631602
2986.000000	100.643666
2985.000000	100.656315
2984.000000	100.668791
2983.000000	100.679909
2982.000000	100.688847
2981.000000	100.695484
2980.000000	100.700564
2979.000000	100.705837
2978.000000	100.713256
2977.000000	100.722871
2976.000000	100.731644
2975.000000	100.735643
2974.000000	100.733887
2973.000000	100.729238
2972.000000	100.725253
2971.000000	100.722915
2970.000000	100.721159
2969.000000	100.719387
2968.000000	100.717685
2967.000000	100.714996
2966.000000	100.709128
2965.000000	100.699428
2964.000000	100.688383
2963.000000	100.679713
2962.000000	100.675478
2961.000000	100.675781
2960.000000	100.680422
2959.000000	100.689334
2958.000000	100.701112
2957.000000	100.712039
2956.000000	100.717675
2955.000000	100.715732
2954.000000	100.707680
2953.000000	100.697885
2952.000000	100.690630
2951.000000	100.687300
2950.000000	100.686222
2949.000000	100.684875
2948.000000	100.682158
2947.000000	100.678878
2946.000000	100.676593
2945.000000	100.676239
2944.000000	100.677481
2943.000000	100.678964
2942.000000	100.679309
2941.000000	100.678209
2940.000000	100.676789
2939.000000	100.677032
2938.000000	100.680728
2937.000000	100.688475
2936.000000	100.699006
2935.000000	100.709393
2934.000000	100.716468
2933.000000	100.718694
2932.000000	100.716915
2931.000000	100.713626
2930.000000	100.711602
2929.000000	100.712636
2928.000000	100.716770
2927.000000	100.722311
2926.000000	100.726894
2925.000000	100.729214
2924.000000	100.729845
2923.000000	100.730428
2922.000000	100.732082
2921.000000	100.734572
2920.000000	100.736812
2919.000000	100.737896
2918.000000	100.737772
2917.000000	100.737251
2916.000000	100.737526
2915.000000	100.739548
2914.000000	100.743563
2913.000000	100.749026
2912.000000	100.754797
2911.000000	100.759678
2910.000000	100.763040
2909.000000	100.765010
2908.000000	100.766074
2907.000000	100.766496
2906.000000	100.766232
2905.000000	100.765387
2904.000000	100.764572
2903.000000	100.764657
2902.000000	100.766242
2901.000000	100.769373
2900.000000	100.773670
2899.000000	100.778750
2898.000000	100.784420
2897.000000	100.790289
2896.000000	100.795217
2895.000000	100.797630
2894.000000	100.796813
2893.000000	100.794087
2892.000000	100.792264
2891.000000	100.793321
2890.000000	100.796969
2889.000000	100.801538
2888.000000	100.805864
2887.000000	100.809950
2886.000000	100.814256
2885.000000	100.819082
2884.000000	100.824316
2883.000000	100.828991
2882.000000	100.831239
2881.000000	100.829532
2880.000000	100.824205
2879.000000	100.817575
2878.000000	100.812624
2877.000000	100.811699
2876.000000	100.815764
2875.000000	100.823571
2874.000000	100.831411
2873.000000	100.835124
2872.000000	100.833278
2871.000000	100.828291
2870.000000	100.824061
2869.000000	100.822500
2868.000000	100.822417
2867.000000	100.821198
2866.000000	100.817358
2865.000000	100.812046
2864.000000	100.808717
2863.000000	100.811189
2862.000000	100.821332
2861.000000	100.837817
2860.000000	100.856535
2859.000000	100.872472
2858.000000	100.882224
2857.000000	100.885834
2856.000000	100.886821
2855.000000	100.889737
2854.000000	100.896656
2853.000000	100.905665
2852.000000	100.912767
2851.000000	100.915266
2850.000000	100.913438
2849.000000	100.909748
2848.000000	100.907030
2847.000000	100.906873
2846.000000	100.908705
2845.000000	100.910019
2844.000000	100.907861
2843.000000	100.900735
2842.000000	100.889364
2841.000000	100.875843
2840.000000	100.862544
2839.000000	100.851970
2838.000000	100.846580
2837.000000	100.847105
2836.000000	100.850850
2835.000000	100.853056
2834.000000	100.851056
2833.000000	100.846587
2832.000000	100.843310
2831.000000	100.842883
2830.000000	100.844271
2829.000000	100.845858
2828.000000	100.846788
2827.000000	100.846772
2826.000000	100.846176
2825.000000	100.846179
2824.000000	100.847315
2823.000000	100.847839
2822.000000	100.845330
2821.000000	100.840397
2820.000000	100.837168
2819.000000	100.839243
2818.000000	100.846203
2817.000000	100.854519
2816.000000	100.860993
2815.000000	100.865239
2814.000000	100.869971
2813.000000	100.878975
2812.000000	100.893211
2811.000000	100.908500
2810.000000	100.918772
2809.000000	100.922235
2808.000000	100.922664
2807.000000	100.924489
2806.000000	100.929242
2805.000000	100.937556
2804.000000	100.951141
2803.000000	100.970010
2802.000000	100.989885
2801.000000	101.005730
2800.000000	101.017092
2799.000000	101.027454
2798.000000	101.039151
2797.000000	101.051565
2796.000000	101.063502
2795.000000	101.074146
2794.000000	101.081845
2793.000000	101.085240
2792.000000	101.086282
2791.000000	101.089418
2790.000000	101.096614
2789.000000	101.105315
2788.000000	101.112134
2787.000000	101.116204
2786.000000	101.117615
2785.000000	101.114897
2784.000000	101.106271
2783.000000	101.092122
2782.000000	101.074282
2781.000000	101.053333
2780.000000	101.028276
2779.000000	100.998830
2778.000000	100.967177
2777.000000	100.937913
2776.000000	100.916927
2775.000000	100.908818
2774.000000	100.912928
2773.000000	100.921528
2772.000000	100.924345
2771.000000	100.916847
2770.000000	100.903530
2769.000000	100.892303
2768.000000	100.886378
2767.000000	100.882623
2766.000000	100.876848
2765.000000	100.868903
2764.000000	100.862531
2763.000000	100.862232
2762.000000	100.871191
2761.000000	100.890189
2760.000000	100.915826
2759.000000	100.940056
2758.000000	100.954297
2757.000000	100.955916
2756.000000	100.950454
2755.000000	100.946857
2754.000000	100.950872
2753.000000	100.962937
2752.000000	100.980640
2751.000000	101.001465
2750.000000	101.023385
2749.000000	101.044534
2748.000000	101.063398
2747.000000	101.079177
2746.000000	101.091479
2745.000000	101.099650
2744.000000	101.102982
2743.000000	101.102290
2742.000000	101.101349
2741.000000	101.105783
2740.000000	101.119165
2739.000000	101.139801
2738.000000	101.161322
2737.000000	101.176075
2736.000000	101.178196
2735.000000	101.165498
2734.000000	101.141092
2733.000000	101.113038
2732.000000	101.089441
2731.000000	101.072480
2730.000000	101.058735
2729.000000	101.045505
2728.000000	101.034713
2727.000000	101.029823
2726.000000	101.031162
2725.000000	101.035590
2724.000000	101.038861
2723.000000	101.036857
2722.000000	101.026781
2721.000000	101.010212
2720.000000	100.994128
2719.000000	100.986068
2718.000000	100.987952
2717.000000	100.995764
2716.000000	101.004291
2715.000000	101.010553
2714.000000	101.013798
2713.000000	101.015218
2712.000000	101.017825
2711.000000	101.023991
2710.000000	101.032171
2709.000000	101.037655
2708.000000	101.037241
2707.000000	101.032267
2706.000000	101.027340
2705.000000	101.027611
2704.000000	101.036772
2703.000000	101.055093
2702.000000	101.078448
2701.000000	101.101137
2700.000000	101.120912
2699.000000	101.140114
2698.000000	101.161435
2697.000000	101.183881
2696.000000	101.203171
2695.000000	101.214378
2694.000000	101.214038
2693.000000	101.202658
2692.000000	101.186822
2691.000000	101.176336
2690.000000	101.176542
2689.000000	101.184228
2688.000000	101.192747
2687.000000	101.199577
2686.000000	101.206198
2685.000000	101.211421
2684.000000	101.208876
2683.000000	101.193166
2682.000000	101.166583
2681.000000	101.137563
2680.000000	101.113095
2679.000000	101.094579
2678.000000	101.081092
2677.000000	101.073697
2676.000000	101.073995
2675.000000	101.079170
2674.000000	101.081309
2673.000000	101.073212
2672.000000	101.054225
2671.000000	101.029664
2670.000000	101.005424
2669.000000	100.984124
2668.000000	100.965722
2667.000000	100.949982
2666.000000	100.937576
2665.000000	100.929280
2664.000000	100.924528
2663.000000	100.920836
2662.000000	100.914973
2661.000000	100.904926
2660.000000	100.890298
2659.000000	100.871000
2658.000000	100.847430
2657.000000	100.823524
2656.000000	100.808301
2655.000000	100.811525
2654.000000	100.836506
2653.000000	100.877173
2652.000000	100.921871
2651.000000	100.960070
2650.000000	100.986968
2649.000000	101.004094
2648.000000	101.016875
2647.000000	101.030690
2646.000000	101.047577
2645.000000	101.066031
2644.000000	101.083572
2643.000000	101.098958
2642.000000	101.112153
2641.000000	101.123215
2640.000000	101.131822
2639.000000	101.137466
2638.000000	101.139853
2637.000000	101.139355
2636.000000	101.137154
2635.000000	101.134979
2634.000000	101.135101
2633.000000	101.140345
2632.000000	101.152514
2631.000000	101.169673
2630.000000	101.186216
2629.000000	101.197631
2628.000000	101.205122
2627.000000	101.214017
2626.000000	101.227503
2625.000000	101.243035
2624.000000	101.254888
2623.000000	101.259038
2622.000000	101.255343
2621.000000	101.246269
2620.000000	101.234043
2619.000000	101.218768
2618.000000	101.199697
2617.000000	101.178227
2616.000000	101.158318
2615.000000	101.143450
2614.000000	101.134587
2613.000000	101.131673
2612.000000	101.134589
2611.000000	101.140237
2610.000000	101.140704
2609.000000	101.128686
2608.000000	101.105474
2607.000000	101.080685
2606.000000	101.062630
2605.000000	101.051641
2604.000000	101.044599
2603.000000	101.042657
2602.000000	101.050428
2601.000000	101.068388
2600.000000	101.089576
2599.000000	101.104603
2598.000000	101.108402
2597.000000	101.101398
2596.000000	101.086814
2595.000000	101.069066
2594.000000	101.053489
2593.000000	101.044990
2592.000000	101.045786
2591.000000	101.054651
2590.000000	101.068143
2589.000000	101.082034
2588.000000	101.092036
2587.000000	101.094981
2586.000000	101.090740
2585.000000	101.082714
2584.000000	101.075093
2583.000000	101.069136
2582.000000	101.063239
2581.000000	101.056987
2580.000000	101.053799
2579.000000	101.058189
2578.000000	101.070927
2577.000000	101.087555
2576.000000	101.101588
2575.000000	101.108942
2574.000000	101.108878
2573.000000	101.102583
2572.000000	101.092482
2571.000000	101.082291
2570.000000	101.075848
2569.000000	101.075004
2568.000000	101.078874
2567.000000	101.085010
2566.000000	101.091012
2565.000000	101.095538
2564.000000	101.098742
2563.000000	101.101718
2562.000000	101.104509
2561.000000	101.104508
2560.000000	101.098267
2559.000000	101.086127
2558.000000	101.074448
2557.000000	101.071257
2556.000000	101.079563
2555.000000	101.095395
2554.000000	101.111869
2553.000000	101.124838
2552.000000	101.134145
2551.000000	101.141257
2550.000000	101.147653
2549.000000	101.155039
2548.000000	101.164931
2547.000000	101.176754
2546.000000	101.187204
2545.000000	101.192988
2544.000000	101.194434
2543.000000	101.195653
2542.000000	101.200649
2541.000000	101.209502
2540.000000	101.218381
2539.000000	101.222798
2538.000000	101.220803
2537.000000	101.213939
2536.000000	101.205933
2535.000000	101.200158
2534.000000	101.197344
2533.000000	101.195375
2532.000000	101.191463
2531.000000	101.185045
2530.000000	101.179007
2529.000000	101.177968
2528.000000	101.184638
2527.000000	101.197132
2526.000000	101.209875
2525.000000	101.217821
2524.000000	101.219706
2523.000000	101.217189
2522.000000	101.211948
2521.000000	101.204681
2520.000000	101.196596
2519.000000	101.190156
2518.000000	101.187214
2517.000000	101.186965
2516.000000	101.186789
2515.000000	101.185266
2514.000000	101.183594
2513.000000	101.183485
2512.000000	101.183840
2511.000000	101.180569
2510.000000	101.170751
2509.000000	101.156921
2508.000000	101.146220
2507.000000	101.143776
2506.000000	101.148182
2505.000000	101.153542
2504.000000	101.155737
2503.000000	101.155658
2502.000000	101.155916
2501.000000	101.156840
2500.000000	101.156830
2499.000000	101.155251
2498.000000	101.153138
2497.000000	101.151208
2496.000000	101.148717
2495.000000	101.144949
2494.000000	101.141153
2493.000000	101.140107
2492.000000	101.143466
2491.000000	101.149788
2490.000000	101.155154
2489.000000	101.156251
2488.000000	101.152952
2487.000000	101.148202
2486.000000	101.145453
2485.000000	101.145918
2484.000000	101.148388
2483.000000	101.151168
2482.000000	101.153669
2481.000000	101.156357
2480.000000	101.160019
2479.000000	101.165208
2478.000000	101.171767
2477.000000	101.178468
2476.000000	101.183417
2475.000000	101.185238
2474.000000	101.183971
2473.000000	101.181029
2472.000000	101.178544
2471.000000	101.178446
2470.000000	101.181460
2469.000000	101.186485
2468.000000	101.191268
2467.000000	101.194351
2466.000000	101.196344
2465.000000	101.198946
2464.000000	101.202922
2463.000000	101.207474
2462.000000	101.211488
2461.000000	101.214723
2460.000000	101.217713
2459.000000	101.221044
2458.000000	101.225107
2457.000000	101.230272
2456.000000	101.236622
2455.000000	101.243271
2454.000000	101.248308
2453.000000	101.250024
2452.000000	101.248472
2451.000000	101.245817
2450.000000	101.244874
2449.000000	101.246946
2448.000000	101.250706
2447.000000	101.253073
2446.000000	101.251670
2445.000000	101.247068
2444.000000	101.242513
2443.000000	101.241150
2442.000000	101.243249
2441.000000	101.246109
2440.000000	101.246770
2439.000000	101.244680
2438.000000	101.241691
2437.000000	101.239925
2436.000000	101.240141
2435.000000	101.241921
2434.000000	101.244473
2433.000000	101.246889
2432.000000	101.248352
2431.000000	101.248887
2430.000000	101.249649
2429.000000	101.251781
2428.000000	101.254970
2427.000000	101.257500
2426.000000	101.257725
2425.000000	101.255063
2424.000000	101.249896
2423.000000	101.243345
2422.000000	101.237338
2421.000000	101.233836
2420.000000	101.233349
2419.000000	101.234695
2418.000000	101.236430
2417.000000	101.238357
2416.000000	101.241024
2415.000000	101.244075
2414.000000	101.246151
2413.000000	101.246443
2412.000000	101.245517
2411.000000	101.244406
2410.000000	101.243491
2409.000000	101.242613
2408.000000	101.241816
2407.000000	101.241464
2406.000000	101.241757
2405.000000	101.242468
2404.000000	101.243064
2403.000000	101.243024
2402.000000	101.242169
2401.000000	101.240878
2400.000000	101.239955
2399.000000	101.239814
2398.000000	101.239938
2397.000000	101.239424
2396.000000	101.237985
2395.000000	101.236168
2394.000000	101.234617
2393.000000	101.233379
2392.000000	101.232075
2391.000000	101.230502
2390.000000	101.228849
2389.000000	101.227424
2388.000000	101.226322
2387.000000	101.225390
2386.000000	101.224391
2385.000000	101.223138
2384.000000	101.221528
2383.000000	101.219589
2382.000000	101.217504
2381.000000	101.215563
2380.000000	101.214000
2379.000000	101.212830
2378.000000	101.211859
2377.000000	101.210803
2376.000000	101.209545
2375.000000	101.208173
2374.000000	101.206830
2373.000000	101.205589
2372.000000	101.204441
2371.000000	101.203331
2370.000000	101.202210
2369.000000	101.201052
2368.000000	101.199851
2367.000000	101.198620
2366.000000	101.197378
2365.000000	101.196152
2364.000000	101.194972
2363.000000	101.193842
2362.000000	101.192747
2361.000000	101.191681
2360.000000	101.190670
2359.000000	101.189750
2358.000000	101.188939
2357.000000	101.188229
2356.000000	101.187602
2355.000000	101.187049
2354.000000	101.186568
2353.000000	101.186155
2352.000000	101.185800
2351.000000	101.185494
2350.000000	101.185238
2349.000000	101.185042
2348.000000	101.184915
2347.000000	101.184856
2346.000000	101.184839
2345.000000	101.184827
2344.000000	101.184791
2343.000000	101.184732
2342.000000	101.184684
2341.000000	101.184691
2340.000000	101.184792
2339.000000	101.185007
2338.000000	101.185328
2337.000000	101.185724
2336.000000	101.186157
2335.000000	101.186603
2334.000000	101.187059
2333.000000	101.187541
2332.000000	101.188065
2331.000000	101.188622
2330.000000	101.189183
2329.000000	101.189726
2328.000000	101.190264
2327.000000	101.190841
2326.000000	101.191499
2325.000000	101.192253
2324.000000	101.193088
2323.000000	101.193964
2322.000000	101.194833
2321.000000	101.195664
2320.000000	101.196455
2319.000000	101.197218
2318.000000	101.197955
2317.000000	101.198654
2316.000000	101.199304
2315.000000	101.199913
2314.000000	101.200504
2313.000000	101.201088
2312.000000	101.201666
2311.000000	101.202231
2310.000000	101.202786
2309.000000	101.203331
2308.000000	101.203863
2307.000000	101.204365
2306.000000	101.204828
2305.000000	101.205258
2304.000000	101.205672
2303.000000	101.206097
2302.000000	101.206572
2301.000000	101.207125
2300.000000	101.207758
2299.000000	101.208427
2298.000000	101.209081
2297.000000	101.209669
2296.000000	101.210170
2295.000000	101.210608
2294.000000	101.211062
2293.000000	101.211560
2292.000000	101.212010
2291.000000	101.212321
2290.000000	101.212601
2289.000000	101.213088
2288.000000	101.213856
2287.000000	101.214705
2286.000000	101.215312
2285.000000	101.215608
2284.000000	101.215603
2283.000000	101.215164
2282.000000	101.214304
2281.000000	101.213364
2280.000000	101.212737
2279.000000	101.212556
2278.000000	101.212643
2277.000000	101.212728
2276.000000	101.212666
2275.000000	101.212446
2274.000000	101.212213
2273.000000	101.212247
2272.000000	101.212759
2271.000000	101.213529
2270.000000	101.213938
2269.000000	101.213536
2268.000000	101.212411
2267.000000	101.211075
2266.000000	101.210022
2265.000000	101.209483
2264.000000	101.209520
2263.000000	101.210061
2262.000000	101.210805
2261.000000	101.211366
2260.000000	101.211464
2259.000000	101.211016
2258.000000	101.210081
2257.000000	101.208865
2256.000000	101.207700
2255.000000	101.206803
2254.000000	101.206041
2253.000000	101.205101
2252.000000	101.204007
2251.000000	101.203219
2250.000000	101.203119
2249.000000	101.203519
2248.000000	101.203826
2247.000000	101.203627
2246.000000	101.203015
2245.000000	101.202403
2244.000000	101.202110
2243.000000	101.202115
2242.000000	101.202167
2241.000000	101.202064
2240.000000	101.201784
2239.000000	101.201341
2238.000000	101.200623
2237.000000	101.199575
2236.000000	101.198530
2235.000000	101.198060
2234.000000	101.198383
2233.000000	101.199108
2232.000000	101.199661
2231.000000	101.199901
2230.000000	101.200049
2229.000000	101.200190
2228.000000	101.200155
2227.000000	101.199871
2226.000000	101.199563
2225.000000	101.199492
2224.000000	101.199703
2223.000000	101.200123
2222.000000	101.200720
2221.000000	101.201457
2220.000000	101.202164
2219.000000	101.202640
2218.000000	101.202923
2217.000000	101.203294
2216.000000	101.203955
2215.000000	101.204793
2214.000000	101.205527
2213.000000	101.206083
2212.000000	101.206716
2211.000000	101.207698
2210.000000	101.208981
2209.000000	101.210219
2208.000000	101.211076
2207.000000	101.211483
2206.000000	101.211637
2205.000000	101.211852
2204.000000	101.212368
2203.000000	101.213265
2202.000000	101.214487
2201.000000	101.215889
2200.000000	101.217242
2199.000000	101.218297
2198.000000	101.218957
2197.000000	101.219425
2196.000000	101.220094
2195.000000	101.221125
2194.000000	101.222229
2193.000000	101.222992
2192.000000	101.223373
2191.000000	101.223764
2190.000000	101.224513
2189.000000	101.225522
2188.000000	101.226368
2187.000000	101.226775
2186.000000	101.226848
2185.000000	101.226870
2184.000000	101.226955
2183.000000	101.227019
2182.000000	101.227140
2181.000000	101.227760
2180.000000	101.229294
2179.000000	101.231564
2178.000000	101.233689
2177.000000	101.234956
2176.000000	101.235597
2175.000000	101.236406
2174.000000	101.237498
2173.000000	101.238030
2172.000000	101.237424
2171.000000	101.236261
2170.000000	101.235700
2169.000000	101.236241
2168.000000	101.237585
2167.000000	101.239310
2166.000000	101.241185
2165.000000	101.242841
2164.000000	101.243763
2163.000000	101.243829
2162.000000	101.243437
2161.000000	101.242966
2160.000000	101.242417
2159.000000	101.241693
2158.000000	101.240949
2157.000000	101.240487
2156.000000	101.240551
2155.000000	101.241330
2154.000000	101.242923
2153.000000	101.245066
2152.000000	101.247081
2151.000000	101.248403
2150.000000	101.249023
2149.000000	101.249282
2148.000000	101.249412
2147.000000	101.249517
2146.000000	101.249849
2145.000000	101.250659
2144.000000	101.251676
2143.000000	101.252127
2142.000000	101.251551
2141.000000	101.250356
2140.000000	101.249407
2139.000000	101.249352
2138.000000	101.250559
2137.000000	101.253172
2136.000000	101.256775
2135.000000	101.260290
2134.000000	101.262777
2133.000000	101.264375
2132.000000	101.265862
2131.000000	101.267475
2130.000000	101.268839
2129.000000	101.270019
2128.000000	101.271749
2127.000000	101.274270
2126.000000	101.276605
2125.000000	101.277693
2124.000000	101.277710
2123.000000	101.277754
2122.000000	101.278556
2121.000000	101.279873
2120.000000	101.281166
2119.000000	101.282255
2118.000000	101.283293
2117.000000	101.284446
2116.000000	101.285741
2115.000000	101.287089
2114.000000	101.288361
2113.000000	101.289503
2112.000000	101.290596
2111.000000	101.291766
2110.000000	101.293043
2109.000000	101.294346
2108.000000	101.295590
2107.000000	101.296741
2106.000000	101.297814
2105.000000	101.298839
2104.000000	101.299853
2103.000000	101.300875
2102.000000	101.301893
2101.000000	101.302902
2100.000000	101.303896
2099.000000	101.304863
2098.000000	101.305802
2097.000000	101.306716
2096.000000	101.307611
2095.000000	101.308491
2094.000000	101.309350
2093.000000	101.310184
2092.000000	101.310992
2091.000000	101.311779
2090.000000	101.312551
2089.000000	101.313310
2088.000000	101.314052
2087.000000	101.314776
2086.000000	101.315453
2085.000000	101.316061
2084.000000	101.316629
2083.000000	101.317215
2082.000000	101.317830
2081.000000	101.318415
2080.000000	101.318933
2079.000000	101.319472
2078.000000	101.320161
2077.000000	101.320970
2076.000000	101.321668
2075.000000	101.322055
2074.000000	101.322138
2073.000000	101.322035
2072.000000	101.321776
2071.000000	101.321320
2070.000000	101.320756
2069.000000	101.320361
2068.000000	101.320447
2067.000000	101.321106
2066.000000	101.321993
2065.000000	101.322413
2064.000000	101.321918
2063.000000	101.320916
2062.000000	101.320495
2061.000000	101.321294
2060.000000	101.322716
2059.000000	101.323561
2058.000000	101.323473
2057.000000	101.323133
2056.000000	101.323072
2055.000000	101.322988
2054.000000	101.322507
2053.000000	101.321896
2052.000000	101.321615
2051.000000	101.321661
2050.000000	101.321808
2049.000000	101.321943
2048.000000	101.321689
2047.000000	101.320283
2046.000000	101.317602
2045.000000	101.314880
2044.000000	101.313459
2043.000000	101.313085
2042.000000	101.312351
2041.000000	101.310770
2040.000000	101.309443
2039.000000	101.309399
2038.000000	101.310268
2037.000000	101.310957
2036.000000	101.310879
2035.000000	101.310037
2034.000000	101.308566
2033.000000	101.306726
2032.000000	101.304835
2031.000000	101.302744
2030.000000	101.299972
2029.000000	101.296799
2028.000000	101.294466
2027.000000	101.293641
2026.000000	101.293386
2025.000000	101.292387
2024.000000	101.290647
2023.000000	101.289103
2022.000000	101.288087
2021.000000	101.287235
2020.000000	101.286542
2019.000000	101.286279
2018.000000	101.285929
2017.000000	101.284466
2016.000000	101.281859
2015.000000	101.279301
2014.000000	101.277605
2013.000000	101.276108
2012.000000	101.273462
2011.000000	101.269054
2010.000000	101.263550
2009.000000	101.258496
2008.000000	101.255379
2007.000000	101.254701
2006.000000	101.255710
2005.000000	101.257010
2004.000000	101.257565
2003.000000	101.257118
2002.000000	101.255901
2001.000000	101.254450
2000.000000	101.253426
1999.000000	101.253162
1998.000000	101.253375
1997.000000	101.253543
1996.000000	101.253433
1995.000000	101.253001
1994.000000	101.252049
1993.000000	101.250479
1992.000000	101.248779
1991.000000	101.247687
1990.000000	101.247380
1989.000000	101.247567
1988.000000	101.248290
1987.000000	101.249901
1986.000000	101.252080
1985.000000	101.253565
1984.000000	101.253411
1983.000000	101.252127
1982.000000	101.251105
1981.000000	101.250930
1980.000000	101.250672
1979.000000	101.249068
1978.000000	101.245958
1977.000000	101.242552
1976.000000	101.240458
1975.000000	101.240382
1974.000000	101.241762
1973.000000	101.243219
1972.000000	101.243661
1971.000000	101.243055
1970.000000	101.242188
1969.000000	101.241848
1968.000000	101.242197
1967.000000	101.242779
1966.000000	101.243082
1965.000000	101.243047
1964.000000	101.242983
1963.000000	101.243144
1962.000000	101.243490
1961.000000	101.243820
1960.000000	101.244031
1959.000000	101.244181
1958.000000	101.244289
1957.000000	101.244219
1956.000000	101.243848
1955.000000	101.243309
1954.000000	101.242976
1953.000000	101.243109
1952.000000	101.243567
1951.000000	101.243903
1950.000000	101.243716
1949.000000	101.242835
1948.000000	101.241242
1947.000000	101.239063
1946.000000	101.236785
1945.000000	101.235184
1944.000000	101.234721
1943.000000	101.235026
1942.000000	101.235347
1941.000000	101.235673
1940.000000	101.236688
1939.000000	101.238466
1938.000000	101.240040
1937.000000	101.240514
1936.000000	101.239982
1935.000000	101.238945
1934.000000	101.237305
1933.000000	101.234512
1932.000000	101.230570
1931.000000	101.226222
1930.000000	101.222388
1929.000000	101.220072
1928.000000	101.219973
1927.000000	101.221445
1926.000000	101.222092
1925.000000	101.219636
1924.000000	101.214430
1923.000000	101.209503
1922.000000	101.207500
1921.000000	101.208295
1920.000000	101.210087
1919.000000	101.211696
1918.000000	101.213032
1917.000000	101.214100
1916.000000	101.214623
1915.000000	101.214329
1914.000000	101.212945
1913.000000	101.209985
1912.000000	101.204876
1911.000000	101.197512
1910.000000	101.189035
1909.000000	101.181871
1908.000000	101.177847
1907.000000	101.176392
1906.000000	101.175194
1905.000000	101.172913
1904.000000	101.170452
1903.000000	101.168804
1902.000000	101.166829
1901.000000	101.162494
1900.000000	101.155598
1899.000000	101.147991
1898.000000	101.141387
1897.000000	101.136547
1896.000000	101.134332
1895.000000	101.135268
1894.000000	101.137428
1893.000000	101.136839
1892.000000	101.131173
1891.000000	101.122112
1890.000000	101.113812
1889.000000	101.109007
1888.000000	101.107356
1887.000000	101.107454
1886.000000	101.108397
1885.000000	101.109247
1884.000000	101.108794
1883.000000	101.106550
1882.000000	101.103430
1881.000000	101.100902
1880.000000	101.099416
1879.000000	101.097979
1878.000000	101.095331
1877.000000	101.091464
1876.000000	101.087946
1875.000000	101.086470
1874.000000	101.087208
1873.000000	101.089022
1872.000000	101.091020
1871.000000	101.093162
1870.000000	101.095337
1869.000000	101.096498
1868.000000	101.095852
1867.000000	101.094979
1866.000000	101.096649
1865.000000	101.102077
1864.000000	101.110321
1863.000000	101.119190
1862.000000	101.126013
1861.000000	101.128660
1860.000000	101.127336
1859.000000	101.125331
1858.000000	101.126732
1857.000000	101.132884
1856.000000	101.141342
1855.000000	101.148570
1854.000000	101.153160
1853.000000	101.156468
1852.000000	101.160382
1851.000000	101.165379
1850.000000	101.170740
1849.000000	101.175953
1848.000000	101.181578
1847.000000	101.188464
1846.000000	101.196163
1845.000000	101.202298
1844.000000	101.204081
1843.000000	101.201667
1842.000000	101.198889
1841.000000	101.199005
1840.000000	101.201918
1839.000000	101.205704
1838.000000	101.208980
1837.000000	101.211740
1836.000000	101.214150
1835.000000	101.215452
1834.000000	101.215056
1833.000000	101.213927
1832.000000	101.213740
1831.000000	101.215030
1830.000000	101.216090
1829.000000	101.214653
1828.000000	101.211440
1827.000000	101.209245
1826.000000	101.209453
1825.000000	101.210802
1824.000000	101.211078
1823.000000	101.210167
1822.000000	101.210167
1821.000000	101.212831
1820.000000	101.217815
1819.000000	101.222910
1818.000000	101.225771
1817.000000	101.225855
1816.000000	101.224757
1815.000000	101.224447
1814.000000	101.225479
1813.000000	101.226940
1812.000000	101.227876
1811.000000	101.228361
1810.000000	101.229036
1809.000000	101.230173
1808.000000	101.231288
1807.000000	101.231404
1806.000000	101.229961
1805.000000	101.227767
1804.000000	101.226761
1803.000000	101.228167
1802.000000	101.231377
1801.000000	101.234579
1800.000000	101.236846
1799.000000	101.238837
1798.000000	101.241126
1797.000000	101.243283
1796.000000	101.244744
1795.000000	101.245531
1794.000000	101.246177
1793.000000	101.247404
1792.000000	101.249482
1791.000000	101.251556
1790.000000	101.252533
1789.000000	101.252297
1788.000000	101.251705
1787.000000	101.251827
1786.000000	101.252995
1785.000000	101.254554
1784.000000	101.256155
1783.000000	101.258628
1782.000000	101.263057
1781.000000	101.268911
1780.000000	101.273814
1779.000000	101.276166
1778.000000	101.277073
1777.000000	101.279045
1776.000000	101.283175
1775.000000	101.287947
1774.000000	101.290809
1773.000000	101.291241
1772.000000	101.291621
1771.000000	101.294055
1770.000000	101.297881
1769.000000	101.301034
1768.000000	101.302407
1767.000000	101.302938
1766.000000	101.304811
1765.000000	101.309054
1764.000000	101.314451
1763.000000	101.318391
1762.000000	101.319008
1761.000000	101.316840
1760.000000	101.314240
1759.000000	101.312415
1758.000000	101.310740
1757.000000	101.308940
1756.000000	101.308102
1755.000000	101.309511
1754.000000	101.313038
1753.000000	101.317384
1752.000000	101.321345
1751.000000	101.324475
1750.000000	101.326511
1749.000000	101.327049
1748.000000	101.325787
1747.000000	101.322918
1746.000000	101.319462
1745.000000	101.316564
1744.000000	101.314792
1743.000000	101.314071
1742.000000	101.314177
1741.000000	101.315226
1740.000000	101.317064
1739.000000	101.317803
1738.000000	101.315354
1737.000000	101.309880
1736.000000	101.302939
1735.000000	101.297116
1734.000000	101.294564
1733.000000	101.293538
1732.000000	101.293384
1731.000000	101.296039
1730.000000	101.301131
1729.000000	101.305297
1728.000000	101.305883
1727.000000	101.303319
1726.000000	101.299176
1725.000000	101.293593
1724.000000	101.285738
1723.000000	101.275702
1722.000000	101.265057
1721.000000	101.255973
1720.000000	101.250434
1719.000000	101.250089
1718.000000	101.253819
1717.000000	101.255197
1716.000000	101.250934
1715.000000	101.245264
1714.000000	101.241420
1713.000000	101.238268
1712.000000	101.234335
1711.000000	101.230223
1710.000000	101.227143
1709.000000	101.224968
1708.000000	101.222556
1707.000000	101.219506
1706.000000	101.216342
1705.000000	101.213165
1704.000000	101.209791
1703.000000	101.205754
1702.000000	101.198318
1701.000000	101.184986
1700.000000	101.170260
1699.000000	101.161159
1698.000000	101.157065
1697.000000	101.153098
1696.000000	101.146510
1695.000000	101.138001
1694.000000	101.129358
1693.000000	101.120623
1692.000000	101.111167
1691.000000	101.101467
1690.000000	101.092544
1689.000000	101.084444
1688.000000	101.076541
1687.000000	101.069183
1686.000000	101.062882
1685.000000	101.057760
1684.000000	101.051535
1683.000000	101.039942
1682.000000	101.025129
1681.000000	101.011987
1680.000000	101.002599
1679.000000	100.996673
1678.000000	100.992205
1677.000000	100.986661
1676.000000	100.979103
1675.000000	100.970876
1674.000000	100.963116
1673.000000	100.955025
1672.000000	100.945433
1671.000000	100.934694
1670.000000	100.925311
1669.000000	100.918879
1668.000000	100.913942
1667.000000	100.909292
1666.000000	100.905245
1665.000000	100.901670
1664.000000	100.897642
1663.000000	100.891873
1662.000000	100.883326
1661.000000	100.873171
1660.000000	100.864551
1659.000000	100.859050
1658.000000	100.855130
1657.000000	100.849257
1656.000000	100.838421
1655.000000	100.820604
1654.000000	100.801708
1653.000000	100.794588
1652.000000	100.794704
1651.000000	100.792282
1650.000000	100.787214
1649.000000	100.779241
1648.000000	100.769106
1647.000000	100.762687
1646.000000	100.763138
1645.000000	100.765682
1644.000000	100.766636
1643.000000	100.767011
1642.000000	100.767895
1641.000000	100.768447
1640.000000	100.767776
1639.000000	100.767778
1638.000000	100.771698
1637.000000	100.780873
1636.000000	100.791890
1635.000000	100.796788
1634.000000	100.793711
1633.000000	100.787867
1632.000000	100.782301
1631.000000	100.776713
1630.000000	100.770873
1629.000000	100.766748
1628.000000	100.767749
1627.000000	100.774963
1626.000000	100.785368
1625.000000	100.794044
1624.000000	100.798492
1623.000000	100.800960
1622.000000	100.805201
1621.000000	100.812044
1620.000000	100.819516
1619.000000	100.825656
1618.000000	100.830567
1617.000000	100.836871
1616.000000	100.844825
1615.000000	100.851084
1614.000000	100.854242
1613.000000	100.855447
1612.000000	100.856356
1611.000000	100.858666
1610.000000	100.863706
1609.000000	100.871692
1608.000000	100.881845
1607.000000	100.892785
1606.000000	100.903024
1605.000000	100.911748
1604.000000	100.919375
1603.000000	100.927163
1602.000000	100.935552
1601.000000	100.943369
1600.000000	100.949258
1599.000000	100.953320
1598.000000	100.956968
1597.000000	100.961744
1596.000000	100.969006
1595.000000	100.979784
1594.000000	100.993412
1593.000000	101.006765
1592.000000	101.016440
1591.000000	101.021782
1590.000000	101.025212
1589.000000	101.029639
1588.000000	101.035954
1587.000000	101.043326
1586.000000	101.050804
1585.000000	101.058171
1584.000000	101.065513
1583.000000	101.072603
1582.000000	101.078794
1581.000000	101.083652
1580.000000	101.087754
1579.000000	101.092761
1578.000000	101.100423
1577.000000	101.111026
1576.000000	101.121588
1575.000000	101.128436
1574.000000	101.132915
1573.000000	101.138106
1572.000000	101.144081
1571.000000	101.149462
1570.000000	101.154794
1569.000000	101.161723
1568.000000	101.169217
1567.000000	101.174668
1566.000000	101.176875
1565.000000	101.177185
1564.000000	101.178598
1563.000000	101.183643
1562.000000	101.191942
1561.000000	101.200194
1560.000000	101.203858
1559.000000	101.205046
1558.000000	101.206235
1557.000000	101.207979
1556.000000	101.210346
1555.000000	101.212131
1554.000000	101.212763
1553.000000	101.212920
1552.000000	101.213506
1551.000000	101.215121
1550.000000	101.218140
1549.000000	101.222317
1548.000000	101.226754
1547.000000	101.230757
1546.000000	101.234521
1545.000000	101.238895
1544.000000	101.243641
1543.000000	101.246704
1542.000000	101.246109
1541.000000	101.242792
1540.000000	101.240948
1539.000000	101.241642
1538.000000	101.242938
1537.000000	101.244726
1536.000000	101.247588
1535.000000	101.250927
1534.000000	101.253088
1533.000000	101.252357
1532.000000	101.249188
1531.000000	101.246022
1530.000000	101.244478
1529.000000	101.244669
1528.000000	101.246043
1527.000000	101.248004
1526.000000	101.250367
1525.000000	101.253237
1524.000000	101.256544
1523.000000	101.259859
1522.000000	101.262621
1521.000000	101.264044
1520.000000	101.263816
1519.000000	101.262682
1518.000000	101.261482
1517.000000	101.260947
1516.000000	101.261652
1515.000000	101.263598
1514.000000	101.266272
1513.000000	101.268631
1512.000000	101.269526
1511.000000	101.268817
1510.000000	101.267723
1509.000000	101.267761
1508.000000	101.269601
1507.000000	101.272617
1506.000000	101.274504
1505.000000	101.275478
1504.000000	101.277454
1503.000000	101.280417
1502.000000	101.283193
1501.000000	101.284909
1500.000000	101.285611
1499.000000	101.285923
1498.000000	101.286232
1497.000000	101.286177
1496.000000	101.285134
1495.000000	101.283037
1494.000000	101.280481
1493.000000	101.278193
1492.000000	101.276813
1491.000000	101.277023
1490.000000	101.279148
1489.000000	101.282467
1488.000000	101.286118
1487.000000	101.289618
1486.000000	101.292243
1485.000000	101.293468
1484.000000	101.293519
1483.000000	101.293348
1482.000000	101.294198
1481.000000	101.296649
1480.000000	101.299780
1479.000000	101.301645
1478.000000	101.300837
1477.000000	101.297807
1476.000000	101.295016
1475.000000	101.294430
1474.000000	101.295255
1473.000000	101.295190
1472.000000	101.293548
1471.000000	101.291860
1470.000000	101.291010
1469.000000	101.290151
1468.000000	101.288499
1467.000000	101.286600
1466.000000	101.285976
1465.000000	101.287182
1464.000000	101.288219
1463.000000	101.286916
1462.000000	101.283610
1461.000000	101.280132
1460.000000	101.277857
1459.000000	101.276939
1458.000000	101.276653
1457.000000	101.276121
1456.000000	101.274934
1455.000000	101.273570
1454.000000	101.272349
1453.000000	101.271023
1452.000000	101.269497
1451.000000	101.267979
1450.000000	101.266664
1449.000000	101.265554
1448.000000	101.264658
1447.000000	101.263720
1446.000000	101.262165
1445.000000	101.259673
1444.000000	101.256464
1443.000000	101.252952
1442.000000	101.249174
1441.000000	101.245004
1440.000000	101.240848
1439.000000	101.237760
1438.000000	101.236628
1437.000000	101.237207
1436.000000	101.237733
1435.000000	101.237093
1434.000000	101.236203
1433.000000	101.235870
1432.000000	101.235673
1431.000000	101.234990
1430.000000	101.234204
1429.000000	101.234140
1428.000000	101.234410
1427.000000	101.233333
1426.000000	101.229735
1425.000000	101.224689
1424.000000	101.221295
1423.000000	101.221714
1422.000000	101.224873
1421.000000	101.227562
1420.000000	101.226902
1419.000000	101.223138
1418.000000	101.220198
1417.000000	101.221522
1416.000000	101.226921
1415.000000	101.233371
1414.000000	101.237483
1413.000000	101.238116
1412.000000	101.236942
1411.000000	101.236505
1410.000000	101.237815
1409.000000	101.240043
1408.000000	101.242199
1407.000000	101.244033
1406.000000	101.245673
1405.000000	101.247251
1404.000000	101.248880
1403.000000	101.250879
1402.000000	101.253595
1401.000000	101.256876
1400.000000	101.259666
1399.000000	101.260267
1398.000000	101.258530
1397.000000	101.257667
1396.000000	101.262147
1395.000000	101.272958
1394.000000	101.285122
1393.000000	101.292880
1392.000000	101.295996
1391.000000	101.297742
1390.000000	101.300420
1389.000000	101.304314
1388.000000	101.309107
1387.000000	101.314311
1386.000000	101.318728
1385.000000	101.321571
1384.000000	101.323295
1383.000000	101.324253
1382.000000	101.323374
1381.000000	101.319513
1380.000000	101.314085
1379.000000	101.310331
1378.000000	101.309290
1377.000000	101.308630
1376.000000	101.306605
1375.000000	101.305633
1374.000000	101.309659
1373.000000	101.317959
1372.000000	101.325546
1371.000000	101.329184
1370.000000	101.329671
1369.000000	101.329200
1368.000000	101.328088
1367.000000	101.325129
1366.000000	101.320617
1365.000000	101.317329
1364.000000	101.318195
1363.000000	101.322737
1362.000000	101.326566
1361.000000	101.326580
1360.000000	101.324243
1359.000000	101.321971
1358.000000	101.319532
1357.000000	101.315378
1356.000000	101.310090
1355.000000	101.306777
1354.000000	101.307680
1353.000000	101.311688
1352.000000	101.315975
1351.000000	101.318970
1350.000000	101.321101
1349.000000	101.323480
1348.000000	101.326336
1347.000000	101.328561
1346.000000	101.328621
1345.000000	101.326128
1344.000000	101.322467
1343.000000	101.319730
1342.000000	101.319321
1341.000000	101.321603
1340.000000	101.325799
1339.000000	101.329541
1338.000000	101.330096
1337.000000	101.327021
1336.000000	101.322525
1335.000000	101.318917
1334.000000	101.316508
1333.000000	101.314895
1332.000000	101.315307
1331.000000	101.319486
1330.000000	101.326171
1329.000000	101.330951
1328.000000	101.330761
1327.000000	101.327034
1326.000000	101.323549
1325.000000	101.321985
1324.000000	101.320795
1323.000000	101.317925
1322.000000	101.313544
1321.000000	101.310342
1320.000000	101.311506
1319.000000	101.317800
1318.000000	101.326025
1317.000000	101.331358
1316.000000	101.331791
1315.000000	101.329068
1314.000000	101.325794
1313.000000	101.322741
1312.000000	101.319383
1311.000000	101.316192
1310.000000	101.314929
1309.000000	101.316621
1308.000000	101.319970
1307.000000	101.321885
1306.000000	101.320057
1305.000000	101.315260
1304.000000	101.310913
1303.000000	101.309775
1302.000000	101.310924
1301.000000	101.311036
1300.000000	101.308628
1299.000000	101.305661
1298.000000	101.304306
1297.000000	101.303295
1296.000000	101.299194
1295.000000	101.291127
1294.000000	101.282804
1293.000000	101.278986
1292.000000	101.280305
1291.000000	101.282382
1290.000000	101.280404
1289.000000	101.274210
1288.000000	101.267879
1287.000000	101.263762
1286.000000	101.258291
1285.000000	101.245958
1284.000000	101.227003
1283.000000	101.208850
1282.000000	101.198604
1281.000000	101.195949
1280.000000	101.195462
1279.000000	101.194491
1278.000000	101.195730
1277.000000	101.201182
1276.000000	101.205880
1275.000000	101.200505
1274.000000	101.181324
1273.000000	101.156392
1272.000000	101.139289
1271.000000	101.135390
1270.000000	101.137161
1269.000000	101.135516
1268.000000	101.132351
1267.000000	101.136038
1266.000000	101.145965
1265.000000	101.149274
1264.000000	101.136046
1263.000000	101.112134
1262.000000	101.092490
1261.000000	101.084640
1260.000000	101.083305
1259.000000	101.079645
1258.000000	101.070940
1257.000000	101.060462
1256.000000	101.050961
1255.000000	101.039991
1254.000000	101.021650
1253.000000	100.993469
1252.000000	100.961379
1251.000000	100.935709
1250.000000	100.921100
1249.000000	100.912205
1248.000000	100.900613
1247.000000	100.883864
1246.000000	100.865770
1245.000000	100.849274
1244.000000	100.831517
1243.000000	100.806533
1242.000000	100.772379
1241.000000	100.735210
1240.000000	100.704989
1239.000000	100.685730
1238.000000	100.671038
1237.000000	100.651703
1236.000000	100.626456
1235.000000	100.601561
1234.000000	100.580217
1233.000000	100.557047
1232.000000	100.524977
1231.000000	100.484370
1230.000000	100.442864
1229.000000	100.407058
1228.000000	100.375350
1227.000000	100.338269
1226.000000	100.286794
1225.000000	100.221846
1224.000000	100.153388
1223.000000	100.087403
1222.000000	100.017048
1221.000000	99.932305
1220.000000	99.835531
1219.000000	99.739843
1218.000000	99.652157
1217.000000	99.565539
1216.000000	99.470099
1215.000000	99.363715
1214.000000	99.249428
1213.000000	99.129545
1212.000000	99.006452
1211.000000	98.883915
1210.000000	98.764214
1209.000000	98.648678
1208.000000	98.541953
1207.000000	98.448080
1206.000000	98.360366
1205.000000	98.264371
1204.000000	98.155056
1203.000000	98.042613
1202.000000	97.937022
1201.000000	97.835163
1200.000000	97.729156
1199.000000	97.619998
1198.000000	97.515428
1197.000000	97.418669
1196.000000	97.325475
1195.000000	97.229335
1194.000000	97.126131
1193.000000	97.017158
1192.000000	96.909346
1191.000000	96.807732
1190.000000	96.706657
1189.000000	96.595236
1188.000000	96.473364
1187.000000	96.354497
1186.000000	96.249066
1185.000000	96.152758
1184.000000	96.055380
1183.000000	95.953110
1182.000000	95.846384
1181.000000	95.732734
1180.000000	95.608587
1179.000000	95.474210
1178.000000	95.332493
1177.000000	95.186974
1176.000000	95.043623
1175.000000	94.908004
1174.000000	94.776543
1173.000000	94.636752
1172.000000	94.480232
1171.000000	94.310056
1170.000000	94.133373
1169.000000	93.954771
1168.000000	93.780713
1167.000000	93.622418
1166.000000	93.489145
1165.000000	93.385101
1164.000000	93.316159
1163.000000	93.291333
1162.000000	93.312987
1161.000000	93.371620
1160.000000	93.451456
1159.000000	93.533024
1158.000000	93.590921
1157.000000	93.602218
1156.000000	93.562940
1155.000000	93.489902
1154.000000	93.402789
1153.000000	93.308577
1152.000000	93.203625
1151.000000	93.082670
1150.000000	92.944269
1149.000000	92.795782
1148.000000	92.653683
1147.000000	92.529382
1146.000000	92.414541
1145.000000	92.292107
1144.000000	92.161444
1143.000000	92.037565
1142.000000	91.923486
1141.000000	91.800851
1140.000000	91.655333
1139.000000	91.496338
1138.000000	91.342682
1137.000000	91.200461
1136.000000	91.063772
1135.000000	90.926712
1134.000000	90.786372
1133.000000	90.642650
1132.000000	90.500784
1131.000000	90.365188
1130.000000	90.227620
1129.000000	90.073440
1128.000000	89.903267
1127.000000	89.735149
1126.000000	89.580641
1125.000000	89.433123
1124.000000	89.285460
1123.000000	89.143061
1122.000000	89.010491
1121.000000	88.879346
1120.000000	88.739679
1119.000000	88.592433
1118.000000	88.442599
1117.000000	88.291411
1116.000000	88.142045
1115.000000	88.000607
1114.000000	87.864687
1113.000000	87.723892
1112.000000	87.578160
1111.000000	87.441020
1110.000000	87.317933
1109.000000	87.196198
1108.000000	87.063611
1107.000000	86.923014
1106.000000	86.780921
1105.000000	86.636365
1104.000000	86.488690
1103.000000	86.342774
1102.000000	86.200263
1101.000000	86.058949
1100.000000	85.924498
1099.000000	85.805988
1098.000000	85.696121
1097.000000	85.575307
1096.000000	85.440901
1095.000000	85.311966
1094.000000	85.198134
1093.000000	85.085320
1092.000000	84.961515
1091.000000	84.836102
1090.000000	84.721615
1089.000000	84.614480
1088.000000	84.505788
1087.000000	84.395614
1086.000000	84.286574
1085.000000	84.178177
1084.000000	84.076016
1083.000000	83.991321
1082.000000	83.923549
1081.000000	83.858321
1080.000000	83.788870
1079.000000	83.723667
1078.000000	83.667297
1077.000000	83.610522
1076.000000	83.545154
1075.000000	83.472286
1074.000000	83.390838
1073.000000	83.293648
1072.000000	83.177953
1071.000000	83.043612
1070.000000	82.880936
1069.000000	82.680009
1068.000000	82.452573
1067.000000	82.222393
1066.000000	81.990452
1065.000000	81.733646
1064.000000	81.443798
1063.000000	81.144763
1062.000000	80.864560
1061.000000	80.612824
1060.000000	80.391563
1059.000000	80.202167
1058.000000	80.032676
1057.000000	79.861749
1056.000000	79.683091
1055.000000	79.503841
1054.000000	79.314642
1053.000000	79.089319
1052.000000	78.824500
1051.000000	78.551681
1050.000000	78.295212
1049.000000	78.045520
1048.000000	77.787636
1047.000000	77.524904
1046.000000	77.260151
1045.000000	76.981890
1044.000000	76.682262
1043.000000	76.366673
1042.000000	76.038992
1041.000000	75.700323
1040.000000	75.367157
1039.000000	75.064292
1038.000000	74.793382
1037.000000	74.534980
1036.000000	74.285961
1035.000000	74.064053
1034.000000	73.869783
1033.000000	73.678571
1032.000000	73.480790
1031.000000	73.296883
1030.000000	73.141396
1029.000000	73.004392
1028.000000	72.879889
1027.000000	72.780571
1026.000000	72.710587
1025.000000	72.652960
1024.000000	72.595438
1023.000000	72.540373
1022.000000	72.480327
1021.000000	72.396064
1020.000000	72.290057
1019.000000	72.190891
1018.000000	72.112818
1017.000000	72.041089
1016.000000	71.966705
1015.000000	71.901813
1014.000000	71.847005
1013.000000	71.776752
1012.000000	71.675169
1011.000000	71.558678
1010.000000	71.447852
1009.000000	71.343636
1008.000000	71.245468
1007.000000	71.165441
1006.000000	71.108631
1005.000000	71.063151
1004.000000	71.022223
1003.000000	70.992635
1002.000000	70.971657
1001.000000	70.942536
1000.000000	70.905251
999.000000	70.886275
998.000000	70.904753
997.000000	70.951582
996.000000	71.011644
995.000000	71.083699
994.000000	71.168213
993.000000	71.256884
992.000000	71.343321
991.000000	71.425811
990.000000	71.496831
989.000000	71.552003
988.000000	71.610447
987.000000	71.700331
986.000000	71.822332
985.000000	71.953997
984.000000	72.091387
983.000000	72.255243
982.000000	72.451444
981.000000	72.658702
980.000000	72.864736
979.000000	73.084510
978.000000	73.331188
977.000000	73.596967
976.000000	73.874371
975.000000	74.171944
974.000000	74.497572
973.000000	74.846814
972.000000	75.214709
971.000000	75.598639
970.000000	75.985469
969.000000	76.358522
968.000000	76.721288
967.000000	77.091729
966.000000	77.470915
965.000000	77.841842
964.000000	78.201929
963.000000	78.569571
962.000000	78.952056
961.000000	79.332175
960.000000	79.694099
959.000000	80.038622
958.000000	80.365755
957.000000	80.666834
956.000000	80.944171
955.000000	81.217272
954.000000	81.498091
953.000000	81.776291
952.000000	82.036384
951.000000	82.272863
950.000000	82.483938
949.000000	82.669016
948.000000	82.837414
947.000000	83.001387
946.000000	83.156580
945.000000	83.288689
944.000000	83.402909
943.000000	83.524156
942.000000	83.661609
941.000000	83.796531
940.000000	83.913937
939.000000	84.021872
938.000000	84.127247
937.000000	84.215733
936.000000	84.273784
935.000000	84.315246
934.000000	84.369244
933.000000	84.451001
932.000000	84.556056
931.000000	84.672568
930.000000	84.789816
929.000000	84.903812
928.000000	85.020196
927.000000	85.142444
926.000000	85.256319
925.000000	85.340504
924.000000	85.394831
923.000000	85.441769
922.000000	85.496722
921.000000	85.553972
920.000000	85.606417
919.000000	85.661047
918.000000	85.726878
917.000000	85.801602
916.000000	85.876656
915.000000	85.944598
914.000000	86.000686
913.000000	86.051872
912.000000	86.123531
911.000000	86.239662
910.000000	86.397951
909.000000	86.583909
908.000000	86.804946
907.000000	87.081285
906.000000	87.401154
905.000000	87.716555
904.000000	87.995490
903.000000	88.253134
902.000000	88.520001
901.000000	88.804818
900.000000	89.101215
899.000000	89.407806
898.000000	89.726555
897.000000	90.057461
896.000000	90.404437
895.000000	90.768385
894.000000	91.125428
893.000000	91.434563
892.000000	91.681380
891.000000	91.896170
890.000000	92.115042
889.000000	92.339483
888.000000	92.550643
887.000000	92.747791
886.000000	92.950718
885.000000	93.170083
884.000000	93.393404
883.000000	93.600525
882.000000	93.783786
881.000000	93.954487
880.000000	94.133391
879.000000	94.329745
878.000000	94.528925
877.000000	94.712477
876.000000	94.891245
875.000000	95.099611
874.000000	95.348108
873.000000	95.599556
872.000000	95.807823
871.000000	95.969220
870.000000	96.121154
869.000000	96.296676
868.000000	96.493515
867.000000	96.686103
866.000000	96.859203
865.000000	97.026964
864.000000	97.216749
863.000000	97.432771
862.000000	97.644218
861.000000	97.819359
860.000000	97.960980
859.000000	98.089080
858.000000	98.198188
857.000000	98.265144
856.000000	98.304824
855.000000	98.382278
854.000000	98.543857
853.000000	98.756224
852.000000	98.940641
851.000000	99.056257
850.000000	99.124949
849.000000	99.182243
848.000000	99.233981
847.000000	99.268470
846.000000	99.287323
845.000000	99.307540
844.000000	99.339861
843.000000	99.375288
842.000000	99.393292
841.000000	99.379114
840.000000	99.329840
839.000000	99.245256
838.000000	99.123324
837.000000	98.974527
836.000000	98.832786
835.000000	98.733010
834.000000	98.675115
833.000000	98.627901
832.000000	98.573704
831.000000	98.529096
830.000000	98.512452
829.000000	98.515596
828.000000	98.527804
827.000000	98.566516
826.000000	98.652358
825.000000	98.761788
824.000000	98.836939
823.000000	98.847028
822.000000	98.817952
821.000000	98.796666
820.000000	98.802297
819.000000	98.812960
818.000000	98.787679
817.000000	98.701506
816.000000	98.564212
815.000000	98.399661
814.000000	98.206242
813.000000	97.952457
812.000000	97.617621
811.000000	97.215150
810.000000	96.756990
809.000000	96.213685
808.000000	95.540891
807.000000	94.743345
806.000000	93.887272
805.000000	93.044494
804.000000	92.242754
803.000000	91.473748
802.000000	90.734055
801.000000	90.054265
800.000000	89.492499
799.000000	89.095380
798.000000	88.862475
797.000000	88.758069
796.000000	88.756418
795.000000	88.853488
794.000000	89.031407
793.000000	89.242019
792.000000	89.442547
791.000000	89.626110
790.000000	89.798325
789.000000	89.939790
788.000000	90.010406
787.000000	89.981450
786.000000	89.850150
785.000000	89.632849
784.000000	89.357823
783.000000	89.057013
782.000000	88.752933
781.000000	88.461429
780.000000	88.214473
779.000000	88.064071
778.000000	88.048492
777.000000	88.163785
776.000000	88.376618
775.000000	88.652451
774.000000	88.965282
773.000000	89.297715
772.000000	89.643382
771.000000	89.997512
770.000000	90.338734
769.000000	90.636817
768.000000	90.886260
767.000000	91.112232
766.000000	91.331564
765.000000	91.528701
764.000000	91.687572
763.000000	91.827108
762.000000	91.978932
761.000000	92.140951
760.000000	92.281231
759.000000	92.387982
758.000000	92.493198
757.000000	92.639009
756.000000	92.831300
755.000000	93.030985
754.000000	93.188330
753.000000	93.289012
752.000000	93.367898
751.000000	93.471428
750.000000	93.605979
749.000000	93.734761
748.000000	93.829354
747.000000	93.906841
746.000000	94.003853
745.000000	94.131250
744.000000	94.275088
743.000000	94.432447
742.000000	94.621074
741.000000	94.849761
740.000000	95.095763
739.000000	95.320595
738.000000	95.504998
737.000000	95.665819
736.000000	95.837147
735.000000	96.030525
734.000000	96.215340
733.000000	96.348699
732.000000	96.424636
731.000000	96.478630
730.000000	96.539489
729.000000	96.596115
728.000000	96.624203
727.000000	96.628103
726.000000	96.636539
725.000000	96.666721
724.000000	96.713550
723.000000	96.771786
722.000000	96.851716
721.000000	96.968745
720.000000	97.123236
719.000000	97.292797
718.000000	97.446604
717.000000	97.570126
716.000000	97.675009
715.000000	97.779370
714.000000	97.877125
713.000000	97.939226
712.000000	97.951483
711.000000	97.934978
710.000000	97.918145
709.000000	97.903943
708.000000	97.877313
707.000000	97.828487
706.000000	97.751640
705.000000	97.634931
704.000000	97.473526
703.000000	97.281189
702.000000	97.065192
701.000000	96.798197
700.000000	96.440709
699.000000	95.992133
698.000000	95.504528
697.000000	95.049190
696.000000	94.686996
695.000000	94.465118
694.000000	94.412907
693.000000	94.526810
692.000000	94.765400
691.000000	95.069087
690.000000	95.391319
689.000000	95.714803
688.000000	96.043620
687.000000	96.377520
686.000000	96.690200
685.000000	96.942123
684.000000	97.120374
683.000000	97.251086
682.000000	97.362079
681.000000	97.450179
680.000000	97.504012
679.000000	97.546513
678.000000	97.628818
677.000000	97.781280
676.000000	97.985248
675.000000	98.191613
674.000000	98.353130
673.000000	98.448365
672.000000	98.493012
671.000000	98.528838
670.000000	98.592633
669.000000	98.712597
668.000000	98.882171
667.000000	99.025504
666.000000	99.110623
665.000000	99.179820
664.000000	99.256379
663.000000	99.333697
662.000000	99.391116
661.000000	99.415963
660.000000	99.419571
659.000000	99.429977
658.000000	99.463211
657.000000	99.515053
656.000000	99.582014
655.000000	99.666552
654.000000	99.747027
653.000000	99.774543
652.000000	99.728979
651.000000	99.657129
650.000000	99.632889
