4000.000000	98.386066 
3999.000000	98.385632 
3998.000000	98.385519 
3997.000000	98.385715 
3996.000000	98.386049 
3995.000000	98.386313 
3994.000000	98.386415 
3993.000000	98.386416 
3992.000000	98.386429 
3991.000000	98.386471 
3990.000000	98.386515 
3989.000000	98.386606 
3988.000000	98.386790 
3987.000000	98.386959 
3986.000000	98.386906 
3985.000000	98.386588 
3984.000000	98.386225 
3983.000000	98.386087 
3982.000000	98.386251 
3981.000000	98.386578 
3980.000000	98.386833 
3979.000000	98.386878 
3978.000000	98.386752 
3977.000000	98.386598 
3976.000000	98.386483 
3975.000000	98.386336 
3974.000000	98.386054 
3973.000000	98.385647 
3972.000000	98.385237 
3971.000000	98.384933 
3970.000000	98.384802 
3969.000000	98.384951 
3968.000000	98.385468 
3967.000000	98.386232 
3966.000000	98.386888 
3965.000000	98.387097 
3964.000000	98.386811 
3963.000000	98.386316 
3962.000000	98.385997 
3961.000000	98.386018 
3960.000000	98.386232 
3959.000000	98.386278 
3958.000000	98.385842 
3957.000000	98.385014 
3956.000000	98.384278 
3955.000000	98.384040 
3954.000000	98.384274 
3953.000000	98.384550 
3952.000000	98.384410 
3951.000000	98.383726 
3950.000000	98.382934 
3949.000000	98.382826 
3948.000000	98.383662 
3947.000000	98.384700 
3946.000000	98.384854 
3945.000000	98.383672 
3944.000000	98.381535 
3943.000000	98.379277 
3942.000000	98.377591 
3941.000000	98.376628 
3940.000000	98.376121 
3939.000000	98.375847 
3938.000000	98.375844 
3937.000000	98.376315 
3936.000000	98.377318 
3935.000000	98.378485 
3934.000000	98.379277 
3933.000000	98.379425 
3932.000000	98.379044 
3931.000000	98.378221 
3930.000000	98.376837 
3929.000000	98.374894 
3928.000000	98.372676 
3927.000000	98.370772 
3926.000000	98.369734 
3925.000000	98.369649 
3924.000000	98.370445 
3923.000000	98.371944 
3922.000000	98.373546 
3921.000000	98.374633 
3920.000000	98.375153 
3919.000000	98.375498 
3918.000000	98.375847 
3917.000000	98.375973 
3916.000000	98.375750 
3915.000000	98.375360 
3914.000000	98.375023 
3913.000000	98.374779 
3912.000000	98.374641 
3911.000000	98.374671 
3910.000000	98.374844 
3909.000000	98.375023 
3908.000000	98.375133 
3907.000000	98.375161 
3906.000000	98.375145 
3905.000000	98.375099 
3904.000000	98.375014 
3903.000000	98.374879 
3902.000000	98.374691 
3901.000000	98.374498 
3900.000000	98.374362 
3899.000000	98.374292 
3898.000000	98.374247 
3897.000000	98.374182 
3896.000000	98.374068 
3895.000000	98.373902 
3894.000000	98.373690 
3893.000000	98.373447 
3892.000000	98.373183 
3891.000000	98.372907 
3890.000000	98.372623 
3889.000000	98.372337 
3888.000000	98.372062 
3887.000000	98.371804 
3886.000000	98.371561 
3885.000000	98.371323 
3884.000000	98.371073 
3883.000000	98.370785 
3882.000000	98.370441 
3881.000000	98.370070 
3880.000000	98.369755 
3879.000000	98.369571 
3878.000000	98.369483 
3877.000000	98.369368 
3876.000000	98.369144 
3875.000000	98.368794 
3874.000000	98.368327 
3873.000000	98.367792 
3872.000000	98.367299 
3871.000000	98.366926 
3870.000000	98.366645 
3869.000000	98.366430 
3868.000000	98.366243 
3867.000000	98.365882 
3866.000000	98.365094 
3865.000000	98.363960 
3864.000000	98.363200 
3863.000000	98.363306 
3862.000000	98.363849 
3861.000000	98.364286 
3860.000000	98.364726 
3859.000000	98.365170 
3858.000000	98.365210 
3857.000000	98.364503 
3856.000000	98.363559 
3855.000000	98.362894 
3854.000000	98.362118 
3853.000000	98.361268 
3852.000000	98.361015 
3851.000000	98.361263 
3850.000000	98.361590 
3849.000000	98.362041 
3848.000000	98.363033 
3847.000000	98.364752 
3846.000000	98.366563 
3845.000000	98.367705 
3844.000000	98.368257 
3843.000000	98.368443 
3842.000000	98.368227 
3841.000000	98.367950 
3840.000000	98.368163 
3839.000000	98.368992 
3838.000000	98.370098 
3837.000000	98.370760 
3836.000000	98.370678 
3835.000000	98.370045 
3834.000000	98.369358 
3833.000000	98.369136 
3832.000000	98.369493 
3831.000000	98.370133 
3830.000000	98.370603 
3829.000000	98.370582 
3828.000000	98.370289 
3827.000000	98.370266 
3826.000000	98.370718 
3825.000000	98.371456 
3824.000000	98.372142 
3823.000000	98.372343 
3822.000000	98.371917 
3821.000000	98.371266 
3820.000000	98.370950 
3819.000000	98.370919 
3818.000000	98.370863 
3817.000000	98.370686 
3816.000000	98.370439 
3815.000000	98.370168 
3814.000000	98.369859 
3813.000000	98.369455 
3812.000000	98.368971 
3811.000000	98.368649 
3810.000000	98.368706 
3809.000000	98.369096 
3808.000000	98.369580 
3807.000000	98.369923 
3806.000000	98.370028 
3805.000000	98.369838 
3804.000000	98.369257 
3803.000000	98.368376 
3802.000000	98.367543 
3801.000000	98.367026 
3800.000000	98.366769 
3799.000000	98.366442 
3798.000000	98.365897 
3797.000000	98.365441 
3796.000000	98.365421 
3795.000000	98.365774 
3794.000000	98.366065 
3793.000000	98.365947 
3792.000000	98.365444 
3791.000000	98.364950 
3790.000000	98.364795 
3789.000000	98.364863 
3788.000000	98.364810 
3787.000000	98.364575 
3786.000000	98.364422 
3785.000000	98.364583 
3784.000000	98.364997 
3783.000000	98.365470 
3782.000000	98.365810 
3781.000000	98.365886 
3780.000000	98.365826 
3779.000000	98.365986 
3778.000000	98.366468 
3777.000000	98.367042 
3776.000000	98.367602 
3775.000000	98.368084 
3774.000000	98.368418 
3773.000000	98.368673 
3772.000000	98.369209 
3771.000000	98.370187 
3770.000000	98.371356 
3769.000000	98.372371 
3768.000000	98.372705 
3767.000000	98.372104 
3766.000000	98.371344 
3765.000000	98.371343 
3764.000000	98.372258 
3763.000000	98.373433 
3762.000000	98.373802 
3761.000000	98.372942 
3760.000000	98.372065 
3759.000000	98.373488 
3758.000000	98.377316 
3757.000000	98.380686 
3756.000000	98.382262 
3755.000000	98.383111 
3754.000000	98.384315 
3753.000000	98.385477 
3752.000000	98.386438 
3751.000000	98.389166 
3750.000000	98.393031 
3749.000000	98.393227 
3748.000000	98.387713 
3747.000000	98.380259 
3746.000000	98.376332 
3745.000000	98.376222 
3744.000000	98.376882 
3743.000000	98.377686 
3742.000000	98.378274 
3741.000000	98.376750 
3740.000000	98.373299 
3739.000000	98.372708 
3738.000000	98.378562 
3737.000000	98.386088 
3736.000000	98.388885 
3735.000000	98.386281 
3734.000000	98.381154 
3733.000000	98.374298 
3732.000000	98.366300 
3731.000000	98.360754 
3730.000000	98.359378 
3729.000000	98.359982 
3728.000000	98.359695 
3727.000000	98.357541 
3726.000000	98.354586 
3725.000000	98.351754 
3724.000000	98.348377 
3723.000000	98.343703 
3722.000000	98.338855 
3721.000000	98.335033 
3720.000000	98.330847 
3719.000000	98.326142 
3718.000000	98.322782 
3717.000000	98.321019 
3716.000000	98.320436 
3715.000000	98.320482 
3714.000000	98.320131 
3713.000000	98.317297 
3712.000000	98.310449 
3711.000000	98.300407 
3710.000000	98.288280 
3709.000000	98.275084 
3708.000000	98.262041 
3707.000000	98.249534 
3706.000000	98.237442 
3705.000000	98.225492 
3704.000000	98.213045 
3703.000000	98.199529 
3702.000000	98.185506 
3701.000000	98.172004 
3700.000000	98.158612 
3699.000000	98.144665 
3698.000000	98.131471 
3697.000000	98.121006 
3696.000000	98.114797 
3695.000000	98.112838 
3694.000000	98.111852 
3693.000000	98.107080 
3692.000000	98.096746 
3691.000000	98.083445 
3690.000000	98.071009 
3689.000000	98.061082 
3688.000000	98.052573 
3687.000000	98.044078 
3686.000000	98.036269 
3685.000000	98.030395 
3684.000000	98.026862 
3683.000000	98.025184 
3682.000000	98.023652 
3681.000000	98.019126 
3680.000000	98.009217 
3679.000000	97.994703 
3678.000000	97.979480 
3677.000000	97.966414 
3676.000000	97.954868 
3675.000000	97.945005 
3674.000000	97.936586 
3673.000000	97.927307 
3672.000000	97.915872 
3671.000000	97.902856 
3670.000000	97.889990 
3669.000000	97.878639 
3668.000000	97.868167 
3667.000000	97.857508 
3666.000000	97.847554 
3665.000000	97.839612 
3664.000000	97.832702 
3663.000000	97.824202 
3662.000000	97.812413 
3661.000000	97.798115 
3660.000000	97.784240 
3659.000000	97.773108 
3658.000000	97.764682 
3657.000000	97.757210 
3656.000000	97.749593 
3655.000000	97.742864 
3654.000000	97.737480 
3653.000000	97.732005 
3652.000000	97.724314 
3651.000000	97.712810 
3650.000000	97.697514 
3649.000000	97.679921 
3648.000000	97.661731 
3647.000000	97.645087 
3646.000000	97.632568 
3645.000000	97.624860 
3644.000000	97.620095 
3643.000000	97.615987 
3642.000000	97.610051 
3641.000000	97.600381 
3640.000000	97.587458 
3639.000000	97.573969 
3638.000000	97.563034 
3637.000000	97.555469 
3636.000000	97.549670 
3635.000000	97.543449 
3634.000000	97.536044 
3633.000000	97.528894 
3632.000000	97.523156 
3631.000000	97.517235 
3630.000000	97.506873 
3629.000000	97.491346 
3628.000000	97.476018 
3627.000000	97.464632 
3626.000000	97.456016 
3625.000000	97.448493 
3624.000000	97.441603 
3623.000000	97.434264 
3622.000000	97.425076 
3621.000000	97.413932 
3620.000000	97.404187 
3619.000000	97.401216 
3618.000000	97.405702 
3617.000000	97.412348 
3616.000000	97.418129 
3615.000000	97.424715 
3614.000000	97.434565 
3613.000000	97.447984 
3612.000000	97.462580 
3611.000000	97.474818 
3610.000000	97.482469 
3609.000000	97.485187 
3608.000000	97.483991 
3607.000000	97.480530 
3606.000000	97.475363 
3605.000000	97.468808 
3604.000000	97.462101 
3603.000000	97.456388 
3602.000000	97.452550 
3601.000000	97.450997 
3600.000000	97.452399 
3599.000000	97.457415 
3598.000000	97.464472 
3597.000000	97.469695 
3596.000000	97.471000 
3595.000000	97.469736 
3594.000000	97.469284 
3593.000000	97.472447 
3592.000000	97.478491 
3591.000000	97.484328 
3590.000000	97.486882 
3589.000000	97.484661 
3588.000000	97.478730 
3587.000000	97.472358 
3586.000000	97.467371 
3585.000000	97.463605 
3584.000000	97.461105 
3583.000000	97.460373 
3582.000000	97.461168 
3581.000000	97.462352 
3580.000000	97.463094 
3579.000000	97.463589 
3578.000000	97.464539 
3577.000000	97.466233 
3576.000000	97.468370 
3575.000000	97.470397 
3574.000000	97.471572 
3573.000000	97.471598 
3572.000000	97.470824 
3571.000000	97.469927 
3570.000000	97.469475 
3569.000000	97.469154 
3568.000000	97.467898 
3567.000000	97.465535 
3566.000000	97.463013 
3565.000000	97.461075 
3564.000000	97.459999 
3563.000000	97.459614 
3562.000000	97.459172 
3561.000000	97.458091 
3560.000000	97.456663 
3559.000000	97.455924 
3558.000000	97.456396 
3557.000000	97.457398 
3556.000000	97.457879 
3555.000000	97.457849 
3554.000000	97.458325 
3553.000000	97.459986 
3552.000000	97.462330 
3551.000000	97.464184 
3550.000000	97.464988 
3549.000000	97.465217 
3548.000000	97.465533 
3547.000000	97.466051 
3546.000000	97.466229 
3545.000000	97.465546 
3544.000000	97.464281 
3543.000000	97.463533 
3542.000000	97.464226 
3541.000000	97.466151 
3540.000000	97.467877 
3539.000000	97.467957 
3538.000000	97.466268 
3537.000000	97.464045 
3536.000000	97.462776 
3535.000000	97.462800 
3534.000000	97.463500 
3533.000000	97.464286 
3532.000000	97.464969 
3531.000000	97.465356 
3530.000000	97.465084 
3529.000000	97.464236 
3528.000000	97.463498 
3527.000000	97.463332 
3526.000000	97.463184 
3525.000000	97.462071 
3524.000000	97.459812 
3523.000000	97.457314 
3522.000000	97.455520 
3521.000000	97.454511 
3520.000000	97.453744 
3519.000000	97.452759 
3518.000000	97.451452 
3517.000000	97.449879 
3516.000000	97.448174 
3515.000000	97.446563 
3514.000000	97.445349 
3513.000000	97.444705 
3512.000000	97.444478 
3511.000000	97.444281 
3510.000000	97.443837 
3509.000000	97.443008 
3508.000000	97.441561 
3507.000000	97.439268 
3506.000000	97.436332 
3505.000000	97.433562 
3504.000000	97.431772 
3503.000000	97.430923 
3502.000000	97.429996 
3501.000000	97.427969 
3500.000000	97.424760 
3499.000000	97.421157 
3498.000000	97.418115 
3497.000000	97.416087 
3496.000000	97.414939 
3495.000000	97.414094 
3494.000000	97.412808 
3493.000000	97.410609 
3492.000000	97.407580 
3491.000000	97.404222 
3490.000000	97.401028 
3489.000000	97.398159 
3488.000000	97.395474 
3487.000000	97.392757 
3486.000000	97.389881 
3485.000000	97.386828 
3484.000000	97.383676 
3483.000000	97.380582 
3482.000000	97.377727 
3481.000000	97.375187 
3480.000000	97.372828 
3479.000000	97.370408 
3478.000000	97.367837 
3477.000000	97.365260 
3476.000000	97.362821 
3475.000000	97.360383 
3474.000000	97.357613 
3473.000000	97.354350 
3472.000000	97.350808 
3471.000000	97.347349 
3470.000000	97.344152 
3469.000000	97.341148 
3468.000000	97.338130 
3467.000000	97.334878 
3466.000000	97.331285 
3465.000000	97.327515 
3464.000000	97.324011 
3463.000000	97.321162 
3462.000000	97.318962 
3461.000000	97.316978 
3460.000000	97.314716 
3459.000000	97.312023 
3458.000000	97.309015 
3457.000000	97.305874 
3456.000000	97.302752 
3455.000000	97.299765 
3454.000000	97.297021 
3453.000000	97.294537 
3452.000000	97.292151 
3451.000000	97.289550 
3450.000000	97.286438 
3449.000000	97.282808 
3448.000000	97.279084 
3447.000000	97.275843 
3446.000000	97.273285 
3445.000000	97.271097 
3444.000000	97.268891 
3443.000000	97.266664 
3442.000000	97.264646 
3441.000000	97.262862 
3440.000000	97.261006 
3439.000000	97.258715 
3438.000000	97.255875 
3437.000000	97.252653 
3436.000000	97.249356 
3435.000000	97.246234 
3434.000000	97.243415 
3433.000000	97.240905 
3432.000000	97.238703 
3431.000000	97.236853 
3430.000000	97.235317 
3429.000000	97.233825 
3428.000000	97.231956 
3427.000000	97.229442 
3426.000000	97.226373 
3425.000000	97.223155 
3424.000000	97.220302 
3423.000000	97.218225 
3422.000000	97.217066 
3421.000000	97.216594 
3420.000000	97.216186 
3419.000000	97.215160 
3418.000000	97.213317 
3417.000000	97.211053 
3416.000000	97.208860 
3415.000000	97.206769 
3414.000000	97.204498 
3413.000000	97.202076 
3412.000000	97.199991 
3411.000000	97.198618 
3410.000000	97.197815 
3409.000000	97.197238 
3408.000000	97.196687 
3407.000000	97.195904 
3406.000000	97.194411 
3405.000000	97.192102 
3404.000000	97.189782 
3403.000000	97.188472 
3402.000000	97.188137 
3401.000000	97.187614 
3400.000000	97.186062 
3399.000000	97.184027 
3398.000000	97.182723 
3397.000000	97.182510 
3396.000000	97.182504 
3395.000000	97.181713 
3394.000000	97.180224 
3393.000000	97.179009 
3392.000000	97.178696 
3391.000000	97.178832 
3390.000000	97.178444 
3389.000000	97.177106 
3388.000000	97.175298 
3387.000000	97.173874 
3386.000000	97.173430 
3385.000000	97.174148 
3384.000000	97.175887 
3383.000000	97.178143 
3382.000000	97.180137 
3381.000000	97.181208 
3380.000000	97.181212 
3379.000000	97.180538 
3378.000000	97.179772 
3377.000000	97.179284 
3376.000000	97.178986 
3375.000000	97.178485 
3374.000000	97.177636 
3373.000000	97.176936 
3372.000000	97.177105 
3371.000000	97.178232 
3370.000000	97.179579 
3369.000000	97.180356 
3368.000000	97.180434 
3367.000000	97.180127 
3366.000000	97.179638 
3365.000000	97.179129 
3364.000000	97.179143 
3363.000000	97.180341 
3362.000000	97.182685 
3361.000000	97.185246 
3360.000000	97.187084 
3359.000000	97.188129 
3358.000000	97.189051 
3357.000000	97.190421 
3356.000000	97.192161 
3355.000000	97.193693 
3354.000000	97.194493 
3353.000000	97.194527 
3352.000000	97.194303 
3351.000000	97.194497 
3350.000000	97.195427 
3349.000000	97.196901 
3348.000000	97.198502 
3347.000000	97.199961 
3346.000000	97.201257 
3345.000000	97.202477 
3344.000000	97.203743 
3343.000000	97.205169 
3342.000000	97.206740 
3341.000000	97.208205 
3340.000000	97.209230 
3339.000000	97.209775 
3338.000000	97.210279 
3337.000000	97.211340 
3336.000000	97.213178 
3335.000000	97.215464 
3334.000000	97.217637 
3333.000000	97.219346 
3332.000000	97.220553 
3331.000000	97.221314 
3330.000000	97.221642 
3329.000000	97.221673 
3328.000000	97.221863 
3327.000000	97.222793 
3326.000000	97.224657 
3325.000000	97.226964 
3324.000000	97.228892 
3323.000000	97.230054 
3322.000000	97.230867 
3321.000000	97.232163 
3320.000000	97.234451 
3319.000000	97.237573 
3318.000000	97.240910 
3317.000000	97.243839 
3316.000000	97.246098 
3315.000000	97.247857 
3314.000000	97.249532 
3313.000000	97.251373 
3312.000000	97.253122 
3311.000000	97.254235 
3310.000000	97.254580 
3309.000000	97.254770 
3308.000000	97.255615 
3307.000000	97.257240 
3306.000000	97.258963 
3305.000000	97.260089 
3304.000000	97.260652 
3303.000000	97.261306 
3302.000000	97.262596 
3301.000000	97.264474 
3300.000000	97.266457 
3299.000000	97.268100 
3298.000000	97.269351 
3297.000000	97.270491 
3296.000000	97.271830 
3295.000000	97.273484 
3294.000000	97.275406 
3293.000000	97.277486 
3292.000000	97.279520 
3291.000000	97.281194 
3290.000000	97.282321 
3289.000000	97.283082 
3288.000000	97.283854 
3287.000000	97.284804 
3286.000000	97.285845 
3285.000000	97.286986 
3284.000000	97.288432 
3283.000000	97.290249 
3282.000000	97.292140 
3281.000000	97.293778 
3280.000000	97.295206 
3279.000000	97.296738 
3278.000000	97.298542 
3277.000000	97.300454 
3276.000000	97.302144 
3275.000000	97.303316 
3274.000000	97.303831 
3273.000000	97.303824 
3272.000000	97.303715 
3271.000000	97.303935 
3270.000000	97.304681 
3269.000000	97.305963 
3268.000000	97.307731 
3267.000000	97.309843 
3266.000000	97.312000 
3265.000000	97.313938 
3264.000000	97.315643 
3263.000000	97.317246 
3262.000000	97.318723 
3261.000000	97.319941 
3260.000000	97.320933 
3259.000000	97.321970 
3258.000000	97.323353 
3257.000000	97.325215 
3256.000000	97.327492 
3255.000000	97.329915 
3254.000000	97.332079 
3253.000000	97.333707 
3252.000000	97.334918 
3251.000000	97.336136 
3250.000000	97.337675 
3249.000000	97.339516 
3248.000000	97.341472 
3247.000000	97.343404 
3246.000000	97.345231 
3245.000000	97.346867 
3244.000000	97.348306 
3243.000000	97.349685 
3242.000000	97.351166 
3241.000000	97.352780 
3240.000000	97.354477 
3239.000000	97.356305 
3238.000000	97.358424 
3237.000000	97.360920 
3236.000000	97.363647 
3235.000000	97.366263 
3234.000000	97.368435 
3233.000000	97.370016 
3232.000000	97.371147 
3231.000000	97.372195 
3230.000000	97.373506 
3229.000000	97.375181 
3228.000000	97.377097 
3227.000000	97.379135 
3226.000000	97.381374 
3225.000000	97.384018 
3224.000000	97.387130 
3223.000000	97.390431 
3222.000000	97.393352 
3221.000000	97.395443 
3220.000000	97.396770 
3219.000000	97.397956 
3218.000000	97.399674 
3217.000000	97.402093 
3216.000000	97.404899 
3215.000000	97.407785 
3214.000000	97.410778 
3213.000000	97.414047 
3212.000000	97.417566 
3211.000000	97.421055 
3210.000000	97.424132 
3209.000000	97.426438 
3208.000000	97.427797 
3207.000000	97.428481 
3206.000000	97.429301 
3205.000000	97.431089 
3204.000000	97.434019 
3203.000000	97.437562 
3202.000000	97.441114 
3201.000000	97.444600 
3200.000000	97.448206 
3199.000000	97.451767 
3198.000000	97.454738 
3197.000000	97.456822 
3196.000000	97.458437 
3195.000000	97.460410 
3194.000000	97.463268 
3193.000000	97.466917 
3192.000000	97.470922 
3191.000000	97.474902 
3190.000000	97.478757 
3189.000000	97.482648 
3188.000000	97.486738 
3187.000000	97.490906 
3186.000000	97.494718 
3185.000000	97.497856 
3184.000000	97.500565 
3183.000000	97.503507 
3182.000000	97.507085 
3181.000000	97.511018 
3180.000000	97.514698 
3179.000000	97.517879 
3178.000000	97.520877 
3177.000000	97.524127 
3176.000000	97.527697 
3175.000000	97.531315 
3174.000000	97.534688 
3173.000000	97.537722 
3172.000000	97.540577 
3171.000000	97.543592 
3170.000000	97.547071 
3169.000000	97.550992 
3168.000000	97.554958 
3167.000000	97.558554 
3166.000000	97.561742 
3165.000000	97.564859 
3164.000000	97.568211 
3163.000000	97.571753 
3162.000000	97.575185 
3161.000000	97.578303 
3160.000000	97.581260 
3159.000000	97.584503 
3158.000000	97.588395 
3157.000000	97.592784 
3156.000000	97.596938 
3155.000000	97.600142 
3154.000000	97.602369 
3153.000000	97.604364 
3152.000000	97.606922 
3151.000000	97.610072 
3150.000000	97.613116 
3149.000000	97.615459 
3148.000000	97.617348 
3147.000000	97.619668 
3146.000000	97.623037 
3145.000000	97.627329 
3144.000000	97.632028 
3143.000000	97.636872 
3142.000000	97.641873 
3141.000000	97.646806 
3140.000000	97.651082 
3139.000000	97.654299 
3138.000000	97.656744 
3137.000000	97.659129 
3136.000000	97.661906 
3135.000000	97.665035 
3134.000000	97.668288 
3133.000000	97.671423 
3132.000000	97.674106 
3131.000000	97.676056 
3130.000000	97.677450 
3129.000000	97.679009 
3128.000000	97.681424 
3127.000000	97.684778 
3126.000000	97.688647 
3125.000000	97.692600 
3124.000000	97.696448 
3123.000000	97.700072 
3122.000000	97.703267 
3121.000000	97.705882 
3120.000000	97.708035 
3119.000000	97.710090 
3118.000000	97.712457 
3117.000000	97.715398 
3116.000000	97.718898 
3115.000000	97.722647 
3114.000000	97.726229 
3113.000000	97.729415 
3112.000000	97.732293 
3111.000000	97.735121 
3110.000000	97.738071 
3109.000000	97.741086 
3108.000000	97.743973 
3107.000000	97.746613 
3106.000000	97.749104 
3105.000000	97.751658 
3104.000000	97.754313 
3103.000000	97.756850 
3102.000000	97.759056 
3101.000000	97.761070 
3100.000000	97.763363 
3099.000000	97.766247 
3098.000000	97.769532 
3097.000000	97.772681 
3096.000000	97.775357 
3095.000000	97.777750 
3094.000000	97.780353 
3093.000000	97.783472 
3092.000000	97.787000 
3091.000000	97.790498 
3090.000000	97.793423 
3089.000000	97.795468 
3088.000000	97.796960 
3087.000000	97.798774 
3086.000000	97.801610 
3085.000000	97.805335 
3084.000000	97.809022 
3083.000000	97.811588 
3082.000000	97.812418 
3081.000000	97.811836 
3080.000000	97.811276 
3079.000000	97.812587 
3078.000000	97.816583 
3077.000000	97.822059 
3076.000000	97.826533 
3075.000000	97.828328 
3074.000000	97.827959 
3073.000000	97.827403 
3072.000000	97.828006 
3071.000000	97.829391 
3070.000000	97.830505 
3069.000000	97.831349 
3068.000000	97.832905 
3067.000000	97.835478 
3066.000000	97.838176 
3065.000000	97.840550 
3064.000000	97.843624 
3063.000000	97.848105 
3062.000000	97.852307 
3061.000000	97.853645 
3060.000000	97.852198 
3059.000000	97.851190 
3058.000000	97.853176 
3057.000000	97.856888 
3056.000000	97.858977 
3055.000000	97.858082 
3054.000000	97.856054 
3053.000000	97.855499 
3052.000000	97.857147 
3051.000000	97.859568 
3050.000000	97.860579 
3049.000000	97.858886 
3048.000000	97.855160 
3047.000000	97.851769 
3046.000000	97.850927 
3045.000000	97.852738 
3044.000000	97.855325 
3043.000000	97.856877 
3042.000000	97.856919 
3041.000000	97.855565 
3040.000000	97.852525 
3039.000000	97.847758 
3038.000000	97.842491 
3037.000000	97.838215 
3036.000000	97.834581 
3035.000000	97.829449 
3034.000000	97.821647 
3033.000000	97.812635 
3032.000000	97.804605 
3031.000000	97.797548 
3030.000000	97.789298 
3029.000000	97.778481 
3028.000000	97.766457 
3027.000000	97.755932 
3026.000000	97.748137 
3025.000000	97.741816 
3024.000000	97.734549 
3023.000000	97.724567 
3022.000000	97.711670 
3021.000000	97.697169 
3020.000000	97.683010 
3019.000000	97.670379 
3018.000000	97.658790 
3017.000000	97.646642 
3016.000000	97.632735 
3015.000000	97.617264 
3014.000000	97.601486 
3013.000000	97.586531 
3012.000000	97.572326 
3011.000000	97.557551 
3010.000000	97.540900 
3009.000000	97.522538 
3008.000000	97.503964 
3007.000000	97.486385 
3006.000000	97.469753 
3005.000000	97.453692 
3004.000000	97.438388 
3003.000000	97.423663 
3002.000000	97.407928 
3001.000000	97.389627 
3000.000000	97.369735 
2999.000000	97.351426 
2998.000000	97.336884 
2997.000000	97.325743 
2996.000000	97.316734 
2995.000000	97.308742 
2994.000000	97.298893 
2993.000000	97.281753 
2992.000000	97.253830 
2991.000000	97.219267 
2990.000000	97.188678 
2989.000000	97.170904 
2988.000000	97.166947 
2987.000000	97.171725 
2986.000000	97.179487 
2985.000000	97.186609 
2984.000000	97.191263 
2983.000000	97.193415 
2982.000000	97.195116 
2981.000000	97.198546 
2980.000000	97.203107 
2979.000000	97.205805 
2978.000000	97.204901 
2977.000000	97.201780 
2976.000000	97.198584 
2975.000000	97.195536 
2974.000000	97.191978 
2973.000000	97.189149 
2972.000000	97.190258 
2971.000000	97.197665 
2970.000000	97.210873 
2969.000000	97.227245 
2968.000000	97.244002 
2967.000000	97.259683 
2966.000000	97.274591 
2965.000000	97.290133 
2964.000000	97.307181 
2963.000000	97.324709 
2962.000000	97.340363 
2961.000000	97.352569 
2960.000000	97.361944 
2959.000000	97.370720 
2958.000000	97.381188 
2957.000000	97.394460 
2956.000000	97.409829 
2955.000000	97.424902 
2954.000000	97.437020 
2953.000000	97.445376 
2952.000000	97.451772 
2951.000000	97.458989 
2950.000000	97.468376 
2949.000000	97.479054 
2948.000000	97.489061 
2947.000000	97.496801 
2946.000000	97.501815 
2945.000000	97.504818 
2944.000000	97.507027 
2943.000000	97.509251 
2942.000000	97.511557 
2941.000000	97.513773 
2940.000000	97.516137 
2939.000000	97.519114 
2938.000000	97.522601 
2937.000000	97.525891 
2936.000000	97.528773 
2935.000000	97.532342 
2934.000000	97.538175 
2933.000000	97.546459 
2932.000000	97.554957 
2931.000000	97.560085 
2930.000000	97.559408 
2929.000000	97.553572 
2928.000000	97.546086 
2927.000000	97.540937 
2926.000000	97.539938 
2925.000000	97.541900 
2924.000000	97.544043 
2923.000000	97.544170 
2922.000000	97.541881 
2921.000000	97.538196 
2920.000000	97.534196 
2919.000000	97.529999 
2918.000000	97.524967 
2917.000000	97.518767 
2916.000000	97.511940 
2915.000000	97.505313 
2914.000000	97.499202 
2913.000000	97.493656 
2912.000000	97.489324 
2911.000000	97.487370 
2910.000000	97.488217 
2909.000000	97.490757 
2908.000000	97.493325 
2907.000000	97.494959 
2906.000000	97.495012 
2905.000000	97.491844 
2904.000000	97.483597 
2903.000000	97.471468 
2902.000000	97.461637 
2901.000000	97.461560 
2900.000000	97.473822 
2899.000000	97.493927 
2898.000000	97.513526 
2897.000000	97.526933 
2896.000000	97.533951 
2895.000000	97.537812 
2894.000000	97.541731 
2893.000000	97.547159 
2892.000000	97.553810 
2891.000000	97.560390 
2890.000000	97.565600 
2889.000000	97.569086 
2888.000000	97.571554 
2887.000000	97.574001 
2886.000000	97.577139 
2885.000000	97.581670 
2884.000000	97.588622 
2883.000000	97.598770 
2882.000000	97.611710 
2881.000000	97.625903 
2880.000000	97.639894 
2879.000000	97.653489 
2878.000000	97.667479 
2877.000000	97.682121 
2876.000000	97.696138 
2875.000000	97.707757 
2874.000000	97.716828 
2873.000000	97.725267 
2872.000000	97.734816 
2871.000000	97.744701 
2870.000000	97.752450 
2869.000000	97.757118 
2868.000000	97.761014 
2867.000000	97.767866 
2866.000000	97.779724 
2865.000000	97.795806 
2864.000000	97.813637 
2863.000000	97.830867 
2862.000000	97.846545 
2861.000000	97.861367 
2860.000000	97.876769 
2859.000000	97.893427 
2858.000000	97.910494 
2857.000000	97.926335 
2856.000000	97.939712 
2855.000000	97.950179 
2854.000000	97.958048 
2853.000000	97.964230 
2852.000000	97.969570 
2851.000000	97.974253 
2850.000000	97.978213 
2849.000000	97.981964 
2848.000000	97.986399 
2847.000000	97.991882 
2846.000000	97.998343 
2845.000000	98.006240 
2844.000000	98.016219 
2843.000000	98.027391 
2842.000000	98.037153 
2841.000000	98.043604 
2840.000000	98.047326 
2839.000000	98.050076 
2838.000000	98.052680 
2837.000000	98.055285 
2836.000000	98.058683 
2835.000000	98.063746 
2834.000000	98.069922 
2833.000000	98.075814 
2832.000000	98.081092 
2831.000000	98.086343 
2830.000000	98.091082 
2829.000000	98.093645 
2828.000000	98.093614 
2827.000000	98.092976 
2826.000000	98.094121 
2825.000000	98.097651 
2824.000000	98.102862 
2823.000000	98.109208 
2822.000000	98.116172 
2821.000000	98.122387 
2820.000000	98.126230 
2819.000000	98.127409 
2818.000000	98.127252 
2817.000000	98.127388 
2816.000000	98.128511 
2815.000000	98.130312 
2814.000000	98.132148 
2813.000000	98.133670 
2812.000000	98.135066 
2811.000000	98.136801 
2810.000000	98.139132 
2809.000000	98.141968 
2808.000000	98.145155 
2807.000000	98.148505 
2806.000000	98.151390 
2805.000000	98.152753 
2804.000000	98.152036 
2803.000000	98.150065 
2802.000000	98.148673 
2801.000000	98.149221 
2800.000000	98.151570 
2799.000000	98.154487 
2798.000000	98.156932 
2797.000000	98.158869 
2796.000000	98.160862 
2795.000000	98.163130 
2794.000000	98.165329 
2793.000000	98.167176 
2792.000000	98.168853 
2791.000000	98.170530 
2790.000000	98.171824 
2789.000000	98.172213 
2788.000000	98.171839 
2787.000000	98.171533 
2786.000000	98.172005 
2785.000000	98.173304 
2784.000000	98.175075 
2783.000000	98.176992 
2782.000000	98.178806 
2781.000000	98.180297 
2780.000000	98.181436 
2779.000000	98.182523 
2778.000000	98.183935 
2777.000000	98.185738 
2776.000000	98.187613 
2775.000000	98.189179 
2774.000000	98.190393 
2773.000000	98.191638 
2772.000000	98.193377 
2771.000000	98.195651 
2770.000000	98.197935 
2769.000000	98.199602 
2768.000000	98.200506 
2767.000000	98.200983 
2766.000000	98.201388 
2765.000000	98.201763 
2764.000000	98.202074 
2763.000000	98.202536 
2762.000000	98.203494 
2761.000000	98.205041 
2760.000000	98.206855 
2759.000000	98.208448 
2758.000000	98.209611 
2757.000000	98.210558 
2756.000000	98.211659 
2755.000000	98.213066 
2754.000000	98.214634 
2753.000000	98.216151 
2752.000000	98.217565 
2751.000000	98.218928 
2750.000000	98.220213 
2749.000000	98.221327 
2748.000000	98.222314 
2747.000000	98.223382 
2746.000000	98.224669 
2745.000000	98.226068 
2744.000000	98.227383 
2743.000000	98.228586 
2742.000000	98.229793 
2741.000000	98.231024 
2740.000000	98.232150 
2739.000000	98.233087 
2738.000000	98.233937 
2737.000000	98.234899 
2736.000000	98.236046 
2735.000000	98.237279 
2734.000000	98.238441 
2733.000000	98.239470 
2732.000000	98.240437 
2731.000000	98.241457 
2730.000000	98.242580 
2729.000000	98.243771 
2728.000000	98.244955 
2727.000000	98.246080 
2726.000000	98.247123 
2725.000000	98.248087 
2724.000000	98.249003 
2723.000000	98.249909 
2722.000000	98.250837 
2721.000000	98.251790 
2720.000000	98.252750 
2719.000000	98.253695 
2718.000000	98.254623 
2717.000000	98.255556 
2716.000000	98.256525 
2715.000000	98.257523 
2714.000000	98.258489 
2713.000000	98.259354 
2712.000000	98.260109 
2711.000000	98.260809 
2710.000000	98.261504 
2709.000000	98.262206 
2708.000000	98.262918 
2707.000000	98.263651 
2706.000000	98.264386 
2705.000000	98.265046 
2704.000000	98.265565 
2703.000000	98.266002 
2702.000000	98.266522 
2701.000000	98.267231 
2700.000000	98.268073 
2699.000000	98.268864 
2698.000000	98.269467 
2697.000000	98.269892 
2696.000000	98.270264 
2695.000000	98.270723 
2694.000000	98.271311 
2693.000000	98.271919 
2692.000000	98.272347 
2691.000000	98.272507 
2690.000000	98.272564 
2689.000000	98.272794 
2688.000000	98.273251 
2687.000000	98.273682 
2686.000000	98.273804 
2685.000000	98.273656 
2684.000000	98.273610 
2683.000000	98.274017 
2682.000000	98.274860 
2681.000000	98.275737 
2680.000000	98.276198 
2679.000000	98.276137 
2678.000000	98.275846 
2677.000000	98.275700 
2676.000000	98.275765 
2675.000000	98.275778 
2674.000000	98.275499 
2673.000000	98.274994 
2672.000000	98.274571 
2671.000000	98.274521 
2670.000000	98.274924 
2669.000000	98.275598 
2668.000000	98.276135 
2667.000000	98.276126 
2666.000000	98.275475 
2665.000000	98.274498 
2664.000000	98.273617 
2663.000000	98.272928 
2662.000000	98.272197 
2661.000000	98.271256 
2660.000000	98.270264 
2659.000000	98.269538 
2658.000000	98.269229 
2657.000000	98.269223 
2656.000000	98.269274 
2655.000000	98.269148 
2654.000000	98.268725 
2653.000000	98.268101 
2652.000000	98.267589 
2651.000000	98.267481 
2650.000000	98.267736 
2649.000000	98.267934 
2648.000000	98.267658 
2647.000000	98.266909 
2646.000000	98.266111 
2645.000000	98.265721 
2644.000000	98.265856 
2643.000000	98.266258 
2642.000000	98.266506 
2641.000000	98.266301 
2640.000000	98.265648 
2639.000000	98.264883 
2638.000000	98.264464 
2637.000000	98.264587 
2636.000000	98.265019 
2635.000000	98.265334 
2634.000000	98.265344 
2633.000000	98.265234 
2632.000000	98.265308 
2631.000000	98.265718 
2630.000000	98.266441 
2629.000000	98.267380 
2628.000000	98.268356 
2627.000000	98.269107 
2626.000000	98.269441 
2625.000000	98.269384 
2624.000000	98.269159 
2623.000000	98.269052 
2622.000000	98.269310 
2621.000000	98.270044 
2620.000000	98.271102 
2619.000000	98.272108 
2618.000000	98.272814 
2617.000000	98.273312 
2616.000000	98.273772 
2615.000000	98.274049 
2614.000000	98.273841 
2613.000000	98.273201 
2612.000000	98.272671 
2611.000000	98.272807 
2610.000000	98.273752 
2609.000000	98.275240 
2608.000000	98.276778 
2607.000000	98.277820 
2606.000000	98.278113 
2605.000000	98.278020 
2604.000000	98.278308 
2603.000000	98.279423 
2602.000000	98.281151 
2601.000000	98.282934 
2600.000000	98.284379 
2599.000000	98.285410 
2598.000000	98.286188 
2597.000000	98.287010 
2596.000000	98.288112 
2595.000000	98.289419 
2594.000000	98.290603 
2593.000000	98.291406 
2592.000000	98.291775 
2591.000000	98.291762 
2590.000000	98.291542 
2589.000000	98.291475 
2588.000000	98.291878 
2587.000000	98.292689 
2586.000000	98.293551 
2585.000000	98.294224 
2584.000000	98.294744 
2583.000000	98.295179 
2582.000000	98.295475 
2581.000000	98.295626 
2580.000000	98.295796 
2579.000000	98.296204 
2578.000000	98.296965 
2577.000000	98.298048 
2576.000000	98.299256 
2575.000000	98.300311 
2574.000000	98.301083 
2573.000000	98.301683 
2572.000000	98.302272 
2571.000000	98.302884 
2570.000000	98.303484 
2569.000000	98.304125 
2568.000000	98.304877 
2567.000000	98.305700 
2566.000000	98.306496 
2565.000000	98.307223 
2564.000000	98.307913 
2563.000000	98.308599 
2562.000000	98.309290 
2561.000000	98.309980 
2560.000000	98.310665 
2559.000000	98.311346 
2558.000000	98.312017 
2557.000000	98.312675 
2556.000000	98.313323 
2555.000000	98.313967 
2554.000000	98.314612 
2553.000000	98.315261 
2552.000000	98.315918 
2551.000000	98.316585 
2550.000000	98.317259 
2549.000000	98.317932 
2548.000000	98.318598 
2547.000000	98.319256 
2546.000000	98.319904 
2545.000000	98.320542 
2544.000000	98.321173 
2543.000000	98.321795 
2542.000000	98.322411 
2541.000000	98.323017 
2540.000000	98.323612 
2539.000000	98.324192 
2538.000000	98.324754 
2537.000000	98.325297 
2536.000000	98.325819 
2535.000000	98.326323 
2534.000000	98.326809 
2533.000000	98.327277 
2532.000000	98.327728 
2531.000000	98.328167 
2530.000000	98.328601 
2529.000000	98.329033 
2528.000000	98.329466 
2527.000000	98.329899 
2526.000000	98.330328 
2525.000000	98.330750 
2524.000000	98.331154 
2523.000000	98.331536 
2522.000000	98.331909 
2521.000000	98.332296 
2520.000000	98.332712 
2519.000000	98.333155 
2518.000000	98.333600 
2517.000000	98.333997 
2516.000000	98.334334 
2515.000000	98.334705 
2514.000000	98.335253 
2513.000000	98.336018 
2512.000000	98.336839 
2511.000000	98.337473 
2510.000000	98.337788 
2509.000000	98.337829 
2508.000000	98.337783 
2507.000000	98.337810 
2506.000000	98.337909 
2505.000000	98.338005 
2504.000000	98.338138 
2503.000000	98.338432 
2502.000000	98.338855 
2501.000000	98.339223 
2500.000000	98.339523 
2499.000000	98.340026 
2498.000000	98.340915 
2497.000000	98.342013 
2496.000000	98.342945 
2495.000000	98.343449 
2494.000000	98.343468 
2493.000000	98.343171 
2492.000000	98.342996 
2491.000000	98.343421 
2490.000000	98.344536 
2489.000000	98.345921 
2488.000000	98.347001 
2487.000000	98.347585 
2486.000000	98.347885 
2485.000000	98.348181 
2484.000000	98.348539 
2483.000000	98.348821 
2482.000000	98.348858 
2481.000000	98.348670 
2480.000000	98.348571 
2479.000000	98.348941 
2478.000000	98.349829 
2477.000000	98.350867 
2476.000000	98.351605 
2475.000000	98.351858 
2474.000000	98.351670 
2473.000000	98.351176 
2472.000000	98.350601 
2471.000000	98.350227 
2470.000000	98.350175 
2469.000000	98.350323 
2468.000000	98.350478 
2467.000000	98.350537 
2466.000000	98.350447 
2465.000000	98.350179 
2464.000000	98.349841 
2463.000000	98.349704 
2462.000000	98.349944 
2461.000000	98.350467 
2460.000000	98.350985 
2459.000000	98.351252 
2458.000000	98.351239 
2457.000000	98.351098 
2456.000000	98.351084 
2455.000000	98.351339 
2454.000000	98.351776 
2453.000000	98.352138 
2452.000000	98.352277 
2451.000000	98.352297 
2450.000000	98.352417 
2449.000000	98.352731 
2448.000000	98.353168 
2447.000000	98.353620 
2446.000000	98.354043 
2445.000000	98.354428 
2444.000000	98.354768 
2443.000000	98.355067 
2442.000000	98.355340 
2441.000000	98.355602 
2440.000000	98.355863 
2439.000000	98.356141 
2438.000000	98.356432 
2437.000000	98.356700 
2436.000000	98.356924 
2435.000000	98.357154 
2434.000000	98.357468 
2433.000000	98.357898 
2432.000000	98.358429 
2431.000000	98.359029 
2430.000000	98.359655 
2429.000000	98.360230 
2428.000000	98.360681 
2427.000000	98.361028 
2426.000000	98.361381 
2425.000000	98.361844 
2424.000000	98.362437 
2423.000000	98.363095 
2422.000000	98.363786 
2421.000000	98.364632 
2420.000000	98.365822 
2419.000000	98.367285 
2418.000000	98.368529 
2417.000000	98.369036 
2416.000000	98.368831 
2415.000000	98.368557 
2414.000000	98.368726 
2413.000000	98.369252 
2412.000000	98.369886 
2411.000000	98.370705 
2410.000000	98.371828 
2409.000000	98.372921 
2408.000000	98.373405 
2407.000000	98.373023 
2406.000000	98.371971 
2405.000000	98.370679 
2404.000000	98.369670 
2403.000000	98.369433 
2402.000000	98.370004 
2401.000000	98.370757 
2400.000000	98.371098 
2399.000000	98.371244 
2398.000000	98.371895 
2397.000000	98.373207 
2396.000000	98.374472 
2395.000000	98.374918 
2394.000000	98.374572 
2393.000000	98.374189 
2392.000000	98.374458 
2391.000000	98.375381 
2390.000000	98.376372 
2389.000000	98.376866 
2388.000000	98.376906 
2387.000000	98.377188 
2386.000000	98.378493 
2385.000000	98.380956 
2384.000000	98.383764 
2383.000000	98.385581 
2382.000000	98.385449 
2381.000000	98.383353 
2380.000000	98.380205 
2379.000000	98.377228 
2378.000000	98.375058 
2377.000000	98.373500 
2376.000000	98.372124 
2375.000000	98.370980 
2374.000000	98.370572 
2373.000000	98.371124 
2372.000000	98.372129 
2371.000000	98.372645 
2370.000000	98.372017 
2369.000000	98.370353 
2368.000000	98.368464 
2367.000000	98.367251 
2366.000000	98.366865 
2365.000000	98.366613 
2364.000000	98.365763 
2363.000000	98.364000 
2362.000000	98.361535 
2361.000000	98.359242 
2360.000000	98.358165 
2359.000000	98.358863 
2358.000000	98.360733 
2357.000000	98.362424 
2356.000000	98.363397 
2355.000000	98.363834 
2354.000000	98.363471 
2353.000000	98.361843 
2352.000000	98.359704 
2351.000000	98.358372 
2350.000000	98.357579 
2349.000000	98.356188 
2348.000000	98.353813 
2347.000000	98.350978 
2346.000000	98.348371 
2345.000000	98.346435 
2344.000000	98.345637 
2343.000000	98.345734 
2342.000000	98.345754 
2341.000000	98.344788 
2340.000000	98.342669 
2339.000000	98.340257 
2338.000000	98.338470 
2337.000000	98.337425 
2336.000000	98.336562 
2335.000000	98.335391 
2334.000000	98.333969 
2333.000000	98.332924 
2332.000000	98.333085 
2331.000000	98.334658 
2330.000000	98.336442 
2329.000000	98.336898 
2328.000000	98.335423 
2327.000000	98.332491 
2326.000000	98.329088 
2325.000000	98.326102 
2324.000000	98.324543 
2323.000000	98.324733 
2322.000000	98.325933 
2321.000000	98.326817 
2320.000000	98.326964 
2319.000000	98.327138 
2318.000000	98.327804 
2317.000000	98.328425 
2316.000000	98.328069 
2315.000000	98.326647 
2314.000000	98.324694 
2313.000000	98.322712 
2312.000000	98.320815 
2311.000000	98.318958 
2310.000000	98.317130 
2309.000000	98.315567 
2308.000000	98.314812 
2307.000000	98.315179 
2306.000000	98.316417 
2305.000000	98.317869 
2304.000000	98.319050 
2303.000000	98.319439 
2302.000000	98.318400 
2301.000000	98.315820 
2300.000000	98.312578 
2299.000000	98.309566 
2298.000000	98.306629 
2297.000000	98.303242 
2296.000000	98.299815 
2295.000000	98.297091 
2294.000000	98.294603 
2293.000000	98.291072 
2292.000000	98.286708 
2291.000000	98.283408 
2290.000000	98.282277 
2289.000000	98.282200 
2288.000000	98.281544 
2287.000000	98.280074 
2286.000000	98.278588 
2285.000000	98.277660 
2284.000000	98.277552 
2283.000000	98.278388 
2282.000000	98.279782 
2281.000000	98.281116 
2280.000000	98.282296 
2279.000000	98.283420 
2278.000000	98.283849 
2277.000000	98.282960 
2276.000000	98.281663 
2275.000000	98.281559 
2274.000000	98.282401 
2273.000000	98.282140 
2272.000000	98.279858 
2271.000000	98.277158 
2270.000000	98.276114 
2269.000000	98.276977 
2268.000000	98.278517 
2267.000000	98.279526 
2266.000000	98.279528 
2265.000000	98.278636 
2264.000000	98.277430 
2263.000000	98.276557 
2262.000000	98.276051 
2261.000000	98.275310 
2260.000000	98.273944 
2259.000000	98.272276 
2258.000000	98.270869 
2257.000000	98.269890 
2256.000000	98.269165 
2255.000000	98.268567 
2254.000000	98.268121 
2253.000000	98.267882 
2252.000000	98.267899 
2251.000000	98.268147 
2250.000000	98.268374 
2249.000000	98.268196 
2248.000000	98.267480 
2247.000000	98.266481 
2246.000000	98.265601 
2245.000000	98.265075 
2244.000000	98.264933 
2243.000000	98.265094 
2242.000000	98.265312 
2241.000000	98.265195 
2240.000000	98.264547 
2239.000000	98.263669 
2238.000000	98.263020 
2237.000000	98.262484 
2236.000000	98.261503 
2235.000000	98.260086 
2234.000000	98.259195 
2233.000000	98.259743 
2232.000000	98.261661 
2231.000000	98.263946 
2230.000000	98.265461 
2229.000000	98.265651 
2228.000000	98.264575 
2227.000000	98.262488 
2226.000000	98.259490 
2225.000000	98.255825 
2224.000000	98.252550 
2223.000000	98.251156 
2222.000000	98.252143 
2221.000000	98.254296 
2220.000000	98.255865 
2219.000000	98.256527 
2218.000000	98.257399 
2217.000000	98.259226 
2216.000000	98.261291 
2215.000000	98.262322 
2214.000000	98.261837 
2213.000000	98.260219 
2212.000000	98.257881 
2211.000000	98.254990 
2210.000000	98.252059 
2209.000000	98.250229 
2208.000000	98.250426 
2207.000000	98.252244 
2206.000000	98.254058 
2205.000000	98.254704 
2204.000000	98.254857 
2203.000000	98.256336 
2202.000000	98.259814 
2201.000000	98.263709 
2200.000000	98.265507 
2199.000000	98.263549 
2198.000000	98.257922 
2197.000000	98.250576 
2196.000000	98.244648 
2195.000000	98.242390 
2194.000000	98.243038 
2193.000000	98.243215 
2192.000000	98.239760 
2191.000000	98.231977 
2190.000000	98.221864 
2189.000000	98.213041 
2188.000000	98.208662 
2187.000000	98.209412 
2186.000000	98.213874 
2185.000000	98.221099 
2184.000000	98.231143 
2183.000000	98.241877 
2182.000000	98.248017 
2181.000000	98.246520 
2180.000000	98.240966 
2179.000000	98.236921 
2178.000000	98.234467 
2177.000000	98.230040 
2176.000000	98.224447 
2175.000000	98.223319 
2174.000000	98.228773 
2173.000000	98.235757 
2172.000000	98.238448 
2171.000000	98.236111 
2170.000000	98.230866 
2169.000000	98.223969 
2168.000000	98.216554 
2167.000000	98.210354 
2166.000000	98.204960 
2165.000000	98.197222 
2164.000000	98.186031 
2163.000000	98.175461 
2162.000000	98.171365 
2161.000000	98.177677 
2160.000000	98.196745 
2159.000000	98.228186 
2158.000000	98.264419 
2157.000000	98.292750 
2156.000000	98.306291 
2155.000000	98.308047 
2154.000000	98.304170 
2153.000000	98.298068 
2152.000000	98.291706 
2151.000000	98.287665 
2150.000000	98.286744 
2149.000000	98.286811 
2148.000000	98.287020 
2147.000000	98.290516 
2146.000000	98.300110 
2145.000000	98.313729 
2144.000000	98.326972 
2143.000000	98.337815 
2142.000000	98.345651 
2141.000000	98.348148 
2140.000000	98.343219 
2139.000000	98.333368 
2138.000000	98.324990 
2137.000000	98.322690 
2136.000000	98.325836 
2135.000000	98.330416 
2134.000000	98.332828 
2133.000000	98.332412 
2132.000000	98.331639 
2131.000000	98.333471 
2130.000000	98.337663 
2129.000000	98.340309 
2128.000000	98.337930 
2127.000000	98.331321 
2126.000000	98.324585 
2125.000000	98.320955 
2124.000000	98.320327 
2123.000000	98.320586 
2122.000000	98.320269 
2121.000000	98.319655 
2120.000000	98.319576 
2119.000000	98.319637 
2118.000000	98.318177 
2117.000000	98.314310 
2116.000000	98.309493 
2115.000000	98.306208 
2114.000000	98.305527 
2113.000000	98.306907 
2112.000000	98.309794 
2111.000000	98.313834 
2110.000000	98.317327 
2109.000000	98.317711 
2108.000000	98.314475 
2107.000000	98.310080 
2106.000000	98.307163 
2105.000000	98.305768 
2104.000000	98.304204 
2103.000000	98.301594 
2102.000000	98.298541 
2101.000000	98.295906 
2100.000000	98.293986 
2099.000000	98.292799 
2098.000000	98.292588 
2097.000000	98.293872 
2096.000000	98.296895 
2095.000000	98.300681 
2094.000000	98.303057 
2093.000000	98.302502 
2092.000000	98.299467 
2091.000000	98.295703 
2090.000000	98.292512 
2089.000000	98.289908 
2088.000000	98.287262 
2087.000000	98.283997 
2086.000000	98.279832 
2085.000000	98.275305 
2084.000000	98.272062 
2083.000000	98.271607 
2082.000000	98.273598 
2081.000000	98.275938 
2080.000000	98.276985 
2079.000000	98.276821 
2078.000000	98.276091 
2077.000000	98.274896 
2076.000000	98.273315 
2075.000000	98.271861 
2074.000000	98.270681 
2073.000000	98.269191 
2072.000000	98.267263 
2071.000000	98.265996 
2070.000000	98.266483 
2069.000000	98.268316 
2068.000000	98.269984 
2067.000000	98.270426 
2066.000000	98.269590 
2065.000000	98.268087 
2064.000000	98.266880 
2063.000000	98.266744 
2062.000000	98.267384 
2061.000000	98.267462 
2060.000000	98.265966 
2059.000000	98.263241 
2058.000000	98.260552 
2057.000000	98.259182 
2056.000000	98.259834 
2055.000000	98.261904 
2054.000000	98.263016 
2053.000000	98.260538 
2052.000000	98.254044 
2051.000000	98.245954 
2050.000000	98.239597 
2049.000000	98.236732 
2048.000000	98.237536 
2047.000000	98.241534 
2046.000000	98.247369 
2045.000000	98.252589 
2044.000000	98.255225 
2043.000000	98.255298 
2042.000000	98.254227 
2041.000000	98.253423 
2040.000000	98.253680 
2039.000000	98.255070 
2038.000000	98.256832 
2037.000000	98.257977 
2036.000000	98.258438 
2035.000000	98.259026 
2034.000000	98.260146 
2033.000000	98.261511 
2032.000000	98.263041 
2031.000000	98.264712 
2030.000000	98.265479 
2029.000000	98.264129 
2028.000000	98.261470 
2027.000000	98.259918 
2026.000000	98.260283 
2025.000000	98.260654 
2024.000000	98.259179 
2023.000000	98.256455 
2022.000000	98.254409 
2021.000000	98.253855 
2020.000000	98.254141 
2019.000000	98.254306 
2018.000000	98.253702 
2017.000000	98.252184 
2016.000000	98.250556 
2015.000000	98.250251 
2014.000000	98.251884 
2013.000000	98.254430 
2012.000000	98.256067 
2011.000000	98.255633 
2010.000000	98.253206 
2009.000000	98.250190 
2008.000000	98.248523 
2007.000000	98.248776 
2006.000000	98.249315 
2005.000000	98.248237 
2004.000000	98.245950 
2003.000000	98.244464 
2002.000000	98.244129 
2001.000000	98.243117 
2000.000000	98.240742 
1999.000000	98.238702 
1998.000000	98.238037 
1997.000000	98.237370 
1996.000000	98.235553 
1995.000000	98.233650 
1994.000000	98.232455 
1993.000000	98.230176 
1992.000000	98.225244 
1991.000000	98.220029 
1990.000000	98.218468 
1989.000000	98.221102 
1988.000000	98.224827 
1987.000000	98.226604 
1986.000000	98.226121 
1985.000000	98.224876 
1984.000000	98.224422 
1983.000000	98.225306 
1982.000000	98.226648 
1981.000000	98.227079 
1980.000000	98.226602 
1979.000000	98.226682 
1978.000000	98.228181 
1977.000000	98.230577 
1976.000000	98.233682 
1975.000000	98.238223 
1974.000000	98.243774 
1973.000000	98.248029 
1972.000000	98.249362 
1971.000000	98.248486 
1970.000000	98.246813 
1969.000000	98.244704 
1968.000000	98.242451 
1967.000000	98.241396 
1966.000000	98.242493 
1965.000000	98.244887 
1964.000000	98.247034 
1963.000000	98.248650 
1962.000000	98.250539 
1961.000000	98.253068 
1960.000000	98.255645 
1959.000000	98.257432 
1958.000000	98.258159 
1957.000000	98.258389 
1956.000000	98.259195 
1955.000000	98.261156 
1954.000000	98.263709 
1953.000000	98.265692 
1952.000000	98.266646 
1951.000000	98.267131 
1950.000000	98.267961 
1949.000000	98.269391 
1948.000000	98.271239 
1947.000000	98.273316 
1946.000000	98.275410 
1945.000000	98.277243 
1944.000000	98.278659 
1943.000000	98.279779 
1942.000000	98.280771 
1941.000000	98.281594 
1940.000000	98.282221 
1939.000000	98.282813 
1938.000000	98.283540 
1937.000000	98.284382 
1936.000000	98.285227 
1935.000000	98.286010 
1934.000000	98.286702 
1933.000000	98.287240 
1932.000000	98.287618 
1931.000000	98.287989 
1930.000000	98.288500 
1929.000000	98.289113 
1928.000000	98.289724 
1927.000000	98.290371 
1926.000000	98.291156 
1925.000000	98.291982 
1924.000000	98.292638 
1923.000000	98.293200 
1922.000000	98.293886 
1921.000000	98.294499 
1920.000000	98.294582 
1919.000000	98.294065 
1918.000000	98.293358 
1917.000000	98.292882 
1916.000000	98.292909 
1915.000000	98.293642 
1914.000000	98.294844 
1913.000000	98.295603 
1912.000000	98.295245 
1911.000000	98.294416 
1910.000000	98.294140 
1909.000000	98.294265 
1908.000000	98.294019 
1907.000000	98.293354 
1906.000000	98.292733 
1905.000000	98.292069 
1904.000000	98.291147 
1903.000000	98.290474 
1902.000000	98.290382 
1901.000000	98.290299 
1900.000000	98.289804 
1899.000000	98.289491 
1898.000000	98.289970 
1897.000000	98.290567 
1896.000000	98.290113 
1895.000000	98.288784 
1894.000000	98.287765 
1893.000000	98.287491 
1892.000000	98.287530 
1891.000000	98.287692 
1890.000000	98.288141 
1889.000000	98.288847 
1888.000000	98.289814 
1887.000000	98.291142 
1886.000000	98.292333 
1885.000000	98.292364 
1884.000000	98.291025 
1883.000000	98.289572 
1882.000000	98.289140 
1881.000000	98.289482 
1880.000000	98.290013 
1879.000000	98.290929 
1878.000000	98.292614 
1877.000000	98.294697 
1876.000000	98.296548 
1875.000000	98.298234 
1874.000000	98.299855 
1873.000000	98.300841 
1872.000000	98.301063 
1871.000000	98.301556 
1870.000000	98.302872 
1869.000000	98.303733 
1868.000000	98.303369 
1867.000000	98.303210 
1866.000000	98.304292 
1865.000000	98.305884 
1864.000000	98.307335 
1863.000000	98.309274 
1862.000000	98.312167 
1861.000000	98.314894 
1860.000000	98.316247 
1859.000000	98.316750 
1858.000000	98.317462 
1857.000000	98.318103 
1856.000000	98.318006 
1855.000000	98.318004 
1854.000000	98.319471 
1853.000000	98.322381 
1852.000000	98.325594 
1851.000000	98.328336 
1850.000000	98.330678 
1849.000000	98.332841 
1848.000000	98.334862 
1847.000000	98.336805 
1846.000000	98.338615 
1845.000000	98.339815 
1844.000000	98.340313 
1843.000000	98.341112 
1842.000000	98.342681 
1841.000000	98.344199 
1840.000000	98.344987 
1839.000000	98.345173 
1838.000000	98.345296 
1837.000000	98.345648 
1836.000000	98.346372 
1835.000000	98.347703 
1834.000000	98.349576 
1833.000000	98.351463 
1832.000000	98.352785 
1831.000000	98.353300 
1830.000000	98.353244 
1829.000000	98.353159 
1828.000000	98.353363 
1827.000000	98.353907 
1826.000000	98.354831 
1825.000000	98.355931 
1824.000000	98.356838 
1823.000000	98.357532 
1822.000000	98.358237 
1821.000000	98.359002 
1820.000000	98.359704 
1819.000000	98.360397 
1818.000000	98.361219 
1817.000000	98.361910 
1816.000000	98.362151 
1815.000000	98.362103 
1814.000000	98.362172 
1813.000000	98.362486 
1812.000000	98.362863 
1811.000000	98.363205 
1810.000000	98.363538 
1809.000000	98.363805 
1808.000000	98.363968 
1807.000000	98.364107 
1806.000000	98.364298 
1805.000000	98.364523 
1804.000000	98.364759 
1803.000000	98.365015 
1802.000000	98.365286 
1801.000000	98.365552 
1800.000000	98.365805 
1799.000000	98.366057 
1798.000000	98.366319 
1797.000000	98.366591 
1796.000000	98.366870 
1795.000000	98.367155 
1794.000000	98.367444 
1793.000000	98.367735 
1792.000000	98.368020 
1791.000000	98.368288 
1790.000000	98.368561 
1789.000000	98.368848 
1788.000000	98.369047 
1787.000000	98.369102 
1786.000000	98.369216 
1785.000000	98.369562 
1784.000000	98.369957 
1783.000000	98.370207 
1782.000000	98.370419 
1781.000000	98.370848 
1780.000000	98.371514 
1779.000000	98.372369 
1778.000000	98.373413 
1777.000000	98.374292 
1776.000000	98.374471 
1775.000000	98.373735 
1774.000000	98.372886 
1773.000000	98.373191 
1772.000000	98.374209 
1771.000000	98.374525 
1770.000000	98.374364 
1769.000000	98.374885 
1768.000000	98.376317 
1767.000000	98.377758 
1766.000000	98.378336 
1765.000000	98.377745 
1764.000000	98.375910 
1763.000000	98.373165 
1762.000000	98.371115 
1761.000000	98.371851 
1760.000000	98.374735 
1759.000000	98.377198 
1758.000000	98.378194 
1757.000000	98.379085 
1756.000000	98.380933 
1755.000000	98.382210 
1754.000000	98.381953 
1753.000000	98.382589 
1752.000000	98.386320 
1751.000000	98.390360 
1750.000000	98.391239 
1749.000000	98.389627 
1748.000000	98.387595 
1747.000000	98.385442 
1746.000000	98.383441 
1745.000000	98.383290 
1744.000000	98.384385 
1743.000000	98.383522 
1742.000000	98.379893 
1741.000000	98.375993 
1740.000000	98.373630 
1739.000000	98.372259 
1738.000000	98.369896 
1737.000000	98.364547 
1736.000000	98.357945 
1735.000000	98.354963 
1734.000000	98.355088 
1733.000000	98.354701 
1732.000000	98.352671 
1731.000000	98.348867 
1730.000000	98.345845 
1729.000000	98.346082 
1728.000000	98.348130 
1727.000000	98.348484 
1726.000000	98.345887 
1725.000000	98.341850 
1724.000000	98.337045 
1723.000000	98.332422 
1722.000000	98.329286 
1721.000000	98.326643 
1720.000000	98.322733 
1719.000000	98.318878 
1718.000000	98.316906 
1717.000000	98.311754 
1716.000000	98.299806 
1715.000000	98.288199 
1714.000000	98.283256 
1713.000000	98.282148 
1712.000000	98.279758 
1711.000000	98.275847 
1710.000000	98.272956 
1709.000000	98.270639 
1708.000000	98.266002 
1707.000000	98.259180 
1706.000000	98.252591 
1705.000000	98.243841 
1704.000000	98.229844 
1703.000000	98.213239 
1702.000000	98.202369 
1701.000000	98.199591 
1700.000000	98.193967 
1699.000000	98.184367 
1698.000000	98.176531 
1697.000000	98.166197 
1696.000000	98.152006 
1695.000000	98.140314 
1694.000000	98.133333 
1693.000000	98.125354 
1692.000000	98.114126 
1691.000000	98.103543 
1690.000000	98.094843 
1689.000000	98.084998 
1688.000000	98.072251 
1687.000000	98.057840 
1686.000000	98.045391 
1685.000000	98.033565 
1684.000000	98.017861 
1683.000000	98.003083 
1682.000000	97.991681 
1681.000000	97.980241 
1680.000000	97.969655 
1679.000000	97.960339 
1678.000000	97.949724 
1677.000000	97.937006 
1676.000000	97.925116 
1675.000000	97.915565 
1674.000000	97.906720 
1673.000000	97.896806 
1672.000000	97.884364 
1671.000000	97.869269 
1670.000000	97.850647 
1669.000000	97.830785 
1668.000000	97.816411 
1667.000000	97.807962 
1666.000000	97.800233 
1665.000000	97.789774 
1664.000000	97.776846 
1663.000000	97.763317 
1662.000000	97.749336 
1661.000000	97.735765 
1660.000000	97.725123 
1659.000000	97.717679 
1658.000000	97.709653 
1657.000000	97.698127 
1656.000000	97.683562 
1655.000000	97.670165 
1654.000000	97.655775 
1653.000000	97.633308 
1652.000000	97.618374 
1651.000000	97.620126 
1650.000000	97.623779 
1649.000000	97.622804 
1648.000000	97.616653 
1647.000000	97.602034 
1646.000000	97.582506 
1645.000000	97.567035 
1644.000000	97.558013 
1643.000000	97.552972 
1642.000000	97.549972 
1641.000000	97.548167 
1640.000000	97.547184 
1639.000000	97.545887 
1638.000000	97.543283 
1637.000000	97.539166 
1636.000000	97.531612 
1635.000000	97.519838 
1634.000000	97.508957 
1633.000000	97.502426 
1632.000000	97.500790 
1631.000000	97.504696 
1630.000000	97.510905 
1629.000000	97.514063 
1628.000000	97.513843 
1627.000000	97.514299 
1626.000000	97.516990 
1625.000000	97.521576 
1624.000000	97.528937 
1623.000000	97.538400 
1622.000000	97.546231 
1621.000000	97.551199 
1620.000000	97.555803 
1619.000000	97.562812 
1618.000000	97.572490 
1617.000000	97.581557 
1616.000000	97.589713 
1615.000000	97.596952 
1614.000000	97.600154 
1613.000000	97.601851 
1612.000000	97.609978 
1611.000000	97.625522 
1610.000000	97.638661 
1609.000000	97.643456 
1608.000000	97.646144 
1607.000000	97.651987 
1606.000000	97.656935 
1605.000000	97.658480 
1604.000000	97.660866 
1603.000000	97.666250 
1602.000000	97.671688 
1601.000000	97.675972 
1600.000000	97.681513 
1599.000000	97.688213 
1598.000000	97.693079 
1597.000000	97.695869 
1596.000000	97.699700 
1595.000000	97.706048 
1594.000000	97.712999 
1593.000000	97.719340 
1592.000000	97.726135 
1591.000000	97.733585 
1590.000000	97.740334 
1589.000000	97.746580 
1588.000000	97.754238 
1587.000000	97.763686 
1586.000000	97.773118 
1585.000000	97.781564 
1584.000000	97.790145 
1583.000000	97.799441 
1582.000000	97.808556 
1581.000000	97.817074 
1580.000000	97.825464 
1579.000000	97.833670 
1578.000000	97.841280 
1577.000000	97.848752 
1576.000000	97.857237 
1575.000000	97.866605 
1574.000000	97.875258 
1573.000000	97.882811 
1572.000000	97.890612 
1571.000000	97.899958 
1570.000000	97.910326 
1569.000000	97.920776 
1568.000000	97.931402 
1567.000000	97.941657 
1566.000000	97.950858 
1565.000000	97.959567 
1564.000000	97.968529 
1563.000000	97.977183 
1562.000000	97.985061 
1561.000000	97.994137 
1560.000000	98.008006 
1559.000000	98.021809 
1558.000000	98.029319 
1557.000000	98.034088 
1556.000000	98.039771 
1555.000000	98.046646 
1554.000000	98.054555 
1553.000000	98.063099 
1552.000000	98.072172 
1551.000000	98.081667 
1550.000000	98.091889 
1549.000000	98.102359 
1548.000000	98.112227 
1547.000000	98.121173 
1546.000000	98.129578 
1545.000000	98.137800 
1544.000000	98.146097 
1543.000000	98.155274 
1542.000000	98.166380 
1541.000000	98.177308 
1540.000000	98.184566 
1539.000000	98.190414 
1538.000000	98.196930 
1537.000000	98.201299 
1536.000000	98.202930 
1535.000000	98.205281 
1534.000000	98.209987 
1533.000000	98.214967 
1532.000000	98.219354 
1531.000000	98.225007 
1530.000000	98.232132 
1529.000000	98.237852 
1528.000000	98.240190 
1527.000000	98.241590 
1526.000000	98.245735 
1525.000000	98.251764 
1524.000000	98.255953 
1523.000000	98.258117 
1522.000000	98.260301 
1521.000000	98.262272 
1520.000000	98.263814 
1519.000000	98.265279 
1518.000000	98.266736 
1517.000000	98.268276 
1516.000000	98.270006 
1515.000000	98.272975 
1514.000000	98.278307 
1513.000000	98.285380 
1512.000000	98.290360 
1511.000000	98.290956 
1510.000000	98.289903 
1509.000000	98.290651 
1508.000000	98.292058 
1507.000000	98.290483 
1506.000000	98.289787 
1505.000000	98.292192 
1504.000000	98.292836 
1503.000000	98.289625 
1502.000000	98.285254 
1501.000000	98.282190 
1500.000000	98.279395 
1499.000000	98.275861 
1498.000000	98.275393 
1497.000000	98.280254 
1496.000000	98.286011 
1495.000000	98.290106 
1494.000000	98.294087 
1493.000000	98.297691 
1492.000000	98.298737 
1491.000000	98.296217 
1490.000000	98.291862 
1489.000000	98.287388 
1488.000000	98.282838 
1487.000000	98.280168 
1486.000000	98.280035 
1485.000000	98.279849 
1484.000000	98.278525 
1483.000000	98.276816 
1482.000000	98.275585 
1481.000000	98.273958 
1480.000000	98.270900 
1479.000000	98.267789 
1478.000000	98.266652 
1477.000000	98.266480 
1476.000000	98.264761 
1475.000000	98.262297 
1474.000000	98.260839 
1473.000000	98.258570 
1472.000000	98.253513 
1471.000000	98.248874 
1470.000000	98.247558 
1469.000000	98.247398 
1468.000000	98.245487 
1467.000000	98.242394 
1466.000000	98.240512 
1465.000000	98.239725 
1464.000000	98.237972 
1463.000000	98.234825 
1462.000000	98.231533 
1461.000000	98.227941 
1460.000000	98.222628 
1459.000000	98.215061 
1458.000000	98.207432 
1457.000000	98.202170 
1456.000000	98.198788 
1455.000000	98.194820 
1454.000000	98.188953 
1453.000000	98.182656 
1452.000000	98.177331 
1451.000000	98.173234 
1450.000000	98.171894 
1449.000000	98.174012 
1448.000000	98.175735 
1447.000000	98.173323 
1446.000000	98.168022 
1445.000000	98.163751 
1444.000000	98.161183 
1443.000000	98.158230 
1442.000000	98.155446 
1441.000000	98.154690 
1440.000000	98.152949 
1439.000000	98.144882 
1438.000000	98.133480 
1437.000000	98.127773 
1436.000000	98.130006 
1435.000000	98.133866 
1434.000000	98.134534 
1433.000000	98.131536 
1432.000000	98.125915 
1431.000000	98.117427 
1430.000000	98.107688 
1429.000000	98.100373 
1428.000000	98.095252 
1427.000000	98.089016 
1426.000000	98.080351 
1425.000000	98.073139 
1424.000000	98.068903 
1423.000000	98.062313 
1422.000000	98.050478 
1421.000000	98.037909 
1420.000000	98.028589 
1419.000000	98.018696 
1418.000000	98.006972 
1417.000000	97.996491 
1416.000000	97.985327 
1415.000000	97.970672 
1414.000000	97.953765 
1413.000000	97.938302 
1412.000000	97.925868 
1411.000000	97.915037 
1410.000000	97.906403 
1409.000000	97.901897 
1408.000000	97.900559 
1407.000000	97.900351 
1406.000000	97.901616 
1405.000000	97.907828 
1404.000000	97.919990 
1403.000000	97.933782 
1402.000000	97.945788 
1401.000000	97.956852 
1400.000000	97.968202 
1399.000000	97.976699 
1398.000000	97.977183 
1397.000000	97.966803 
1396.000000	97.947230 
1395.000000	97.927314 
1394.000000	97.920692 
1393.000000	97.934512 
1392.000000	97.961619 
1391.000000	97.987908 
1390.000000	98.004533 
1389.000000	98.010952 
1388.000000	98.010752 
1387.000000	98.007798 
1386.000000	98.005231 
1385.000000	98.005122 
1384.000000	98.007785 
1383.000000	98.012099 
1382.000000	98.017064 
1381.000000	98.022502 
1380.000000	98.028969 
1379.000000	98.036817 
1378.000000	98.045658 
1377.000000	98.055139 
1376.000000	98.065466 
1375.000000	98.076551 
1374.000000	98.087773 
1373.000000	98.098997 
1372.000000	98.110020 
1371.000000	98.119942 
1370.000000	98.128206 
1369.000000	98.136527 
1368.000000	98.147021 
1367.000000	98.158762 
1366.000000	98.168929 
1365.000000	98.176277 
1364.000000	98.182143 
1363.000000	98.188595 
1362.000000	98.196574 
1361.000000	98.205768 
1360.000000	98.215526 
1359.000000	98.225322 
1358.000000	98.234862 
1357.000000	98.244415 
1356.000000	98.254355 
1355.000000	98.264187 
1354.000000	98.273346 
1353.000000	98.282136 
1352.000000	98.291260 
1351.000000	98.300556 
1350.000000	98.307956 
1349.000000	98.313017 
1348.000000	98.317169 
1347.000000	98.321049 
1346.000000	98.324940 
1345.000000	98.330295 
1344.000000	98.338167 
1343.000000	98.346286 
1342.000000	98.350675 
1341.000000	98.350459 
1340.000000	98.348949 
1339.000000	98.349411 
1338.000000	98.352154 
1337.000000	98.356191 
1336.000000	98.360831 
1335.000000	98.365395 
1334.000000	98.369597 
1333.000000	98.374234 
1332.000000	98.379702 
1331.000000	98.383799 
1330.000000	98.383578 
1329.000000	98.379686 
1328.000000	98.376119 
1327.000000	98.375124 
1326.000000	98.375032 
1325.000000	98.374520 
1324.000000	98.374527 
1323.000000	98.375262 
1322.000000	98.375130 
1321.000000	98.373310 
1320.000000	98.371063 
1319.000000	98.369917 
1318.000000	98.370362 
1317.000000	98.372131 
1316.000000	98.374320 
1315.000000	98.375587 
1314.000000	98.375840 
1313.000000	98.377018 
1312.000000	98.380557 
1311.000000	98.384934 
1310.000000	98.387626 
1309.000000	98.388413 
1308.000000	98.388768 
1307.000000	98.389047 
1306.000000	98.388331 
1305.000000	98.387285 
1304.000000	98.387802 
1303.000000	98.389897 
1302.000000	98.391474 
1301.000000	98.391130 
1300.000000	98.389347 
1299.000000	98.387163 
1298.000000	98.385616 
1297.000000	98.385991 
1296.000000	98.388691 
1295.000000	98.391720 
1294.000000	98.392375 
1293.000000	98.390547 
1292.000000	98.388678 
1291.000000	98.388566 
1290.000000	98.389627 
1289.000000	98.390400 
1288.000000	98.390284 
1287.000000	98.389404 
1286.000000	98.387997 
1285.000000	98.386410 
1284.000000	98.385143 
1283.000000	98.384850 
1282.000000	98.386094 
1281.000000	98.388593 
1280.000000	98.390952 
1279.000000	98.391627 
1278.000000	98.390540 
1277.000000	98.389057 
1276.000000	98.388148 
1275.000000	98.387479 
1274.000000	98.386771 
1273.000000	98.386860 
1272.000000	98.388350 
1271.000000	98.390185 
1270.000000	98.390672 
1269.000000	98.389371 
1268.000000	98.387098 
1267.000000	98.384710 
1266.000000	98.382794 
1265.000000	98.381502 
1264.000000	98.379989 
1263.000000	98.377276 
1262.000000	98.374201 
1261.000000	98.373027 
1260.000000	98.374204 
1259.000000	98.374827 
1258.000000	98.371923 
1257.000000	98.365995 
1256.000000	98.359970 
1255.000000	98.355917 
1254.000000	98.353957 
1253.000000	98.353250 
1252.000000	98.352794 
1251.000000	98.352125 
1250.000000	98.352377 
1249.000000	98.355868 
1248.000000	98.363587 
1247.000000	98.373639 
1246.000000	98.382569 
1245.000000	98.386909 
1244.000000	98.383971 
1243.000000	98.374554 
1242.000000	98.365623 
1241.000000	98.366211 
1240.000000	98.377867 
1239.000000	98.391689 
1238.000000	98.397409 
1237.000000	98.393197 
1236.000000	98.384232 
1235.000000	98.374536 
1234.000000	98.363924 
1233.000000	98.351739 
1232.000000	98.339603 
1231.000000	98.330091 
1230.000000	98.324789 
1229.000000	98.323312 
1228.000000	98.322580 
1227.000000	98.318014 
1226.000000	98.307543 
1225.000000	98.293879 
1224.000000	98.281177 
1223.000000	98.270291 
1222.000000	98.259053 
1221.000000	98.246044 
1220.000000	98.231677 
1219.000000	98.216114 
1218.000000	98.198495 
1217.000000	98.178038 
1216.000000	98.154183 
1215.000000	98.126080 
1214.000000	98.093633 
1213.000000	98.058614 
1212.000000	98.023078 
1211.000000	97.987060 
1210.000000	97.949107 
1209.000000	97.908381 
1208.000000	97.864983 
1207.000000	97.819191 
1206.000000	97.771945 
1205.000000	97.725137 
1204.000000	97.679497 
1203.000000	97.632784 
1202.000000	97.582074 
1201.000000	97.527474 
1200.000000	97.471671 
1199.000000	97.416202 
1198.000000	97.360679 
1197.000000	97.305741 
1196.000000	97.253770 
1195.000000	97.205338 
1194.000000	97.156934 
1193.000000	97.103982 
1192.000000	97.044998 
1191.000000	96.981676 
1190.000000	96.916232 
1189.000000	96.850114 
1188.000000	96.784168 
1187.000000	96.718084 
1186.000000	96.649952 
1185.000000	96.578086 
1184.000000	96.503405 
1183.000000	96.428686 
1182.000000	96.355172 
1181.000000	96.281183 
1180.000000	96.204537 
1179.000000	96.125211 
1178.000000	96.045008 
1177.000000	95.965210 
1176.000000	95.884909 
1175.000000	95.801256 
1174.000000	95.711460 
1173.000000	95.615335 
1172.000000	95.515787 
1171.000000	95.416212 
1170.000000	95.317857 
1169.000000	95.220640 
1168.000000	95.126103 
1167.000000	95.038370 
1166.000000	94.962676 
1165.000000	94.904368 
1164.000000	94.868624 
1163.000000	94.858505 
1162.000000	94.872079 
1161.000000	94.902007 
1160.000000	94.937590 
1159.000000	94.966866 
1158.000000	94.979014 
1157.000000	94.967465 
1156.000000	94.931000 
1155.000000	94.871981 
1154.000000	94.794971 
1153.000000	94.707155 
1152.000000	94.617075 
1151.000000	94.530198 
1150.000000	94.446462 
1149.000000	94.363871 
1148.000000	94.282846 
1147.000000	94.204689 
1146.000000	94.127514 
1145.000000	94.047181 
1144.000000	93.961791 
1143.000000	93.872526 
1142.000000	93.780868 
1141.000000	93.687884 
1140.000000	93.595590 
1139.000000	93.505829 
1138.000000	93.417770 
1137.000000	93.328896 
1136.000000	93.237946 
1135.000000	93.144807 
1134.000000	93.049013 
1133.000000	92.951154 
1132.000000	92.854078 
1131.000000	92.759248 
1130.000000	92.663605 
1129.000000	92.563911 
1128.000000	92.462247 
1127.000000	92.362653 
1126.000000	92.264120 
1125.000000	92.162338 
1124.000000	92.057099 
1123.000000	91.952023 
1122.000000	91.847802 
1121.000000	91.742165 
1120.000000	91.636508 
1119.000000	91.535716 
1118.000000	91.440432 
1117.000000	91.345785 
1116.000000	91.248984 
1115.000000	91.152412 
1114.000000	91.058125 
1113.000000	90.965011 
1112.000000	90.872363 
1111.000000	90.780535 
1110.000000	90.687917 
1109.000000	90.593012 
1108.000000	90.498611 
1107.000000	90.408218 
1106.000000	90.319142 
1105.000000	90.226042 
1104.000000	90.130643 
1103.000000	90.040009 
1102.000000	89.955021 
1101.000000	89.869685 
1100.000000	89.781264 
1099.000000	89.694351 
1098.000000	89.611697 
1097.000000	89.529922 
1096.000000	89.446675 
1095.000000	89.363542 
1094.000000	89.279952 
1093.000000	89.191568 
1092.000000	89.097255 
1091.000000	89.000955 
1090.000000	88.905023 
1089.000000	88.808502 
1088.000000	88.713207 
1087.000000	88.624008 
1086.000000	88.541416 
1085.000000	88.460813 
1084.000000	88.379834 
1083.000000	88.299366 
1082.000000	88.217322 
1081.000000	88.129877 
1080.000000	88.039170 
1079.000000	87.951129 
1078.000000	87.865595 
1077.000000	87.777918 
1076.000000	87.689966 
1075.000000	87.608368 
1074.000000	87.530972 
1073.000000	87.446160 
1072.000000	87.346040 
1071.000000	87.227928 
1070.000000	87.082585 
1069.000000	86.897312 
1068.000000	86.677354 
1067.000000	86.452385 
1066.000000	86.251941 
1065.000000	86.080220 
1064.000000	85.920797 
1063.000000	85.755387 
1062.000000	85.570645 
1061.000000	85.358432 
1060.000000	85.121689 
1059.000000	84.876518 
1058.000000	84.640411 
1057.000000	84.419269 
1056.000000	84.207711 
1055.000000	83.996088 
1054.000000	83.774878 
1053.000000	83.540169 
1052.000000	83.299067 
1051.000000	83.063032 
1050.000000	82.833194 
1049.000000	82.600471 
1048.000000	82.361290 
1047.000000	82.122604 
1046.000000	81.890744 
1045.000000	81.666326 
1044.000000	81.450133 
1043.000000	81.242552 
1042.000000	81.036621 
1041.000000	80.823079 
1040.000000	80.604069 
1039.000000	80.392062 
1038.000000	80.195039 
1037.000000	80.012967 
1036.000000	79.847307 
1035.000000	79.700893 
1034.000000	79.568276 
1033.000000	79.438630 
1032.000000	79.307963 
1031.000000	79.177173 
1030.000000	79.042229 
1029.000000	78.902411 
1028.000000	78.775560 
1027.000000	78.685331 
1026.000000	78.630917 
1025.000000	78.586229 
1024.000000	78.531281 
1023.000000	78.467828 
1022.000000	78.402916 
1021.000000	78.336367 
1020.000000	78.268975 
1019.000000	78.205949 
1018.000000	78.146235 
1017.000000	78.082361 
1016.000000	78.015051 
1015.000000	77.954385 
1014.000000	77.903374 
1013.000000	77.854274 
1012.000000	77.803801 
1011.000000	77.757758 
1010.000000	77.717964 
1009.000000	77.679230 
1008.000000	77.642629 
1007.000000	77.617905 
1006.000000	77.609268 
1005.000000	77.611294 
1004.000000	77.620836 
1003.000000	77.640282 
1002.000000	77.667760 
1001.000000	77.697366 
1000.000000	77.730234 
999.000000	 77.772514 
998.000000	 77.822334 
997.000000	 77.872403 
996.000000	 77.925045 
995.000000	 77.989705 
994.000000	 78.065473 
993.000000	 78.141516 
992.000000	 78.215805 
991.000000	 78.298080 
990.000000	 78.392604 
989.000000	 78.492656 
988.000000	 78.593867 
987.000000	 78.699147 
986.000000	 78.809086 
985.000000	 78.921283 
984.000000	 79.040170 
983.000000	 79.173759 
982.000000	 79.320224 
981.000000	 79.471008 
980.000000	 79.626946 
979.000000	 79.797296 
978.000000	 79.982831 
977.000000	 80.174514 
976.000000	 80.369419 
975.000000	 80.573424 
974.000000	 80.787296 
973.000000	 81.004461 
972.000000	 81.223896 
971.000000	 81.451641 
970.000000	 81.688210 
969.000000	 81.927091 
968.000000	 82.166318 
967.000000	 82.409061 
966.000000	 82.652780 
965.000000	 82.890644 
964.000000	 83.124027 
963.000000	 83.361012 
962.000000	 83.601943 
961.000000	 83.838323 
960.000000	 84.066145 
959.000000	 84.288582 
958.000000	 84.505961 
957.000000	 84.715264 
956.000000	 84.919491 
955.000000	 85.125204 
954.000000	 85.329945 
953.000000	 85.523679 
952.000000	 85.703404 
951.000000	 85.875392 
950.000000	 86.042818 
949.000000	 86.202366 
948.000000	 86.353769 
947.000000	 86.501550 
946.000000	 86.645749 
945.000000	 86.780816 
944.000000	 86.905115 
943.000000	 87.022715 
942.000000	 87.135277 
941.000000	 87.240634 
940.000000	 87.339287 
939.000000	 87.433889 
938.000000	 87.523302 
937.000000	 87.606229 
936.000000	 87.689226 
935.000000	 87.781216 
934.000000	 87.880971 
933.000000	 87.979860 
932.000000	 88.075341 
931.000000	 88.171163 
930.000000	 88.265979 
929.000000	 88.353496 
928.000000	 88.433697 
927.000000	 88.512707 
926.000000	 88.591471 
925.000000	 88.665405 
924.000000	 88.735070 
923.000000	 88.805662 
922.000000	 88.875228 
921.000000	 88.934851 
920.000000	 88.982318 
919.000000	 89.025398 
918.000000	 89.070067 
917.000000	 89.115341 
916.000000	 89.161118 
915.000000	 89.211153 
914.000000	 89.266735 
913.000000	 89.327260 
912.000000	 89.398734 
911.000000	 89.491803 
910.000000	 89.609198 
909.000000	 89.743735 
908.000000	 89.889721 
907.000000	 90.047174 
906.000000	 90.213650 
905.000000	 90.381883 
904.000000	 90.548403 
903.000000	 90.717328 
902.000000	 90.894029 
901.000000	 91.080468 
900.000000	 91.275263 
899.000000	 91.471898 
898.000000	 91.659058 
897.000000	 91.830665 
896.000000	 91.993117 
895.000000	 92.155646 
894.000000	 92.317460 
893.000000	 92.472745 
892.000000	 92.623603 
891.000000	 92.776594 
890.000000	 92.928696 
889.000000	 93.068488 
888.000000	 93.191222 
887.000000	 93.302866 
886.000000	 93.409499 
885.000000	 93.511888 
884.000000	 93.610469 
883.000000	 93.706225 
882.000000	 93.796519 
881.000000	 93.879642 
880.000000	 93.963844 
879.000000	 94.061705 
878.000000	 94.173787 
877.000000	 94.287041 
876.000000	 94.390664 
875.000000	 94.484975 
874.000000	 94.575247 
873.000000	 94.666795 
872.000000	 94.766483 
871.000000	 94.878823 
870.000000	 94.998726 
869.000000	 95.116593 
868.000000	 95.231551 
867.000000	 95.351598 
866.000000	 95.480237 
865.000000	 95.611227 
864.000000	 95.737905 
863.000000	 95.860428 
862.000000	 95.982389 
861.000000	 96.106666 
860.000000	 96.235689 
859.000000	 96.369710 
858.000000	 96.503219 
857.000000	 96.627972 
856.000000	 96.740551 
855.000000	 96.843551 
854.000000	 96.940287 
853.000000	 97.032195 
852.000000	 97.119956 
851.000000	 97.202942 
850.000000	 97.279112 
849.000000	 97.349457 
848.000000	 97.419631 
847.000000	 97.491992 
846.000000	 97.559115 
845.000000	 97.611412 
844.000000	 97.648574 
843.000000	 97.677144 
842.000000	 97.699584 
841.000000	 97.713383 
840.000000	 97.719349 
839.000000	 97.722622 
838.000000	 97.725086 
837.000000	 97.723220 
836.000000	 97.713753 
835.000000	 97.696161 
834.000000	 97.670974 
833.000000	 97.642224 
832.000000	 97.620250 
831.000000	 97.613764 
830.000000	 97.618304 
829.000000	 97.620659 
828.000000	 97.616521 
827.000000	 97.616249 
826.000000	 97.631527 
825.000000	 97.664156 
824.000000	 97.709369 
823.000000	 97.759991 
822.000000	 97.804369 
821.000000	 97.830627 
820.000000	 97.837928 
819.000000	 97.837670 
818.000000	 97.841291 
817.000000	 97.850826 
816.000000	 97.860681 
815.000000	 97.861987 
814.000000	 97.843730 
813.000000	 97.795113 
812.000000	 97.709408 
811.000000	 97.583140 
810.000000	 97.412340 
809.000000	 97.194313 
808.000000	 96.932495 
807.000000	 96.633353 
806.000000	 96.297932 
805.000000	 95.924771 
804.000000	 95.524953 
803.000000	 95.126672 
802.000000	 94.759336 
801.000000	 94.438961 
800.000000	 94.172898 
799.000000	 93.969289 
798.000000	 93.834148 
797.000000	 93.765014 
796.000000	 93.752950 
795.000000	 93.785910 
794.000000	 93.847960 
793.000000	 93.922365 
792.000000	 93.998884 
791.000000	 94.073098 
790.000000	 94.137633 
789.000000	 94.179998 
788.000000	 94.190107 
787.000000	 94.164812 
786.000000	 94.105090 
785.000000	 94.014756 
784.000000	 93.902411 
783.000000	 93.778523 
782.000000	 93.649258 
781.000000	 93.518231 
780.000000	 93.394606 
779.000000	 93.293903 
778.000000	 93.230886 
777.000000	 93.216592 
776.000000	 93.258620 
775.000000	 93.354064 
774.000000	 93.482852 
773.000000	 93.618770 
772.000000	 93.748819 
771.000000	 93.874656 
770.000000	 93.997044 
769.000000	 94.108501 
768.000000	 94.201230 
767.000000	 94.273943 
766.000000	 94.330561 
765.000000	 94.379086 
764.000000	 94.430766 
763.000000	 94.492772 
762.000000	 94.561680 
761.000000	 94.629883 
760.000000	 94.696013 
759.000000	 94.762412 
758.000000	 94.826731 
757.000000	 94.885589 
756.000000	 94.943378 
755.000000	 95.007451 
754.000000	 95.077067 
753.000000	 95.146887 
752.000000	 95.217958 
751.000000	 95.293845 
750.000000	 95.368455 
749.000000	 95.430529 
748.000000	 95.480259 
747.000000	 95.529840 
746.000000	 95.586808 
745.000000	 95.648019 
744.000000	 95.711570 
743.000000	 95.783272 
742.000000	 95.868296 
741.000000	 95.965728 
740.000000	 96.073404 
739.000000	 96.189273 
738.000000	 96.306122 
737.000000	 96.413163 
736.000000	 96.505044 
735.000000	 96.582953 
734.000000	 96.647471 
733.000000	 96.697780 
732.000000	 96.737009 
731.000000	 96.770614 
730.000000	 96.799883 
729.000000	 96.824184 
728.000000	 96.847288 
727.000000	 96.873743 
726.000000	 96.901828 
725.000000	 96.927801 
724.000000	 96.954688 
723.000000	 96.988568 
722.000000	 97.028863 
721.000000	 97.071512 
720.000000	 97.119058 
719.000000	 97.176950 
718.000000	 97.241644 
717.000000	 97.303586 
716.000000	 97.360576 
715.000000	 97.417246 
714.000000	 97.472319 
713.000000	 97.517422 
712.000000	 97.548928 
711.000000	 97.571889 
710.000000	 97.592381 
709.000000	 97.614464 
708.000000	 97.641725 
707.000000	 97.670790 
706.000000	 97.686355 
705.000000	 97.673437 
704.000000	 97.631992 
703.000000	 97.568621 
702.000000	 97.476648 
701.000000	 97.339422 
700.000000	 97.154100 
699.000000	 96.936688 
698.000000	 96.705036 
697.000000	 96.474849 
696.000000	 96.274064 
695.000000	 96.140246 
694.000000	 96.091241 
693.000000	 96.111380 
692.000000	 96.173852 
691.000000	 96.263623 
690.000000	 96.373997 
689.000000	 96.494909 
688.000000	 96.615643 
687.000000	 96.731932 
686.000000	 96.841106 
685.000000	 96.939073 
684.000000	 97.028619 
683.000000	 97.118476 
682.000000	 97.207956 
681.000000	 97.283069 
680.000000	 97.335215 
679.000000	 97.373883 
678.000000	 97.413179 
677.000000	 97.456744 
676.000000	 97.500329 
675.000000	 97.540800 
674.000000	 97.580758 
673.000000	 97.626345 
672.000000	 97.679924 
671.000000	 97.734380 
670.000000	 97.777994 
669.000000	 97.807565 
668.000000	 97.850954 
667.000000	 97.937057 
666.000000	 98.029069 
665.000000	 98.098277 
664.000000	 98.156408 
663.000000	 98.218143 
662.000000	 98.282997 
661.000000	 98.341003 
660.000000	 98.388245 
659.000000	 98.425201 
658.000000	 98.447277 
657.000000	 98.452170 
656.000000	 98.447763 
655.000000	 98.441150 
654.000000	 98.427938 
653.000000	 98.400939 
652.000000	 98.364771 
651.000000	 98.335663 
650.000000	 98.327220 

