4000.000000	98.600081 
3999.000000	98.599946 
3998.000000	98.599041 
3997.000000	98.597206 
3996.000000	98.595196 
3995.000000	98.593989 
3994.000000	98.593985 
3993.000000	98.594861 
3992.000000	98.595701 
3991.000000	98.595882 
3990.000000	98.595496 
3989.000000	98.595016 
3988.000000	98.594800 
3987.000000	98.594833 
3986.000000	98.594881 
3985.000000	98.594780 
3984.000000	98.594491 
3983.000000	98.594041 
3982.000000	98.593573 
3981.000000	98.593305 
3980.000000	98.593244 
3979.000000	98.592992 
3978.000000	98.592124 
3977.000000	98.590797 
3976.000000	98.589747 
3975.000000	98.589473 
3974.000000	98.589642 
3973.000000	98.589452 
3972.000000	98.588503 
3971.000000	98.587066 
3970.000000	98.585845 
3969.000000	98.585533 
3968.000000	98.586398 
3967.000000	98.588035 
3966.000000	98.589529 
3965.000000	98.590089 
3964.000000	98.589441 
3963.000000	98.587880 
3962.000000	98.586094 
3961.000000	98.584891 
3960.000000	98.584701 
3959.000000	98.585094 
3958.000000	98.585291 
3957.000000	98.584994 
3956.000000	98.584362 
3955.000000	98.583387 
3954.000000	98.581729 
3953.000000	98.579422 
3952.000000	98.577136 
3951.000000	98.575668 
3950.000000	98.575147 
3949.000000	98.574729 
3948.000000	98.573249 
3947.000000	98.570753 
3946.000000	98.569016 
3945.000000	98.569784 
3944.000000	98.572778 
3943.000000	98.575861 
3942.000000	98.577485 
3941.000000	98.578294 
3940.000000	98.579644 
3939.000000	98.580988 
3938.000000	98.580783 
3937.000000	98.578772 
3936.000000	98.575842 
3935.000000	98.572371 
3934.000000	98.568051 
3933.000000	98.564073 
3932.000000	98.562708 
3931.000000	98.564472 
3930.000000	98.567212 
3929.000000	98.568689 
3928.000000	98.569203 
3927.000000	98.570116 
3926.000000	98.570920 
3925.000000	98.570070 
3924.000000	98.567932 
3923.000000	98.566373 
3922.000000	98.565540 
3921.000000	98.564194 
3920.000000	98.562818 
3919.000000	98.563226 
3918.000000	98.565498 
3917.000000	98.567564 
3916.000000	98.568025 
3915.000000	98.567363 
3914.000000	98.566369 
3913.000000	98.564862 
3912.000000	98.562852 
3911.000000	98.560791 
3910.000000	98.559053 
3909.000000	98.557770 
3908.000000	98.556913 
3907.000000	98.556341 
3906.000000	98.555820 
3905.000000	98.555234 
3904.000000	98.554669 
3903.000000	98.554161 
3902.000000	98.553715 
3901.000000	98.553320 
3900.000000	98.552946 
3899.000000	98.552563 
3898.000000	98.552165 
3897.000000	98.551769 
3896.000000	98.551402 
3895.000000	98.551072 
3894.000000	98.550764 
3893.000000	98.550471 
3892.000000	98.550190 
3891.000000	98.549908 
3890.000000	98.549626 
3889.000000	98.549365 
3888.000000	98.549136 
3887.000000	98.548919 
3886.000000	98.548691 
3885.000000	98.548453 
3884.000000	98.548234 
3883.000000	98.548053 
3882.000000	98.547900 
3881.000000	98.547759 
3880.000000	98.547636 
3879.000000	98.547556 
3878.000000	98.547541 
3877.000000	98.547589 
3876.000000	98.547679 
3875.000000	98.547811 
3874.000000	98.548015 
3873.000000	98.548332 
3872.000000	98.548776 
3871.000000	98.549321 
3870.000000	98.549930 
3869.000000	98.550603 
3868.000000	98.551357 
3867.000000	98.552167 
3866.000000	98.552962 
3865.000000	98.553706 
3864.000000	98.554424 
3863.000000	98.555147 
3862.000000	98.555870 
3861.000000	98.556577 
3860.000000	98.557285 
3859.000000	98.558024 
3858.000000	98.558811 
3857.000000	98.559653 
3856.000000	98.560558 
3855.000000	98.561531 
3854.000000	98.562535 
3853.000000	98.563514 
3852.000000	98.564477 
3851.000000	98.565490 
3850.000000	98.566570 
3849.000000	98.567672 
3848.000000	98.568759 
3847.000000	98.569811 
3846.000000	98.570835 
3845.000000	98.571853 
3844.000000	98.572894 
3843.000000	98.573968 
3842.000000	98.575074 
3841.000000	98.576214 
3840.000000	98.577394 
3839.000000	98.578609 
3838.000000	98.579836 
3837.000000	98.581049 
3836.000000	98.582242 
3835.000000	98.583418 
3834.000000	98.584572 
3833.000000	98.585684 
3832.000000	98.586735 
3831.000000	98.587717 
3830.000000	98.588634 
3829.000000	98.589501 
3828.000000	98.590327 
3827.000000	98.591109 
3826.000000	98.591833 
3825.000000	98.592510 
3824.000000	98.593173 
3823.000000	98.593848 
3822.000000	98.594520 
3821.000000	98.595154 
3820.000000	98.595757 
3819.000000	98.596368 
3818.000000	98.596976 
3817.000000	98.597510 
3816.000000	98.597914 
3815.000000	98.598204 
3814.000000	98.598438 
3813.000000	98.598642 
3812.000000	98.598800 
3811.000000	98.598921 
3810.000000	98.599042 
3809.000000	98.599164 
3808.000000	98.599246 
3807.000000	98.599259 
3806.000000	98.599230 
3805.000000	98.599218 
3804.000000	98.599252 
3803.000000	98.599301 
3802.000000	98.599316 
3801.000000	98.599281 
3800.000000	98.599221 
3799.000000	98.599152 
3798.000000	98.599030 
3797.000000	98.598801 
3796.000000	98.598461 
3795.000000	98.598046 
3794.000000	98.597593 
3793.000000	98.597124 
3792.000000	98.596648 
3791.000000	98.596165 
3790.000000	98.595677 
3789.000000	98.595193 
3788.000000	98.594729 
3787.000000	98.594299 
3786.000000	98.593897 
3785.000000	98.593507 
3784.000000	98.593137 
3783.000000	98.592810 
3782.000000	98.592510 
3781.000000	98.592188 
3780.000000	98.591809 
3779.000000	98.591373 
3778.000000	98.590893 
3777.000000	98.590367 
3776.000000	98.589800 
3775.000000	98.589230 
3774.000000	98.588712 
3773.000000	98.588277 
3772.000000	98.587907 
3771.000000	98.587568 
3770.000000	98.587253 
3769.000000	98.586974 
3768.000000	98.586728 
3767.000000	98.586484 
3766.000000	98.586208 
3765.000000	98.585904 
3764.000000	98.585604 
3763.000000	98.585329 
3762.000000	98.585061 
3761.000000	98.584784 
3760.000000	98.584504 
3759.000000	98.584232 
3758.000000	98.583954 
3757.000000	98.583651 
3756.000000	98.583338 
3755.000000	98.583073 
3754.000000	98.582912 
3753.000000	98.582880 
3752.000000	98.582959 
3751.000000	98.583091 
3750.000000	98.583202 
3749.000000	98.583251 
3748.000000	98.583255 
3747.000000	98.583235 
3746.000000	98.583166 
3745.000000	98.582992 
3744.000000	98.582671 
3743.000000	98.582219 
3742.000000	98.581668 
3741.000000	98.580987 
3740.000000	98.580138 
3739.000000	98.579153 
3738.000000	98.578103 
3737.000000	98.577032 
3736.000000	98.575942 
3735.000000	98.574819 
3734.000000	98.573634 
3733.000000	98.572331 
3732.000000	98.570874 
3731.000000	98.569251 
3730.000000	98.567440 
3729.000000	98.565572 
3728.000000	98.563624 
3727.000000	98.561305 
3726.000000	98.558527 
3725.000000	98.555725 
3724.000000	98.553218 
3723.000000	98.550593 
3722.000000	98.547436 
3721.000000	98.543963 
3720.000000	98.540672 
3719.000000	98.537503 
3718.000000	98.533603 
3717.000000	98.528489 
3716.000000	98.522899 
3715.000000	98.517981 
3714.000000	98.514143 
3713.000000	98.511943 
3712.000000	98.511779 
3711.000000	98.511839 
3710.000000	98.509466 
3709.000000	98.503515 
3708.000000	98.493891 
3707.000000	98.481556 
3706.000000	98.469042 
3705.000000	98.458944 
3704.000000	98.451890 
3703.000000	98.446435 
3702.000000	98.439987 
3701.000000	98.430842 
3700.000000	98.420338 
3699.000000	98.410882 
3698.000000	98.402377 
3697.000000	98.393561 
3696.000000	98.385045 
3695.000000	98.378241 
3694.000000	98.372474 
3693.000000	98.365641 
3692.000000	98.357354 
3691.000000	98.349063 
3690.000000	98.341665 
3689.000000	98.334228 
3688.000000	98.325970 
3687.000000	98.318129 
3686.000000	98.311546 
3685.000000	98.304944 
3684.000000	98.297289 
3683.000000	98.289247 
3682.000000	98.281787 
3681.000000	98.274798 
3680.000000	98.267509 
3679.000000	98.260052 
3678.000000	98.253338 
3677.000000	98.247564 
3676.000000	98.241747 
3675.000000	98.235031 
3674.000000	98.228771 
3673.000000	98.224205 
3672.000000	98.220358 
3671.000000	98.215703 
3670.000000	98.210162 
3669.000000	98.204387 
3668.000000	98.199326 
3667.000000	98.195146 
3666.000000	98.191088 
3665.000000	98.186736 
3664.000000	98.182378 
3663.000000	98.178295 
3662.000000	98.174168 
3661.000000	98.169539 
3660.000000	98.164749 
3659.000000	98.161074 
3658.000000	98.159179 
3657.000000	98.157576 
3656.000000	98.153556 
3655.000000	98.147752 
3654.000000	98.144169 
3653.000000	98.142936 
3652.000000	98.140345 
3651.000000	98.136134 
3650.000000	98.133760 
3649.000000	98.134067 
3648.000000	98.134901 
3647.000000	98.135543 
3646.000000	98.138035 
3645.000000	98.143603 
3644.000000	98.150542 
3643.000000	98.156206 
3642.000000	98.159785 
3641.000000	98.162305 
3640.000000	98.164002 
3639.000000	98.163295 
3638.000000	98.159503 
3637.000000	98.155797 
3636.000000	98.154942 
3635.000000	98.154207 
3634.000000	98.149158 
3633.000000	98.141602 
3632.000000	98.137962 
3631.000000	98.139599 
3630.000000	98.142094 
3629.000000	98.138613 
3628.000000	98.129536 
3627.000000	98.129104 
3626.000000	98.141398 
3625.000000	98.152192 
3624.000000	98.152879 
3623.000000	98.147768 
3622.000000	98.142818 
3621.000000	98.139236 
3620.000000	98.136576 
3619.000000	98.136036 
3618.000000	98.139715 
3617.000000	98.149333 
3616.000000	98.162720 
3615.000000	98.174258 
3614.000000	98.180864 
3613.000000	98.184502 
3612.000000	98.189374 
3611.000000	98.197225 
3610.000000	98.205684 
3609.000000	98.211656 
3608.000000	98.215130 
3607.000000	98.218372 
3606.000000	98.222611 
3605.000000	98.226796 
3604.000000	98.230122 
3603.000000	98.233943 
3602.000000	98.238775 
3601.000000	98.242101 
3600.000000	98.241819 
3599.000000	98.239581 
3598.000000	98.238612 
3597.000000	98.241395 
3596.000000	98.248594 
3595.000000	98.257636 
3594.000000	98.263944 
3593.000000	98.264807 
3592.000000	98.261073 
3591.000000	98.255024 
3590.000000	98.249262 
3589.000000	98.246576 
3588.000000	98.248852 
3587.000000	98.255263 
3586.000000	98.264274 
3585.000000	98.274669 
3584.000000	98.283930 
3583.000000	98.290052 
3582.000000	98.293438 
3581.000000	98.295167 
3580.000000	98.295675 
3579.000000	98.295164 
3578.000000	98.294178 
3577.000000	98.293455 
3576.000000	98.293642 
3575.000000	98.294483 
3574.000000	98.294901 
3573.000000	98.293636 
3572.000000	98.290097 
3571.000000	98.284694 
3570.000000	98.278628 
3569.000000	98.273551 
3568.000000	98.271482 
3567.000000	98.273833 
3566.000000	98.280367 
3565.000000	98.289176 
3564.000000	98.296575 
3563.000000	98.299434 
3562.000000	98.297880 
3561.000000	98.294585 
3560.000000	98.292015 
3559.000000	98.290725 
3558.000000	98.290116 
3557.000000	98.289698 
3556.000000	98.289565 
3555.000000	98.289802 
3554.000000	98.289769 
3553.000000	98.288534 
3552.000000	98.285979 
3551.000000	98.283134 
3550.000000	98.281019 
3549.000000	98.279626 
3548.000000	98.278799 
3547.000000	98.279164 
3546.000000	98.280984 
3545.000000	98.283204 
3544.000000	98.284564 
3543.000000	98.284791 
3542.000000	98.284366 
3541.000000	98.283765 
3540.000000	98.283222 
3539.000000	98.282746 
3538.000000	98.282121 
3537.000000	98.281233 
3536.000000	98.280297 
3535.000000	98.279664 
3534.000000	98.279270 
3533.000000	98.278719 
3532.000000	98.277978 
3531.000000	98.277567 
3530.000000	98.277694 
3529.000000	98.277555 
3528.000000	98.276233 
3527.000000	98.274041 
3526.000000	98.272342 
3525.000000	98.272058 
3524.000000	98.273151 
3523.000000	98.275116 
3522.000000	98.277485 
3521.000000	98.279768 
3520.000000	98.281429 
3519.000000	98.282327 
3518.000000	98.282695 
3517.000000	98.282462 
3516.000000	98.281007 
3515.000000	98.277912 
3514.000000	98.273963 
3513.000000	98.270975 
3512.000000	98.270142 
3511.000000	98.271078 
3510.000000	98.272381 
3509.000000	98.272927 
3508.000000	98.272611 
3507.000000	98.271789 
3506.000000	98.270480 
3505.000000	98.268538 
3504.000000	98.266420 
3503.000000	98.265122 
3502.000000	98.265289 
3501.000000	98.266666 
3500.000000	98.268385 
3499.000000	98.269661 
3498.000000	98.270160 
3497.000000	98.269918 
3496.000000	98.269203 
3495.000000	98.268417 
3494.000000	98.267926 
3493.000000	98.267804 
3492.000000	98.267642 
3491.000000	98.266803 
3490.000000	98.265134 
3489.000000	98.263333 
3488.000000	98.262374 
3487.000000	98.262532 
3486.000000	98.263095 
3485.000000	98.263072 
3484.000000	98.262129 
3483.000000	98.260764 
3482.000000	98.259787 
3481.000000	98.259739 
3480.000000	98.260654 
3479.000000	98.262003 
3478.000000	98.262887 
3477.000000	98.262538 
3476.000000	98.260796 
3475.000000	98.258102 
3474.000000	98.255201 
3473.000000	98.252805 
3472.000000	98.251277 
3471.000000	98.250415 
3470.000000	98.249670 
3469.000000	98.248684 
3468.000000	98.247516 
3467.000000	98.246371 
3466.000000	98.245334 
3465.000000	98.244389 
3464.000000	98.243497 
3463.000000	98.242628 
3462.000000	98.241754 
3461.000000	98.240862 
3460.000000	98.239883 
3459.000000	98.238603 
3458.000000	98.236842 
3457.000000	98.234821 
3456.000000	98.233174 
3455.000000	98.232496 
3454.000000	98.232791 
3453.000000	98.233396 
3452.000000	98.233590 
3451.000000	98.233282 
3450.000000	98.232892 
3449.000000	98.232632 
3448.000000	98.232213 
3447.000000	98.231269 
3446.000000	98.229873 
3445.000000	98.228474 
3444.000000	98.227476 
3443.000000	98.227065 
3442.000000	98.227258 
3441.000000	98.227785 
3440.000000	98.228053 
3439.000000	98.227522 
3438.000000	98.226166 
3437.000000	98.224513 
3436.000000	98.223181 
3435.000000	98.222391 
3434.000000	98.221971 
3433.000000	98.221573 
3432.000000	98.220924 
3431.000000	98.220028 
3430.000000	98.219167 
3429.000000	98.218627 
3428.000000	98.218393 
3427.000000	98.218166 
3426.000000	98.217665 
3425.000000	98.216901 
3424.000000	98.216138 
3423.000000	98.215591 
3422.000000	98.215233 
3421.000000	98.214961 
3420.000000	98.214775 
3419.000000	98.214709 
3418.000000	98.214676 
3417.000000	98.214474 
3416.000000	98.213976 
3415.000000	98.213250 
3414.000000	98.212478 
3413.000000	98.211767 
3412.000000	98.211109 
3411.000000	98.210469 
3410.000000	98.209834 
3409.000000	98.209226 
3408.000000	98.208780 
3407.000000	98.208660 
3406.000000	98.208790 
3405.000000	98.208903 
3404.000000	98.208927 
3403.000000	98.209065 
3402.000000	98.209401 
3401.000000	98.209716 
3400.000000	98.209761 
3399.000000	98.209413 
3398.000000	98.208581 
3397.000000	98.207331 
3396.000000	98.206208 
3395.000000	98.206042 
3394.000000	98.207222 
3393.000000	98.209244 
3392.000000	98.210962 
3391.000000	98.211329 
3390.000000	98.210064 
3389.000000	98.207951 
3388.000000	98.206567 
3387.000000	98.207115 
3386.000000	98.209146 
3385.000000	98.210591 
3384.000000	98.209459 
3383.000000	98.205646 
3382.000000	98.201197 
3381.000000	98.198619 
3380.000000	98.198579 
3379.000000	98.199316 
3378.000000	98.198549 
3377.000000	98.196089 
3376.000000	98.193958 
3375.000000	98.193792 
3374.000000	98.194983 
3373.000000	98.195748 
3372.000000	98.195447 
3371.000000	98.195126 
3370.000000	98.196165 
3369.000000	98.199128 
3368.000000	98.203686 
3367.000000	98.208854 
3366.000000	98.213253 
3365.000000	98.215744 
3364.000000	98.216134 
3363.000000	98.215216 
3362.000000	98.214097 
3361.000000	98.213563 
3360.000000	98.213917 
3359.000000	98.215064 
3358.000000	98.216594 
3357.000000	98.217947 
3356.000000	98.218734 
3355.000000	98.218989 
3354.000000	98.219210 
3353.000000	98.220123 
3352.000000	98.222156 
3351.000000	98.224970 
3350.000000	98.227530 
3349.000000	98.228956 
3348.000000	98.229296 
3347.000000	98.229422 
3346.000000	98.230216 
3345.000000	98.231815 
3344.000000	98.233614 
3343.000000	98.234858 
3342.000000	98.235256 
3341.000000	98.235118 
3340.000000	98.235019 
3339.000000	98.235332 
3338.000000	98.236086 
3337.000000	98.237125 
3336.000000	98.238275 
3335.000000	98.239399 
3334.000000	98.240412 
3333.000000	98.241313 
3332.000000	98.242152 
3331.000000	98.242980 
3330.000000	98.243814 
3329.000000	98.244647 
3328.000000	98.245471 
3327.000000	98.246280 
3326.000000	98.247073 
3325.000000	98.247842 
3324.000000	98.248580 
3323.000000	98.249285 
3322.000000	98.249959 
3321.000000	98.250611 
3320.000000	98.251252 
3319.000000	98.251892 
3318.000000	98.252537 
3317.000000	98.253184 
3316.000000	98.253825 
3315.000000	98.254449 
3314.000000	98.255054 
3313.000000	98.255652 
3312.000000	98.256264 
3311.000000	98.256903 
3310.000000	98.257561 
3309.000000	98.258213 
3308.000000	98.258829 
3307.000000	98.259397 
3306.000000	98.259925 
3305.000000	98.260436 
3304.000000	98.260956 
3303.000000	98.261499 
3302.000000	98.262069 
3301.000000	98.262660 
3300.000000	98.263259 
3299.000000	98.263850 
3298.000000	98.264412 
3297.000000	98.264953 
3296.000000	98.265512 
3295.000000	98.266142 
3294.000000	98.266872 
3293.000000	98.267693 
3292.000000	98.268574 
3291.000000	98.269464 
3290.000000	98.270308 
3289.000000	98.271081 
3288.000000	98.271835 
3287.000000	98.272661 
3286.000000	98.273572 
3285.000000	98.274440 
3284.000000	98.275106 
3283.000000	98.275531 
3282.000000	98.275856 
3281.000000	98.276287 
3280.000000	98.276899 
3279.000000	98.277579 
3278.000000	98.278215 
3277.000000	98.278914 
3276.000000	98.279860 
3275.000000	98.281021 
3274.000000	98.282153 
3273.000000	98.283176 
3272.000000	98.284362 
3271.000000	98.286022 
3270.000000	98.288004 
3269.000000	98.289625 
3268.000000	98.290227 
3267.000000	98.289779 
3266.000000	98.288934 
3265.000000	98.288596 
3264.000000	98.289285 
3263.000000	98.290832 
3262.000000	98.292586 
3261.000000	98.293977 
3260.000000	98.294831 
3259.000000	98.295159 
3258.000000	98.294982 
3257.000000	98.294579 
3256.000000	98.294694 
3255.000000	98.296079 
3254.000000	98.298807 
3253.000000	98.302058 
3252.000000	98.304648 
3251.000000	98.305802 
3250.000000	98.305455 
3249.000000	98.304226 
3248.000000	98.303153 
3247.000000	98.303072 
3246.000000	98.303969 
3245.000000	98.304846 
3244.000000	98.304434 
3243.000000	98.302225 
3242.000000	98.299063 
3241.000000	98.296804 
3240.000000	98.296937 
3239.000000	98.299504 
3238.000000	98.303110 
3237.000000	98.306050 
3236.000000	98.307635 
3235.000000	98.308307 
3234.000000	98.308826 
3233.000000	98.309596 
3232.000000	98.310644 
3231.000000	98.311904 
3230.000000	98.313348 
3229.000000	98.314925 
3228.000000	98.316556 
3227.000000	98.318213 
3226.000000	98.319878 
3225.000000	98.321382 
3224.000000	98.322457 
3223.000000	98.323040 
3222.000000	98.323505 
3221.000000	98.324477 
3220.000000	98.326265 
3219.000000	98.328536 
3218.000000	98.330650 
3217.000000	98.332240 
3216.000000	98.333473 
3215.000000	98.334941 
3214.000000	98.337187 
3213.000000	98.339918 
3212.000000	98.341672 
3211.000000	98.340922 
3210.000000	98.337739 
3209.000000	98.334093 
3208.000000	98.332080 
3207.000000	98.332002 
3206.000000	98.332825 
3205.000000	98.334169 
3204.000000	98.337002 
3203.000000	98.342197 
3202.000000	98.349144 
3201.000000	98.355948 
3200.000000	98.360669 
3199.000000	98.362380 
3198.000000	98.361462 
3197.000000	98.359279 
3196.000000	98.357154 
3195.000000	98.355334 
3194.000000	98.353308 
3193.000000	98.351158 
3192.000000	98.350111 
3191.000000	98.351477 
3190.000000	98.355258 
3189.000000	98.360004 
3188.000000	98.364030 
3187.000000	98.366820 
3186.000000	98.369317 
3185.000000	98.372767 
3184.000000	98.377166 
3183.000000	98.381114 
3182.000000	98.383309 
3181.000000	98.383779 
3180.000000	98.383531 
3179.000000	98.383491 
3178.000000	98.384186 
3177.000000	98.385969 
3176.000000	98.388784 
3175.000000	98.391775 
3174.000000	98.393824 
3173.000000	98.394633 
3172.000000	98.394874 
3171.000000	98.395277 
3170.000000	98.396018 
3169.000000	98.396950 
3168.000000	98.397966 
3167.000000	98.399011 
3166.000000	98.400089 
3165.000000	98.401265 
3164.000000	98.402402 
3163.000000	98.402989 
3162.000000	98.402508 
3161.000000	98.400861 
3160.000000	98.398379 
3159.000000	98.395728 
3158.000000	98.394026 
3157.000000	98.394515 
3156.000000	98.397512 
3155.000000	98.401866 
3154.000000	98.405661 
3153.000000	98.407858 
3152.000000	98.408785 
3151.000000	98.409204 
3150.000000	98.409446 
3149.000000	98.409448 
3148.000000	98.409225 
3147.000000	98.409072 
3146.000000	98.409412 
3145.000000	98.410530 
3144.000000	98.412313 
3143.000000	98.414197 
3142.000000	98.415544 
3141.000000	98.416181 
3140.000000	98.416458 
3139.000000	98.416831 
3138.000000	98.417477 
3137.000000	98.418295 
3136.000000	98.419094 
3135.000000	98.419708 
3134.000000	98.420095 
3133.000000	98.420422 
3132.000000	98.420977 
3131.000000	98.421951 
3130.000000	98.423293 
3129.000000	98.424769 
3128.000000	98.426095 
3127.000000	98.427058 
3126.000000	98.427599 
3125.000000	98.427890 
3124.000000	98.428298 
3123.000000	98.429132 
3122.000000	98.430375 
3121.000000	98.431694 
3120.000000	98.432672 
3119.000000	98.432981 
3118.000000	98.432553 
3117.000000	98.431829 
3116.000000	98.431715 
3115.000000	98.432954 
3114.000000	98.435528 
3113.000000	98.438548 
3112.000000	98.440958 
3111.000000	98.442380 
3110.000000	98.443231 
3109.000000	98.444229 
3108.000000	98.445730 
3107.000000	98.447563 
3106.000000	98.449301 
3105.000000	98.450479 
3104.000000	98.450626 
3103.000000	98.449482 
3102.000000	98.447425 
3101.000000	98.445569 
3100.000000	98.444989 
3099.000000	98.445840 
3098.000000	98.447471 
3097.000000	98.449439 
3096.000000	98.452015 
3095.000000	98.455515 
3094.000000	98.459579 
3093.000000	98.463327 
3092.000000	98.466018 
3091.000000	98.467404 
3090.000000	98.467608 
3089.000000	98.466908 
3088.000000	98.465543 
3087.000000	98.463763 
3086.000000	98.462321 
3085.000000	98.462399 
3084.000000	98.464001 
3083.000000	98.464751 
3082.000000	98.461992 
3081.000000	98.456564 
3080.000000	98.452962 
3079.000000	98.454544 
3078.000000	98.459984 
3077.000000	98.465328 
3076.000000	98.468068 
3075.000000	98.467825 
3074.000000	98.464761 
3073.000000	98.459725 
3072.000000	98.455056 
3071.000000	98.452608 
3070.000000	98.451190 
3069.000000	98.448206 
3068.000000	98.443665 
3067.000000	98.440238 
3066.000000	98.439122 
3065.000000	98.438272 
3064.000000	98.435655 
3063.000000	98.432309 
3062.000000	98.430960 
3061.000000	98.432773 
3060.000000	98.436279 
3059.000000	98.439036 
3058.000000	98.440232 
3057.000000	98.442095 
3056.000000	98.447880 
3055.000000	98.457202 
3054.000000	98.464389 
3053.000000	98.463598 
3052.000000	98.455559 
3051.000000	98.447433 
3050.000000	98.445421 
3049.000000	98.448970 
3048.000000	98.452476 
3047.000000	98.450688 
3046.000000	98.441686 
3045.000000	98.426961 
3044.000000	98.410899 
3043.000000	98.399106 
3042.000000	98.394836 
3041.000000	98.396032 
3040.000000	98.396518 
3039.000000	98.391192 
3038.000000	98.380298 
3037.000000	98.368456 
3036.000000	98.359315 
3035.000000	98.351472 
3034.000000	98.340594 
3033.000000	98.325092 
3032.000000	98.307929 
3031.000000	98.292665 
3030.000000	98.279484 
3029.000000	98.266094 
3028.000000	98.250906 
3027.000000	98.233869 
3026.000000	98.215489 
3025.000000	98.196673 
3024.000000	98.178736 
3023.000000	98.162033 
3022.000000	98.145341 
3021.000000	98.128135 
3020.000000	98.112426 
3019.000000	98.099918 
3018.000000	98.087741 
3017.000000	98.069813 
3016.000000	98.043249 
3015.000000	98.011555 
3014.000000	97.981010 
3013.000000	97.955254 
3012.000000	97.933490 
3011.000000	97.911982 
3010.000000	97.886668 
3009.000000	97.856185 
3008.000000	97.823491 
3007.000000	97.793550 
3006.000000	97.768623 
3005.000000	97.746693 
3004.000000	97.724842 
3003.000000	97.702828 
3002.000000	97.682505 
3001.000000	97.664949 
3000.000000	97.649241 
2999.000000	97.633205 
2998.000000	97.614704 
2997.000000	97.593162 
2996.000000	97.570254 
2995.000000	97.547842 
2994.000000	97.524202 
2993.000000	97.493538 
2992.000000	97.451319 
2991.000000	97.400339 
2990.000000	97.350503 
2989.000000	97.312305 
2988.000000	97.291024 
2987.000000	97.286287 
2986.000000	97.294832 
2985.000000	97.312227 
2984.000000	97.332520 
2983.000000	97.348727 
2982.000000	97.355903 
2981.000000	97.354109 
2980.000000	97.347521 
2979.000000	97.340182 
2978.000000	97.333187 
2977.000000	97.325906 
2976.000000	97.318438 
2975.000000	97.311749 
2974.000000	97.306492 
2973.000000	97.303452 
2972.000000	97.304779 
2971.000000	97.312933 
2970.000000	97.327989 
2969.000000	97.347304 
2968.000000	97.368096 
2967.000000	97.389108 
2966.000000	97.409574 
2965.000000	97.428490 
2964.000000	97.446056 
2963.000000	97.464293 
2962.000000	97.484365 
2961.000000	97.503754 
2960.000000	97.518040 
2959.000000	97.526038 
2958.000000	97.532076 
2957.000000	97.542110 
2956.000000	97.557621 
2955.000000	97.573984 
2954.000000	97.585378 
2953.000000	97.591282 
2952.000000	97.597470 
2951.000000	97.610074 
2950.000000	97.628830 
2949.000000	97.646946 
2948.000000	97.657652 
2947.000000	97.659922 
2946.000000	97.658023 
2945.000000	97.656925 
2944.000000	97.658837 
2943.000000	97.663060 
2942.000000	97.667273 
2941.000000	97.668825 
2940.000000	97.666495 
2939.000000	97.662209 
2938.000000	97.660045 
2937.000000	97.662319 
2936.000000	97.666834 
2935.000000	97.668803 
2934.000000	97.665541 
2933.000000	97.658633 
2932.000000	97.651664 
2931.000000	97.646681 
2930.000000	97.643260 
2929.000000	97.640138 
2928.000000	97.636679 
2927.000000	97.633041 
2926.000000	97.630067 
2925.000000	97.629349 
2924.000000	97.632330 
2923.000000	97.638312 
2922.000000	97.643596 
2921.000000	97.643748 
2920.000000	97.637423 
2919.000000	97.627937 
2918.000000	97.620618 
2917.000000	97.618052 
2916.000000	97.617704 
2915.000000	97.614446 
2914.000000	97.605730 
2913.000000	97.594182 
2912.000000	97.585022 
2911.000000	97.581251 
2910.000000	97.581744 
2909.000000	97.583577 
2908.000000	97.585059 
2907.000000	97.585784 
2906.000000	97.584443 
2905.000000	97.578006 
2904.000000	97.564274 
2903.000000	97.546073 
2902.000000	97.532218 
2901.000000	97.532295 
2900.000000	97.549277 
2899.000000	97.576842 
2898.000000	97.604166 
2897.000000	97.624074 
2896.000000	97.636008 
2895.000000	97.642493 
2894.000000	97.645916 
2893.000000	97.649061 
2892.000000	97.655510 
2891.000000	97.666764 
2890.000000	97.679977 
2889.000000	97.690735 
2888.000000	97.697640 
2887.000000	97.702348 
2886.000000	97.705917 
2885.000000	97.707977 
2884.000000	97.709956 
2883.000000	97.716150 
2882.000000	97.729593 
2881.000000	97.748347 
2880.000000	97.767711 
2879.000000	97.785516 
2878.000000	97.803150 
2877.000000	97.821683 
2876.000000	97.839353 
2875.000000	97.853883 
2874.000000	97.865699 
2873.000000	97.877235 
2872.000000	97.889487 
2871.000000	97.900678 
2870.000000	97.908752 
2869.000000	97.914374 
2868.000000	97.920875 
2867.000000	97.931455 
2866.000000	97.946658 
2865.000000	97.964240 
2864.000000	97.981206 
2863.000000	97.996369 
2862.000000	98.011259 
2861.000000	98.028263 
2860.000000	98.047638 
2859.000000	98.066950 
2858.000000	98.083887 
2857.000000	98.098984 
2856.000000	98.114518 
2855.000000	98.131123 
2854.000000	98.147040 
2853.000000	98.160734 
2852.000000	98.172652 
2851.000000	98.183996 
2850.000000	98.195219 
2849.000000	98.206649 
2848.000000	98.219345 
2847.000000	98.233748 
2846.000000	98.247916 
2845.000000	98.258720 
2844.000000	98.265357 
2843.000000	98.270916 
2842.000000	98.279877 
2841.000000	98.293848 
2840.000000	98.309827 
2839.000000	98.322735 
2838.000000	98.329740 
2837.000000	98.332115 
2836.000000	98.333328 
2835.000000	98.336005 
2834.000000	98.341156 
2833.000000	98.349438 
2832.000000	98.361137 
2831.000000	98.374329 
2830.000000	98.384662 
2829.000000	98.388541 
2828.000000	98.386287 
2827.000000	98.381659 
2826.000000	98.378672 
2825.000000	98.379258 
2824.000000	98.383384 
2823.000000	98.390058 
2822.000000	98.397898 
2821.000000	98.405399 
2820.000000	98.411010 
2819.000000	98.413202 
2818.000000	98.411255 
2817.000000	98.406714 
2816.000000	98.403536 
2815.000000	98.405560 
2814.000000	98.413473 
2813.000000	98.424382 
2812.000000	98.434123 
2811.000000	98.439978 
2810.000000	98.441710 
2809.000000	98.441033 
2808.000000	98.440382 
2807.000000	98.441450 
2806.000000	98.444287 
2805.000000	98.447634 
2804.000000	98.450025 
2803.000000	98.450730 
2802.000000	98.450189 
2801.000000	98.449881 
2800.000000	98.451357 
2799.000000	98.454833 
2798.000000	98.458833 
2797.000000	98.461608 
2796.000000	98.462793 
2795.000000	98.463338 
2794.000000	98.464216 
2793.000000	98.465624 
2792.000000	98.467278 
2791.000000	98.468944 
2790.000000	98.470509 
2789.000000	98.471878 
2788.000000	98.473018 
2787.000000	98.474032 
2786.000000	98.475083 
2785.000000	98.476316 
2784.000000	98.477804 
2783.000000	98.479531 
2782.000000	98.481360 
2781.000000	98.483083 
2780.000000	98.484564 
2779.000000	98.485792 
2778.000000	98.486842 
2777.000000	98.487812 
2776.000000	98.488790 
2775.000000	98.489826 
2774.000000	98.490927 
2773.000000	98.492053 
2772.000000	98.493171 
2771.000000	98.494276 
2770.000000	98.495368 
2769.000000	98.496423 
2768.000000	98.497405 
2767.000000	98.498309 
2766.000000	98.499166 
2765.000000	98.500018 
2764.000000	98.500890 
2763.000000	98.501775 
2762.000000	98.502642 
2761.000000	98.503465 
2760.000000	98.504244 
2759.000000	98.504998 
2758.000000	98.505747 
2757.000000	98.506495 
2756.000000	98.507228 
2755.000000	98.507944 
2754.000000	98.508660 
2753.000000	98.509398 
2752.000000	98.510164 
2751.000000	98.510946 
2750.000000	98.511734 
2749.000000	98.512522 
2748.000000	98.513306 
2747.000000	98.514078 
2746.000000	98.514829 
2745.000000	98.515560 
2744.000000	98.516275 
2743.000000	98.516982 
2742.000000	98.517684 
2741.000000	98.518378 
2740.000000	98.519061 
2739.000000	98.519737 
2738.000000	98.520414 
2737.000000	98.521107 
2736.000000	98.521826 
2735.000000	98.522577 
2734.000000	98.523353 
2733.000000	98.524142 
2732.000000	98.524931 
2731.000000	98.525711 
2730.000000	98.526467 
2729.000000	98.527209 
2728.000000	98.527969 
2727.000000	98.528766 
2726.000000	98.529558 
2725.000000	98.530271 
2724.000000	98.530903 
2723.000000	98.531560 
2722.000000	98.532294 
2721.000000	98.532963 
2720.000000	98.533406 
2719.000000	98.533767 
2718.000000	98.534400 
2717.000000	98.535394 
2716.000000	98.536404 
2715.000000	98.537119 
2714.000000	98.537687 
2713.000000	98.538508 
2712.000000	98.539726 
2711.000000	98.541128 
2710.000000	98.542479 
2709.000000	98.543751 
2708.000000	98.545013 
2707.000000	98.546264 
2706.000000	98.547443 
2705.000000	98.548470 
2704.000000	98.549178 
2703.000000	98.549382 
2702.000000	98.549228 
2701.000000	98.549371 
2700.000000	98.550556 
2699.000000	98.552844 
2698.000000	98.555346 
2697.000000	98.556909 
2696.000000	98.557175 
2695.000000	98.556924 
2694.000000	98.557230 
2693.000000	98.558279 
2692.000000	98.559142 
2691.000000	98.558757 
2690.000000	98.556966 
2689.000000	98.554629 
2688.000000	98.552740 
2687.000000	98.551641 
2686.000000	98.551235 
2685.000000	98.551470 
2684.000000	98.552312 
2683.000000	98.553404 
2682.000000	98.554144 
2681.000000	98.554216 
2680.000000	98.553834 
2679.000000	98.553487 
2678.000000	98.553632 
2677.000000	98.554563 
2676.000000	98.556239 
2675.000000	98.558128 
2674.000000	98.559442 
2673.000000	98.559771 
2672.000000	98.559343 
2671.000000	98.558682 
2670.000000	98.558116 
2669.000000	98.557735 
2668.000000	98.557639 
2667.000000	98.557933 
2666.000000	98.558482 
2665.000000	98.558912 
2664.000000	98.558957 
2663.000000	98.558689 
2662.000000	98.558355 
2661.000000	98.558107 
2660.000000	98.557934 
2659.000000	98.557801 
2658.000000	98.557722 
2657.000000	98.557709 
2656.000000	98.557719 
2655.000000	98.557668 
2654.000000	98.557483 
2653.000000	98.557155 
2652.000000	98.556765 
2651.000000	98.556464 
2650.000000	98.556370 
2649.000000	98.556454 
2648.000000	98.556508 
2647.000000	98.556313 
2646.000000	98.555830 
2645.000000	98.555245 
2644.000000	98.554781 
2643.000000	98.554495 
2642.000000	98.554245 
2641.000000	98.553809 
2640.000000	98.553102 
2639.000000	98.552358 
2638.000000	98.552028 
2637.000000	98.552376 
2636.000000	98.553188 
2635.000000	98.553908 
2634.000000	98.554180 
2633.000000	98.554078 
2632.000000	98.553792 
2631.000000	98.553271 
2630.000000	98.552445 
2629.000000	98.551548 
2628.000000	98.550889 
2627.000000	98.550470 
2626.000000	98.550107 
2625.000000	98.549801 
2624.000000	98.549666 
2623.000000	98.549528 
2622.000000	98.548962 
2621.000000	98.547787 
2620.000000	98.546323 
2619.000000	98.545079 
2618.000000	98.544344 
2617.000000	98.544088 
2616.000000	98.544032 
2615.000000	98.543825 
2614.000000	98.543341 
2613.000000	98.542874 
2612.000000	98.542927 
2611.000000	98.543761 
2610.000000	98.545243 
2609.000000	98.546987 
2608.000000	98.548408 
2607.000000	98.548929 
2606.000000	98.548532 
2605.000000	98.548033 
2604.000000	98.548429 
2603.000000	98.549702 
2602.000000	98.550630 
2601.000000	98.550115 
2600.000000	98.548314 
2599.000000	98.546257 
2598.000000	98.544760 
2597.000000	98.544068 
2596.000000	98.544033 
2595.000000	98.544069 
2594.000000	98.543395 
2593.000000	98.542071 
2592.000000	98.541438 
2591.000000	98.542706 
2590.000000	98.545340 
2589.000000	98.547343 
2588.000000	98.547310 
2587.000000	98.545771 
2586.000000	98.544545 
2585.000000	98.545060 
2584.000000	98.547312 
2583.000000	98.550157 
2582.000000	98.552492 
2581.000000	98.554138 
2580.000000	98.555437 
2579.000000	98.556122 
2578.000000	98.555302 
2577.000000	98.552906 
2576.000000	98.550559 
2575.000000	98.550267 
2574.000000	98.552229 
2573.000000	98.554474 
2572.000000	98.554731 
2571.000000	98.552389 
2570.000000	98.548713 
2569.000000	98.545579 
2568.000000	98.543882 
2567.000000	98.542916 
2566.000000	98.541247 
2565.000000	98.538463 
2564.000000	98.535988 
2563.000000	98.535774 
2562.000000	98.538390 
2561.000000	98.542763 
2560.000000	98.547423 
2559.000000	98.551582 
2558.000000	98.555064 
2557.000000	98.557923 
2556.000000	98.560455 
2555.000000	98.562912 
2554.000000	98.564753 
2553.000000	98.564761 
2552.000000	98.562585 
2551.000000	98.559888 
2550.000000	98.559106 
2549.000000	98.560768 
2548.000000	98.562897 
2547.000000	98.563377 
2546.000000	98.562538 
2545.000000	98.562489 
2544.000000	98.564177 
2543.000000	98.566195 
2542.000000	98.566709 
2541.000000	98.565742 
2540.000000	98.564919 
2539.000000	98.565414 
2538.000000	98.566861 
2537.000000	98.568222 
2536.000000	98.569021 
2535.000000	98.569400 
2534.000000	98.569474 
2533.000000	98.569208 
2532.000000	98.568808 
2531.000000	98.568766 
2530.000000	98.569358 
2529.000000	98.570268 
2528.000000	98.570801 
2527.000000	98.570487 
2526.000000	98.569541 
2525.000000	98.568757 
2524.000000	98.568873 
2523.000000	98.570045 
2522.000000	98.572014 
2521.000000	98.574528 
2520.000000	98.577254 
2519.000000	98.579346 
2518.000000	98.579645 
2517.000000	98.577513 
2516.000000	98.573334 
2515.000000	98.568376 
2514.000000	98.564308 
2513.000000	98.562549 
2512.000000	98.563373 
2511.000000	98.565493 
2510.000000	98.567292 
2509.000000	98.568677 
2508.000000	98.570668 
2507.000000	98.573042 
2506.000000	98.573788 
2505.000000	98.571501 
2504.000000	98.567016 
2503.000000	98.562058 
2502.000000	98.557335 
2501.000000	98.553157 
2500.000000	98.550732 
2499.000000	98.551171 
2498.000000	98.553570 
2497.000000	98.555790 
2496.000000	98.556912 
2495.000000	98.557667 
2494.000000	98.558559 
2493.000000	98.558952 
2492.000000	98.558476 
2491.000000	98.558357 
2490.000000	98.560394 
2489.000000	98.564789 
2488.000000	98.569580 
2487.000000	98.572534 
2486.000000	98.573442 
2485.000000	98.573992 
2484.000000	98.575310 
2483.000000	98.576430 
2482.000000	98.575939 
2481.000000	98.574480 
2480.000000	98.574383 
2479.000000	98.576833 
2478.000000	98.580547 
2477.000000	98.583493 
2476.000000	98.584980 
2475.000000	98.585481 
2474.000000	98.585285 
2473.000000	98.584110 
2472.000000	98.581766 
2471.000000	98.578678 
2470.000000	98.575957 
2469.000000	98.574942 
2468.000000	98.576148 
2467.000000	98.578491 
2466.000000	98.579972 
2465.000000	98.579551 
2464.000000	98.577865 
2463.000000	98.576203 
2462.000000	98.575414 
2461.000000	98.575942 
2460.000000	98.578002 
2459.000000	98.581016 
2458.000000	98.583419 
2457.000000	98.583871 
2456.000000	98.582439 
2455.000000	98.580272 
2454.000000	98.578361 
2453.000000	98.576975 
2452.000000	98.576157 
2451.000000	98.576080 
2450.000000	98.576701 
2449.000000	98.577373 
2448.000000	98.577196 
2447.000000	98.575899 
2446.000000	98.574326 
2445.000000	98.573721 
2444.000000	98.574304 
2443.000000	98.574748 
2442.000000	98.573532 
2441.000000	98.570788 
2440.000000	98.568348 
2439.000000	98.567724 
2438.000000	98.568725 
2437.000000	98.570192 
2436.000000	98.571446 
2435.000000	98.572626 
2434.000000	98.574029 
2433.000000	98.575677 
2432.000000	98.577306 
2431.000000	98.578483 
2430.000000	98.578978 
2429.000000	98.579227 
2428.000000	98.580166 
2427.000000	98.582347 
2426.000000	98.585307 
2425.000000	98.587803 
2424.000000	98.588624 
2423.000000	98.587409 
2422.000000	98.585298 
2421.000000	98.584429 
2420.000000	98.586365 
2419.000000	98.590627 
2418.000000	98.594958 
2417.000000	98.597708 
2416.000000	98.599215 
2415.000000	98.600101 
2414.000000	98.599494 
2413.000000	98.596565 
2412.000000	98.592893 
2411.000000	98.591265 
2410.000000	98.592580 
2409.000000	98.595536 
2408.000000	98.598885 
2407.000000	98.601955 
2406.000000	98.603510 
2405.000000	98.602476 
2404.000000	98.599699 
2403.000000	98.597193 
2402.000000	98.595804 
2401.000000	98.595027 
2400.000000	98.594927 
2399.000000	98.596717 
2398.000000	98.601166 
2397.000000	98.607401 
2396.000000	98.613238 
2395.000000	98.616248 
2394.000000	98.615311 
2393.000000	98.612244 
2392.000000	98.611099 
2391.000000	98.614639 
2390.000000	98.621536 
2389.000000	98.628085 
2388.000000	98.632090 
2387.000000	98.634230 
2386.000000	98.636238 
2385.000000	98.638995 
2384.000000	98.642381 
2383.000000	98.645255 
2382.000000	98.645140 
2381.000000	98.639526 
2380.000000	98.628274 
2379.000000	98.614238 
2378.000000	98.601157 
2377.000000	98.591392 
2376.000000	98.585999 
2375.000000	98.585527 
2374.000000	98.589350 
2373.000000	98.595139 
2372.000000	98.600701 
2371.000000	98.605988 
2370.000000	98.611816 
2369.000000	98.617166 
2368.000000	98.619478 
2367.000000	98.617597 
2366.000000	98.612985 
2365.000000	98.608373 
2364.000000	98.605918 
2363.000000	98.606353 
2362.000000	98.609174 
2361.000000	98.613064 
2360.000000	98.616743 
2359.000000	98.619542 
2358.000000	98.621004 
2357.000000	98.621023 
2356.000000	98.620129 
2355.000000	98.619232 
2354.000000	98.618780 
2353.000000	98.619133 
2352.000000	98.620573 
2351.000000	98.622728 
2350.000000	98.624844 
2349.000000	98.626466 
2348.000000	98.627742 
2347.000000	98.628981 
2346.000000	98.630474 
2345.000000	98.632332 
2344.000000	98.634495 
2343.000000	98.636821 
2342.000000	98.639151 
2341.000000	98.641416 
2340.000000	98.643650 
2339.000000	98.645955 
2338.000000	98.648305 
2337.000000	98.650497 
2336.000000	98.652611 
2335.000000	98.655029 
2334.000000	98.657811 
2333.000000	98.660309 
2332.000000	98.662506 
2331.000000	98.665088 
2330.000000	98.668813 
2329.000000	98.673159 
2328.000000	98.677893 
2327.000000	98.682548 
2326.000000	98.686171 
2325.000000	98.687931 
2324.000000	98.689298 
2323.000000	98.692514 
2322.000000	98.696571 
2321.000000	98.697828 
2320.000000	98.696084 
2319.000000	98.694353 
2318.000000	98.694442 
2317.000000	98.692574 
2316.000000	98.686928 
2315.000000	98.680243 
2314.000000	98.679560 
2313.000000	98.687140 
2312.000000	98.701879 
2311.000000	98.718713 
2310.000000	98.732797 
2309.000000	98.739460 
2308.000000	98.740140 
2307.000000	98.739690 
2306.000000	98.742254 
2305.000000	98.746493 
2304.000000	98.750219 
2303.000000	98.751509 
2302.000000	98.750737 
2301.000000	98.748066 
2300.000000	98.744807 
2299.000000	98.739726 
2298.000000	98.730769 
2297.000000	98.714990 
2296.000000	98.694647 
2295.000000	98.675413 
2294.000000	98.662021 
2293.000000	98.653096 
2292.000000	98.644684 
2291.000000	98.634481 
2290.000000	98.623159 
2289.000000	98.612864 
2288.000000	98.605310 
2287.000000	98.600455 
2286.000000	98.595958 
2285.000000	98.590441 
2284.000000	98.585865 
2283.000000	98.585337 
2282.000000	98.587363 
2281.000000	98.586040 
2280.000000	98.577350 
2279.000000	98.563611 
2278.000000	98.550322 
2277.000000	98.540942 
2276.000000	98.535776 
2275.000000	98.533279 
2274.000000	98.531713 
2273.000000	98.531161 
2272.000000	98.534454 
2271.000000	98.543082 
2270.000000	98.552763 
2269.000000	98.556474 
2268.000000	98.552722 
2267.000000	98.547029 
2266.000000	98.545043 
2265.000000	98.547015 
2264.000000	98.549576 
2263.000000	98.549512 
2262.000000	98.544941 
2261.000000	98.536052 
2260.000000	98.525826 
2259.000000	98.518252 
2258.000000	98.514554 
2257.000000	98.512884 
2256.000000	98.511584 
2255.000000	98.510882 
2254.000000	98.510972 
2253.000000	98.510391 
2252.000000	98.507677 
2251.000000	98.503196 
2250.000000	98.498418 
2249.000000	98.494323 
2248.000000	98.491520 
2247.000000	98.490746 
2246.000000	98.492108 
2245.000000	98.494355 
2244.000000	98.495770 
2243.000000	98.495605 
2242.000000	98.494147 
2241.000000	98.492031 
2240.000000	98.490001 
2239.000000	98.488679 
2238.000000	98.488116 
2237.000000	98.487784 
2236.000000	98.487168 
2235.000000	98.486236 
2234.000000	98.485189 
2233.000000	98.484131 
2232.000000	98.483049 
2231.000000	98.481909 
2230.000000	98.480690 
2229.000000	98.479405 
2228.000000	98.478101 
2227.000000	98.476821 
2226.000000	98.475574 
2225.000000	98.474333 
2224.000000	98.473049 
2223.000000	98.471690 
2222.000000	98.470268 
2221.000000	98.468814 
2220.000000	98.467360 
2219.000000	98.465915 
2218.000000	98.464471 
2217.000000	98.463008 
2216.000000	98.461513 
2215.000000	98.459982 
2214.000000	98.458422 
2213.000000	98.456848 
2212.000000	98.455275 
2211.000000	98.453721 
2210.000000	98.452203 
2209.000000	98.450727 
2208.000000	98.449295 
2207.000000	98.447896 
2206.000000	98.446508 
2205.000000	98.445091 
2204.000000	98.443602 
2203.000000	98.442018 
2202.000000	98.440342 
2201.000000	98.438605 
2200.000000	98.436837 
2199.000000	98.435069 
2198.000000	98.433323 
2197.000000	98.431617 
2196.000000	98.429967 
2195.000000	98.428378 
2194.000000	98.426839 
2193.000000	98.425323 
2192.000000	98.423806 
2191.000000	98.422284 
2190.000000	98.420783 
2189.000000	98.419350 
2188.000000	98.418023 
2187.000000	98.416795 
2186.000000	98.415608 
2185.000000	98.414393 
2184.000000	98.413150 
2183.000000	98.411836 
2182.000000	98.410490 
2181.000000	98.409285 
2180.000000	98.408197 
2179.000000	98.406958 
2178.000000	98.405525 
2177.000000	98.404317 
2176.000000	98.403748 
2175.000000	98.403744 
2174.000000	98.403854 
2173.000000	98.403794 
2172.000000	98.403877 
2171.000000	98.404796 
2170.000000	98.406857 
2169.000000	98.409514 
2168.000000	98.411883 
2167.000000	98.413687 
2166.000000	98.415279 
2165.000000	98.416699 
2164.000000	98.417130 
2163.000000	98.415589 
2162.000000	98.411976 
2161.000000	98.407712 
2160.000000	98.405582 
2159.000000	98.408302 
2158.000000	98.416358 
2157.000000	98.426783 
2156.000000	98.435269 
2155.000000	98.439455 
2154.000000	98.439373 
2153.000000	98.436313 
2152.000000	98.432108 
2151.000000	98.428546 
2150.000000	98.426326 
2149.000000	98.424906 
2148.000000	98.423987 
2147.000000	98.424186 
2146.000000	98.425222 
2145.000000	98.425153 
2144.000000	98.423671 
2143.000000	98.424823 
2142.000000	98.433330 
2141.000000	98.448293 
2140.000000	98.463434 
2139.000000	98.473981 
2138.000000	98.480701 
2137.000000	98.487164 
2136.000000	98.494628 
2135.000000	98.500285 
2134.000000	98.500167 
2133.000000	98.493940 
2132.000000	98.487105 
2131.000000	98.487456 
2130.000000	98.498457 
2129.000000	98.516200 
2128.000000	98.532945 
2127.000000	98.543675 
2126.000000	98.548442 
2125.000000	98.549809 
2124.000000	98.549864 
2123.000000	98.549173 
2122.000000	98.547177 
2121.000000	98.543452 
2120.000000	98.539061 
2119.000000	98.536042 
2118.000000	98.534828 
2117.000000	98.533002 
2116.000000	98.527653 
2115.000000	98.518478 
2114.000000	98.507870 
2113.000000	98.499013 
2112.000000	98.494142 
2111.000000	98.493383 
2110.000000	98.494740 
2109.000000	98.496389 
2108.000000	98.499498 
2107.000000	98.506748 
2106.000000	98.517354 
2105.000000	98.526102 
2104.000000	98.528994 
2103.000000	98.527416 
2102.000000	98.524789 
2101.000000	98.521554 
2100.000000	98.516519 
2099.000000	98.511446 
2098.000000	98.510357 
2097.000000	98.514022 
2096.000000	98.518294 
2095.000000	98.518971 
2094.000000	98.516025 
2093.000000	98.512385 
2092.000000	98.510483 
2091.000000	98.510781 
2090.000000	98.512187 
2089.000000	98.512821 
2088.000000	98.511013 
2087.000000	98.506451 
2086.000000	98.500375 
2085.000000	98.494736 
2084.000000	98.491224 
2083.000000	98.490380 
2082.000000	98.491239 
2081.000000	98.492285 
2080.000000	98.493316 
2079.000000	98.495598 
2078.000000	98.499378 
2077.000000	98.502185 
2076.000000	98.501170 
2075.000000	98.496691 
2074.000000	98.491699 
2073.000000	98.487606 
2072.000000	98.482482 
2071.000000	98.474114 
2070.000000	98.463383 
2069.000000	98.453889 
2068.000000	98.448809 
2067.000000	98.448412 
2066.000000	98.450126 
2065.000000	98.450256 
2064.000000	98.446584 
2063.000000	98.439650 
2062.000000	98.431808 
2061.000000	98.425356 
2060.000000	98.421626 
2059.000000	98.421258 
2058.000000	98.423841 
2057.000000	98.427280 
2056.000000	98.428532 
2055.000000	98.425454 
2054.000000	98.418049 
2053.000000	98.408476 
2052.000000	98.399875 
2051.000000	98.394164 
2050.000000	98.391013 
2049.000000	98.388632 
2048.000000	98.385927 
2047.000000	98.383588 
2046.000000	98.382690 
2045.000000	98.383200 
2044.000000	98.384459 
2043.000000	98.385866 
2042.000000	98.386563 
2041.000000	98.385727 
2040.000000	98.384266 
2039.000000	98.385013 
2038.000000	98.389404 
2037.000000	98.394805 
2036.000000	98.397140 
2035.000000	98.395841 
2034.000000	98.394401 
2033.000000	98.396148 
2032.000000	98.400879 
2031.000000	98.405085 
2030.000000	98.403845 
2029.000000	98.393755 
2028.000000	98.376501 
2027.000000	98.359201 
2026.000000	98.348779 
2025.000000	98.346738 
2024.000000	98.350690 
2023.000000	98.359435 
2022.000000	98.373334 
2021.000000	98.389148 
2020.000000	98.398874 
2019.000000	98.396346 
2018.000000	98.383751 
2017.000000	98.370710 
2016.000000	98.366070 
2015.000000	98.370358 
2014.000000	98.376301 
2013.000000	98.376786 
2012.000000	98.373504 
2011.000000	98.376775 
2010.000000	98.394761 
2009.000000	98.423298 
2008.000000	98.448100 
2007.000000	98.458785 
2006.000000	98.458333 
2005.000000	98.458929 
2004.000000	98.470337 
2003.000000	98.491699 
2002.000000	98.512030 
2001.000000	98.517175 
2000.000000	98.499990 
1999.000000	98.465525 
1998.000000	98.427267 
1997.000000	98.397459 
1996.000000	98.380171 
1995.000000	98.373188 
1994.000000	98.372738 
1993.000000	98.375030 
1992.000000	98.375990 
1991.000000	98.373930 
1990.000000	98.372621 
1989.000000	98.378130 
1988.000000	98.391173 
1987.000000	98.403972 
1986.000000	98.406616 
1985.000000	98.396715 
1984.000000	98.381476 
1983.000000	98.370462 
1982.000000	98.367523 
1981.000000	98.369699 
1980.000000	98.372268 
1979.000000	98.372639 
1978.000000	98.369865 
1977.000000	98.363699 
1976.000000	98.355448 
1975.000000	98.348888 
1974.000000	98.348386 
1973.000000	98.355599 
1972.000000	98.367645 
1971.000000	98.378909 
1970.000000	98.384746 
1969.000000	98.383715 
1968.000000	98.376929 
1967.000000	98.366610 
1966.000000	98.356087 
1965.000000	98.349942 
1964.000000	98.351933 
1963.000000	98.362263 
1962.000000	98.377341 
1961.000000	98.391547 
1960.000000	98.400044 
1959.000000	98.401244 
1958.000000	98.398065 
1957.000000	98.397081 
1956.000000	98.403367 
1955.000000	98.415370 
1954.000000	98.426352 
1953.000000	98.432022 
1952.000000	98.433861 
1951.000000	98.434278 
1950.000000	98.432818 
1949.000000	98.429119 
1948.000000	98.426745 
1947.000000	98.429594 
1946.000000	98.435868 
1945.000000	98.439439 
1944.000000	98.436555 
1943.000000	98.428238 
1942.000000	98.417348 
1941.000000	98.406732 
1940.000000	98.399876 
1939.000000	98.399241 
1938.000000	98.403829 
1937.000000	98.410755 
1936.000000	98.418821 
1935.000000	98.427860 
1934.000000	98.435366 
1933.000000	98.438486 
1932.000000	98.439013 
1931.000000	98.442890 
1930.000000	98.453254 
1929.000000	98.465880 
1928.000000	98.474541 
1927.000000	98.476854 
1926.000000	98.474606 
1925.000000	98.470751 
1924.000000	98.467615 
1923.000000	98.467570 
1922.000000	98.471227 
1921.000000	98.477273 
1920.000000	98.484897 
1919.000000	98.494273 
1918.000000	98.503363 
1917.000000	98.507402 
1916.000000	98.505155 
1915.000000	98.501312 
1914.000000	98.500558 
1913.000000	98.503393 
1912.000000	98.507515 
1911.000000	98.511474 
1910.000000	98.514636 
1909.000000	98.515553 
1908.000000	98.514136 
1907.000000	98.512720 
1906.000000	98.513692 
1905.000000	98.516251 
1904.000000	98.517162 
1903.000000	98.515641 
1902.000000	98.513531 
1901.000000	98.512284 
1900.000000	98.512046 
1899.000000	98.512532 
1898.000000	98.513660 
1897.000000	98.515219 
1896.000000	98.516454 
1895.000000	98.516658 
1894.000000	98.515232 
1893.000000	98.511951 
1892.000000	98.507753 
1891.000000	98.504849 
1890.000000	98.505041 
1889.000000	98.508015 
1888.000000	98.512169 
1887.000000	98.516441 
1886.000000	98.520145 
1885.000000	98.522171 
1884.000000	98.521727 
1883.000000	98.519522 
1882.000000	98.517409 
1881.000000	98.516852 
1880.000000	98.518143 
1879.000000	98.520526 
1878.000000	98.522709 
1877.000000	98.523922 
1876.000000	98.524384 
1875.000000	98.524874 
1874.000000	98.525875 
1873.000000	98.527123 
1872.000000	98.528084 
1871.000000	98.528536 
1870.000000	98.528607 
1869.000000	98.528534 
1868.000000	98.528628 
1867.000000	98.529235 
1866.000000	98.530352 
1865.000000	98.531605 
1864.000000	98.532722 
1863.000000	98.533786 
1862.000000	98.534937 
1861.000000	98.536020 
1860.000000	98.536813 
1859.000000	98.537524 
1858.000000	98.538662 
1857.000000	98.540377 
1856.000000	98.542262 
1855.000000	98.543855 
1854.000000	98.545070 
1853.000000	98.545968 
1852.000000	98.546873 
1851.000000	98.548239 
1850.000000	98.549992 
1849.000000	98.551637 
1848.000000	98.552799 
1847.000000	98.553626 
1846.000000	98.554327 
1845.000000	98.554965 
1844.000000	98.555844 
1843.000000	98.557882 
1842.000000	98.561531 
1841.000000	98.565368 
1840.000000	98.568160 
1839.000000	98.570415 
1838.000000	98.572864 
1837.000000	98.574431 
1836.000000	98.573537 
1835.000000	98.571152 
1834.000000	98.569814 
1833.000000	98.570217 
1832.000000	98.571146 
1831.000000	98.571506 
1830.000000	98.571332 
1829.000000	98.571432 
1828.000000	98.572348 
1827.000000	98.574170 
1826.000000	98.577034 
1825.000000	98.580979 
1824.000000	98.584565 
1823.000000	98.586344 
1822.000000	98.586385 
1821.000000	98.585413 
1820.000000	98.584110 
1819.000000	98.583007 
1818.000000	98.582833 
1817.000000	98.583088 
1816.000000	98.581806 
1815.000000	98.578752 
1814.000000	98.576028 
1813.000000	98.575788 
1812.000000	98.577762 
1811.000000	98.579802 
1810.000000	98.580948 
1809.000000	98.581314 
1808.000000	98.580968 
1807.000000	98.580346 
1806.000000	98.580307 
1805.000000	98.581064 
1804.000000	98.581891 
1803.000000	98.582472 
1802.000000	98.582933 
1801.000000	98.583232 
1800.000000	98.582883 
1799.000000	98.581714 
1798.000000	98.580626 
1797.000000	98.580118 
1796.000000	98.579976 
1795.000000	98.580008 
1794.000000	98.580361 
1793.000000	98.581261 
1792.000000	98.582453 
1791.000000	98.583504 
1790.000000	98.584372 
1789.000000	98.584928 
1788.000000	98.585111 
1787.000000	98.585128 
1786.000000	98.585200 
1785.000000	98.585235 
1784.000000	98.585108 
1783.000000	98.585013 
1782.000000	98.585121 
1781.000000	98.585442 
1780.000000	98.585867 
1779.000000	98.586276 
1778.000000	98.586644 
1777.000000	98.586984 
1776.000000	98.587312 
1775.000000	98.587625 
1774.000000	98.587926 
1773.000000	98.588232 
1772.000000	98.588548 
1771.000000	98.588887 
1770.000000	98.589253 
1769.000000	98.589634 
1768.000000	98.590015 
1767.000000	98.590378 
1766.000000	98.590717 
1765.000000	98.591040 
1764.000000	98.591362 
1763.000000	98.591696 
1762.000000	98.592044 
1761.000000	98.592392 
1760.000000	98.592724 
1759.000000	98.593039 
1758.000000	98.593347 
1757.000000	98.593666 
1756.000000	98.594006 
1755.000000	98.594361 
1754.000000	98.594714 
1753.000000	98.595047 
1752.000000	98.595355 
1751.000000	98.595641 
1750.000000	98.595909 
1749.000000	98.596164 
1748.000000	98.596415 
1747.000000	98.596671 
1746.000000	98.596939 
1745.000000	98.597219 
1744.000000	98.597509 
1743.000000	98.597799 
1742.000000	98.598074 
1741.000000	98.598317 
1740.000000	98.598525 
1739.000000	98.598710 
1738.000000	98.598884 
1737.000000	98.599042 
1736.000000	98.599176 
1735.000000	98.599289 
1734.000000	98.599387 
1733.000000	98.599470 
1732.000000	98.599544 
1731.000000	98.599614 
1730.000000	98.599674 
1729.000000	98.599710 
1728.000000	98.599704 
1727.000000	98.599651 
1726.000000	98.599566 
1725.000000	98.599472 
1724.000000	98.599381 
1723.000000	98.599285 
1722.000000	98.599159 
1721.000000	98.598979 
1720.000000	98.598730 
1719.000000	98.598418 
1718.000000	98.598064 
1717.000000	98.597673 
1716.000000	98.597225 
1715.000000	98.596691 
1714.000000	98.596058 
1713.000000	98.595317 
1712.000000	98.594458 
1711.000000	98.593490 
1710.000000	98.592435 
1709.000000	98.591307 
1708.000000	98.590102 
1707.000000	98.588816 
1706.000000	98.587462 
1705.000000	98.586054 
1704.000000	98.584585 
1703.000000	98.583033 
1702.000000	98.581379 
1701.000000	98.579636 
1700.000000	98.577787 
1699.000000	98.575859 
1698.000000	98.573979 
1697.000000	98.572132 
1696.000000	98.570212 
1695.000000	98.568096 
1694.000000	98.565841 
1693.000000	98.563485 
1692.000000	98.560966 
1691.000000	98.558343 
1690.000000	98.555727 
1689.000000	98.553146 
1688.000000	98.550573 
1687.000000	98.547918 
1686.000000	98.545148 
1685.000000	98.542412 
1684.000000	98.539781 
1683.000000	98.537210 
1682.000000	98.534715 
1681.000000	98.532099 
1680.000000	98.529336 
1679.000000	98.526544 
1678.000000	98.523657 
1677.000000	98.520589 
1676.000000	98.517418 
1675.000000	98.514230 
1674.000000	98.511000 
1673.000000	98.507778 
1672.000000	98.504591 
1671.000000	98.501465 
1670.000000	98.498420 
1669.000000	98.495319 
1668.000000	98.492178 
1667.000000	98.489171 
1666.000000	98.486270 
1665.000000	98.483310 
1664.000000	98.480315 
1663.000000	98.477652 
1662.000000	98.475290 
1661.000000	98.472646 
1660.000000	98.469605 
1659.000000	98.466222 
1658.000000	98.462519 
1657.000000	98.458785 
1656.000000	98.455528 
1655.000000	98.452895 
1654.000000	98.451805 
1653.000000	98.449820 
1652.000000	98.443825 
1651.000000	98.440047 
1650.000000	98.438323 
1649.000000	98.435430 
1648.000000	98.432897 
1647.000000	98.432502 
1646.000000	98.432443 
1645.000000	98.431247 
1644.000000	98.429572 
1643.000000	98.427985 
1642.000000	98.426389 
1641.000000	98.424489 
1640.000000	98.423153 
1639.000000	98.422889 
1638.000000	98.423299 
1637.000000	98.423391 
1636.000000	98.421983 
1635.000000	98.417100 
1634.000000	98.411601 
1633.000000	98.409311 
1632.000000	98.407645 
1631.000000	98.406024 
1630.000000	98.405263 
1629.000000	98.405022 
1628.000000	98.404706 
1627.000000	98.405264 
1626.000000	98.406450 
1625.000000	98.406911 
1624.000000	98.407878 
1623.000000	98.411930 
1622.000000	98.418360 
1621.000000	98.424083 
1620.000000	98.427917 
1619.000000	98.430054 
1618.000000	98.431668 
1617.000000	98.432232 
1616.000000	98.431976 
1615.000000	98.435002 
1614.000000	98.441237 
1613.000000	98.445689 
1612.000000	98.446511 
1611.000000	98.445878 
1610.000000	98.445444 
1609.000000	98.445865 
1608.000000	98.448737 
1607.000000	98.454862 
1606.000000	98.461202 
1605.000000	98.464649 
1604.000000	98.466402 
1603.000000	98.468375 
1602.000000	98.470539 
1601.000000	98.472285 
1600.000000	98.474206 
1599.000000	98.476829 
1598.000000	98.479450 
1597.000000	98.481536 
1596.000000	98.483578 
1595.000000	98.486237 
1594.000000	98.489341 
1593.000000	98.492317 
1592.000000	98.495061 
1591.000000	98.497805 
1590.000000	98.500595 
1589.000000	98.503366 
1588.000000	98.506183 
1587.000000	98.509103 
1586.000000	98.511979 
1585.000000	98.514552 
1584.000000	98.516911 
1583.000000	98.519305 
1582.000000	98.521629 
1581.000000	98.523762 
1580.000000	98.526036 
1579.000000	98.528744 
1578.000000	98.531478 
1577.000000	98.533721 
1576.000000	98.535249 
1575.000000	98.536741 
1574.000000	98.538995 
1573.000000	98.541415 
1572.000000	98.543296 
1571.000000	98.544908 
1570.000000	98.546480 
1569.000000	98.547565 
1568.000000	98.548991 
1567.000000	98.551213 
1566.000000	98.552974 
1565.000000	98.553522 
1564.000000	98.553722 
1563.000000	98.554149 
1562.000000	98.553763 
1561.000000	98.551662 
1560.000000	98.551506 
1559.000000	98.555930 
1558.000000	98.557926 
1557.000000	98.557134 
1556.000000	98.556609 
1555.000000	98.556358 
1554.000000	98.556031 
1553.000000	98.555307 
1552.000000	98.554358 
1551.000000	98.552856 
1550.000000	98.551158 
1549.000000	98.549220 
1548.000000	98.546762 
1547.000000	98.544156 
1546.000000	98.541572 
1545.000000	98.539529 
1544.000000	98.538036 
1543.000000	98.536124 
1542.000000	98.533372 
1541.000000	98.530430 
1540.000000	98.526521 
1539.000000	98.521241 
1538.000000	98.517118 
1537.000000	98.514254 
1536.000000	98.510050 
1535.000000	98.504688 
1534.000000	98.500309 
1533.000000	98.498056 
1532.000000	98.496616 
1531.000000	98.494016 
1530.000000	98.489829 
1529.000000	98.484632 
1528.000000	98.479314 
1527.000000	98.474795 
1526.000000	98.471046 
1525.000000	98.467198 
1524.000000	98.462539 
1523.000000	98.457064 
1522.000000	98.452149 
1521.000000	98.447914 
1520.000000	98.442736 
1519.000000	98.435777 
1518.000000	98.427421 
1517.000000	98.420357 
1516.000000	98.416213 
1515.000000	98.413539 
1514.000000	98.410120 
1513.000000	98.405179 
1512.000000	98.398748 
1511.000000	98.390903 
1510.000000	98.382658 
1509.000000	98.375388 
1508.000000	98.371853 
1507.000000	98.371769 
1506.000000	98.366808 
1505.000000	98.355694 
1504.000000	98.345556 
1503.000000	98.336153 
1502.000000	98.325734 
1501.000000	98.315110 
1500.000000	98.305816 
1499.000000	98.298446 
1498.000000	98.293236 
1497.000000	98.290649 
1496.000000	98.288462 
1495.000000	98.285469 
1494.000000	98.282929 
1493.000000	98.280647 
1492.000000	98.278080 
1491.000000	98.276834 
1490.000000	98.278797 
1489.000000	98.280944 
1488.000000	98.277514 
1487.000000	98.268753 
1486.000000	98.259902 
1485.000000	98.251723 
1484.000000	98.243083 
1483.000000	98.234157 
1482.000000	98.226179 
1481.000000	98.219797 
1480.000000	98.213120 
1479.000000	98.205314 
1478.000000	98.197935 
1477.000000	98.193039 
1476.000000	98.189151 
1475.000000	98.184034 
1474.000000	98.177955 
1473.000000	98.174253 
1472.000000	98.174194 
1471.000000	98.174494 
1470.000000	98.173144 
1469.000000	98.169090 
1468.000000	98.161844 
1467.000000	98.152938 
1466.000000	98.145230 
1465.000000	98.140501 
1464.000000	98.138092 
1463.000000	98.134273 
1462.000000	98.127282 
1461.000000	98.118387 
1460.000000	98.110640 
1459.000000	98.106197 
1458.000000	98.105301 
1457.000000	98.104369 
1456.000000	98.097850 
1455.000000	98.088062 
1454.000000	98.076584 
1453.000000	98.064864 
1452.000000	98.057391 
1451.000000	98.055366 
1450.000000	98.057350 
1449.000000	98.062386 
1448.000000	98.068887 
1447.000000	98.073800 
1446.000000	98.072956 
1445.000000	98.067365 
1444.000000	98.062699 
1443.000000	98.059227 
1442.000000	98.055894 
1441.000000	98.053429 
1440.000000	98.052919 
1439.000000	98.050922 
1438.000000	98.046756 
1437.000000	98.046107 
1436.000000	98.049404 
1435.000000	98.050289 
1434.000000	98.047128 
1433.000000	98.043936 
1432.000000	98.043750 
1431.000000	98.044512 
1430.000000	98.041425 
1429.000000	98.033991 
1428.000000	98.023797 
1427.000000	98.013453 
1426.000000	98.003534 
1425.000000	97.997228 
1424.000000	97.999008 
1423.000000	98.002676 
1422.000000	97.999175 
1421.000000	97.987453 
1420.000000	97.975254 
1419.000000	97.966343 
1418.000000	97.956040 
1417.000000	97.942717 
1416.000000	97.927291 
1415.000000	97.908553 
1414.000000	97.885078 
1413.000000	97.860116 
1412.000000	97.840005 
1411.000000	97.826334 
1410.000000	97.815494 
1409.000000	97.804676 
1408.000000	97.793799 
1407.000000	97.786489 
1406.000000	97.786587 
1405.000000	97.796330 
1404.000000	97.814872 
1403.000000	97.834583 
1402.000000	97.849206 
1401.000000	97.860978 
1400.000000	97.877898 
1399.000000	97.900519 
1398.000000	97.916001 
1397.000000	97.911595 
1396.000000	97.888594 
1395.000000	97.864125 
1394.000000	97.856959 
1393.000000	97.873186 
1392.000000	97.905189 
1391.000000	97.939085 
1390.000000	97.964690 
1389.000000	97.979633 
1388.000000	97.986683 
1387.000000	97.988396 
1386.000000	97.985144 
1385.000000	97.978956 
1384.000000	97.975512 
1383.000000	97.979256 
1382.000000	97.990615 
1381.000000	98.006253 
1380.000000	98.022334 
1379.000000	98.037069 
1378.000000	98.049779 
1377.000000	98.060973 
1376.000000	98.073443 
1375.000000	98.091307 
1374.000000	98.115048 
1373.000000	98.140518 
1372.000000	98.163618 
1371.000000	98.183668 
1370.000000	98.201354 
1369.000000	98.217412 
1368.000000	98.232931 
1367.000000	98.247510 
1366.000000	98.260572 
1365.000000	98.273639 
1364.000000	98.290250 
1363.000000	98.311674 
1362.000000	98.333640 
1361.000000	98.350770 
1360.000000	98.362924 
1359.000000	98.373440 
1358.000000	98.384133 
1357.000000	98.395153 
1356.000000	98.407420 
1355.000000	98.421727 
1354.000000	98.436726 
1353.000000	98.450079 
1352.000000	98.460418 
1351.000000	98.469127 
1350.000000	98.477873 
1349.000000	98.486561 
1348.000000	98.495064 
1347.000000	98.503510 
1346.000000	98.512337 
1345.000000	98.520550 
1344.000000	98.525914 
1343.000000	98.526867 
1342.000000	98.525225 
1341.000000	98.526051 
1340.000000	98.533544 
1339.000000	98.545946 
1338.000000	98.557349 
1337.000000	98.564666 
1336.000000	98.568719 
1335.000000	98.569907 
1334.000000	98.567547 
1333.000000	98.563224 
1332.000000	98.561286 
1331.000000	98.564427 
1330.000000	98.570427 
1329.000000	98.574810 
1328.000000	98.575408 
1327.000000	98.573515 
1326.000000	98.571473 
1325.000000	98.570608 
1324.000000	98.570669 
1323.000000	98.569713 
1322.000000	98.566425 
1321.000000	98.562748 
1320.000000	98.562701 
1319.000000	98.567558 
1318.000000	98.574044 
1317.000000	98.578404 
1316.000000	98.580468 
1315.000000	98.582396 
1314.000000	98.585513 
1313.000000	98.589764 
1312.000000	98.594558 
1311.000000	98.598687 
1310.000000	98.600385 
1309.000000	98.598907 
1308.000000	98.595564 
1307.000000	98.592865 
1306.000000	98.592714 
1305.000000	98.595856 
1304.000000	98.601774 
1303.000000	98.607734 
1302.000000	98.609839 
1301.000000	98.606341 
1300.000000	98.599650 
1299.000000	98.594265 
1298.000000	98.593209 
1297.000000	98.596465 
1296.000000	98.601746 
1295.000000	98.605971 
1294.000000	98.607021 
1293.000000	98.605173 
1292.000000	98.602427 
1291.000000	98.600387 
1290.000000	98.599465 
1289.000000	98.599868 
1288.000000	98.601694 
1287.000000	98.603709 
1286.000000	98.603670 
1285.000000	98.600820 
1284.000000	98.596917 
1283.000000	98.594236 
1282.000000	98.593409 
1281.000000	98.593573 
1280.000000	98.593760 
1279.000000	98.593373 
1278.000000	98.592342 
1277.000000	98.591586 
1276.000000	98.592226 
1275.000000	98.593907 
1274.000000	98.594954 
1273.000000	98.594592 
1272.000000	98.593281 
1271.000000	98.590161 
1270.000000	98.582177 
1269.000000	98.567587 
1268.000000	98.549417 
1267.000000	98.533636 
1266.000000	98.523961 
1265.000000	98.519773 
1264.000000	98.518359 
1263.000000	98.517334 
1262.000000	98.514860 
1261.000000	98.509562 
1260.000000	98.501832 
1259.000000	98.494400 
1258.000000	98.489977 
1257.000000	98.488122 
1256.000000	98.485186 
1255.000000	98.478022 
1254.000000	98.467384 
1253.000000	98.456856 
1252.000000	98.448776 
1251.000000	98.442716 
1250.000000	98.438326 
1249.000000	98.437909 
1248.000000	98.444309 
1247.000000	98.456583 
1246.000000	98.469116 
1245.000000	98.475360 
1244.000000	98.472409 
1243.000000	98.463595 
1242.000000	98.457815 
1241.000000	98.463839 
1240.000000	98.482279 
1239.000000	98.503447 
1238.000000	98.515791 
1237.000000	98.516103 
1236.000000	98.509112 
1235.000000	98.499064 
1234.000000	98.485926 
1233.000000	98.469727 
1232.000000	98.453756 
1231.000000	98.441505 
1230.000000	98.433826 
1229.000000	98.430758 
1228.000000	98.432719 
1227.000000	98.437681 
1226.000000	98.440233 
1225.000000	98.436459 
1224.000000	98.428085 
1223.000000	98.419851 
1222.000000	98.414466 
1221.000000	98.411974 
1220.000000	98.412231 
1219.000000	98.415471 
1218.000000	98.420867 
1217.000000	98.425713 
1216.000000	98.425545 
1215.000000	98.415744 
1214.000000	98.395818 
1213.000000	98.372697 
1212.000000	98.356247 
1211.000000	98.349092 
1210.000000	98.343262 
1209.000000	98.329113 
1208.000000	98.305361 
1207.000000	98.278541 
1206.000000	98.254860 
1205.000000	98.234650 
1204.000000	98.213511 
1203.000000	98.186693 
1202.000000	98.153299 
1201.000000	98.117894 
1200.000000	98.086983 
1199.000000	98.062770 
1198.000000	98.041552 
1197.000000	98.018666 
1196.000000	97.992620 
1195.000000	97.963572 
1194.000000	97.930728 
1193.000000	97.893207 
1192.000000	97.851745 
1191.000000	97.807966 
1190.000000	97.763263 
1189.000000	97.719293 
1188.000000	97.677744 
1187.000000	97.638616 
1186.000000	97.600566 
1185.000000	97.563497 
1184.000000	97.528151 
1183.000000	97.492621 
1182.000000	97.453081 
1181.000000	97.409554 
1180.000000	97.366886 
1179.000000	97.327344 
1178.000000	97.286037 
1177.000000	97.237117 
1176.000000	97.181207 
1175.000000	97.123100 
1174.000000	97.065215 
1173.000000	97.007523 
1172.000000	96.951167 
1171.000000	96.896973 
1170.000000	96.842296 
1169.000000	96.784787 
1168.000000	96.728435 
1167.000000	96.680850 
1166.000000	96.645092 
1165.000000	96.619241 
1164.000000	96.603952 
1163.000000	96.604583 
1162.000000	96.623632 
1161.000000	96.654488 
1160.000000	96.684358 
1159.000000	96.701718 
1158.000000	96.700827 
1157.000000	96.681660 
1156.000000	96.646990 
1155.000000	96.599342 
1154.000000	96.541389 
1153.000000	96.479220 
1152.000000	96.421905 
1151.000000	96.374924 
1150.000000	96.336023 
1149.000000	96.300461 
1148.000000	96.267625 
1147.000000	96.238041 
1146.000000	96.206193 
1145.000000	96.162717 
1144.000000	96.104584 
1143.000000	96.038962 
1142.000000	95.976013 
1141.000000	95.920386 
1140.000000	95.870102 
1139.000000	95.820522 
1138.000000	95.768413 
1137.000000	95.714359 
1136.000000	95.661684 
1135.000000	95.611909 
1134.000000	95.562574 
1133.000000	95.511242 
1132.000000	95.458987 
1131.000000	95.406641 
1130.000000	95.350522 
1129.000000	95.287062 
1128.000000	95.220335 
1127.000000	95.159584 
1126.000000	95.108894 
1125.000000	95.063359 
1124.000000	95.015337 
1123.000000	94.960579 
1122.000000	94.898841 
1121.000000	94.833173 
1120.000000	94.769077 
1119.000000	94.710430 
1118.000000	94.655595 
1117.000000	94.600359 
1116.000000	94.543767 
1115.000000	94.487678 
1114.000000	94.432319 
1113.000000	94.377021 
1112.000000	94.324072 
1111.000000	94.276372 
1110.000000	94.231381 
1109.000000	94.182336 
1108.000000	94.125101 
1107.000000	94.060010 
1106.000000	93.988612 
1105.000000	93.914085 
1104.000000	93.843761 
1103.000000	93.784491 
1102.000000	93.735132 
1101.000000	93.688453 
1100.000000	93.639990 
1099.000000	93.590227 
1098.000000	93.540032 
1097.000000	93.489589 
1096.000000	93.439994 
1095.000000	93.390008 
1094.000000	93.332216 
1093.000000	93.259276 
1092.000000	93.174096 
1091.000000	93.088246 
1090.000000	93.009795 
1089.000000	92.937233 
1088.000000	92.864532 
1087.000000	92.786627 
1086.000000	92.701056 
1085.000000	92.610500 
1084.000000	92.523138 
1083.000000	92.444473 
1082.000000	92.369601 
1081.000000	92.289869 
1080.000000	92.205808 
1079.000000	92.126332 
1078.000000	92.056364 
1077.000000	91.993235 
1076.000000	91.934152 
1075.000000	91.877816 
1074.000000	91.818949 
1073.000000	91.751192 
1072.000000	91.675552 
1071.000000	91.595125 
1070.000000	91.500354 
1069.000000	91.372920 
1068.000000	91.210418 
1067.000000	91.038830 
1066.000000	90.893687 
1065.000000	90.792404 
1064.000000	90.727390 
1063.000000	90.675521 
1062.000000	90.607950 
1061.000000	90.500763 
1060.000000	90.348564 
1059.000000	90.169884 
1058.000000	89.994868 
1057.000000	89.844987 
1056.000000	89.722803 
1055.000000	89.615301 
1054.000000	89.504728 
1053.000000	89.382008 
1052.000000	89.253442 
1051.000000	89.131655 
1050.000000	89.019846 
1049.000000	88.910144 
1048.000000	88.796538 
1047.000000	88.681646 
1046.000000	88.570760 
1045.000000	88.466633 
1044.000000	88.370222 
1043.000000	88.280177 
1042.000000	88.191516 
1041.000000	88.100006 
1040.000000	88.007328 
1039.000000	87.918205 
1038.000000	87.835674 
1037.000000	87.763685 
1036.000000	87.708812 
1035.000000	87.672052 
1034.000000	87.643683 
1033.000000	87.613291 
1032.000000	87.578406 
1031.000000	87.535821 
1030.000000	87.475702 
1029.000000	87.398964 
1028.000000	87.332145 
1027.000000	87.306004 
1026.000000	87.320847 
1025.000000	87.347187 
1024.000000	87.359267 
1023.000000	87.353926 
1022.000000	87.338739 
1021.000000	87.319883 
1020.000000	87.303583 
1019.000000	87.293618 
1018.000000	87.283430 
1017.000000	87.262806 
1016.000000	87.234384 
1015.000000	87.212173 
1014.000000	87.203194 
1013.000000	87.202033 
1012.000000	87.202869 
1011.000000	87.204032 
1010.000000	87.201123 
1009.000000	87.189886 
1008.000000	87.177477 
1007.000000	87.178028 
1006.000000	87.195221 
1005.000000	87.220097 
1004.000000	87.245771 
1003.000000	87.272417 
1002.000000	87.298723 
1001.000000	87.322458 
1000.000000	87.350066 
999.000000	 87.391570 
998.000000	 87.443911 
997.000000	 87.492193 
996.000000	 87.529935 
995.000000	 87.566425 
994.000000	 87.611859 
993.000000	 87.666360 
992.000000	 87.724983 
991.000000	 87.782381 
990.000000	 87.831594 
989.000000	 87.869743 
988.000000	 87.906391 
987.000000	 87.955672 
986.000000	 88.019711 
985.000000	 88.090081 
984.000000	 88.163876 
983.000000	 88.245378 
982.000000	 88.333114 
981.000000	 88.419677 
980.000000	 88.505582 
979.000000	 88.599741 
978.000000	 88.703718 
977.000000	 88.808437 
976.000000	 88.909335 
975.000000	 89.012584 
974.000000	 89.123160 
973.000000	 89.238461 
972.000000	 89.357269 
971.000000	 89.484061 
970.000000	 89.620091 
969.000000	 89.758990 
968.000000	 89.894457 
967.000000	 90.025136 
966.000000	 90.150946 
965.000000	 90.272716 
964.000000	 90.395992 
963.000000	 90.526581 
962.000000	 90.661343 
961.000000	 90.791163 
960.000000	 90.912828 
959.000000	 91.029807 
958.000000	 91.142431 
957.000000	 91.246803 
956.000000	 91.343543 
955.000000	 91.438528 
954.000000	 91.534264 
953.000000	 91.628390 
952.000000	 91.720147 
951.000000	 91.810010 
950.000000	 91.894219 
949.000000	 91.968679 
948.000000	 92.037243 
947.000000	 92.107063 
946.000000	 92.176606 
945.000000	 92.237731 
944.000000	 92.288620 
943.000000	 92.335125 
942.000000	 92.380229 
941.000000	 92.422433 
940.000000	 92.464369 
939.000000	 92.511928 
938.000000	 92.563713 
937.000000	 92.611615 
936.000000	 92.653542 
935.000000	 92.696516 
934.000000	 92.745786 
933.000000	 92.799562 
932.000000	 92.855438 
931.000000	 92.913179 
930.000000	 92.970073 
929.000000	 93.021862 
928.000000	 93.069410 
927.000000	 93.116931 
926.000000	 93.163374 
925.000000	 93.203147 
924.000000	 93.235173 
923.000000	 93.263511 
922.000000	 93.289754 
921.000000	 93.312901 
920.000000	 93.335705 
919.000000	 93.362274 
918.000000	 93.389719 
917.000000	 93.411234 
916.000000	 93.427937 
915.000000	 93.449242 
914.000000	 93.481139 
913.000000	 93.521732 
912.000000	 93.568102 
911.000000	 93.619806 
910.000000	 93.676046 
909.000000	 93.737154 
908.000000	 93.807943 
907.000000	 93.892432 
906.000000	 93.987392 
905.000000	 94.088236 
904.000000	 94.197377 
903.000000	 94.317702 
902.000000	 94.441992 
901.000000	 94.559606 
900.000000	 94.670948 
899.000000	 94.785015 
898.000000	 94.905005 
897.000000	 95.025880 
896.000000	 95.142965 
895.000000	 95.252928 
894.000000	 95.350063 
893.000000	 95.432804 
892.000000	 95.511139 
891.000000	 95.596320 
890.000000	 95.685061 
889.000000	 95.764833 
888.000000	 95.832431 
887.000000	 95.896076 
886.000000	 95.961042 
885.000000	 96.024162 
884.000000	 96.080548 
883.000000	 96.124669 
882.000000	 96.148716 
881.000000	 96.154414 
880.000000	 96.164530 
879.000000	 96.205651 
878.000000	 96.277019 
877.000000	 96.350873 
876.000000	 96.405433 
875.000000	 96.443505 
874.000000	 96.478234 
873.000000	 96.518731 
872.000000	 96.574011 
871.000000	 96.653109 
870.000000	 96.752221 
869.000000	 96.853689 
868.000000	 96.944830 
867.000000	 97.028663 
866.000000	 97.112771 
865.000000	 97.198816 
864.000000	 97.287394 
863.000000	 97.381878 
862.000000	 97.480818 
861.000000	 97.575193 
860.000000	 97.659420 
859.000000	 97.738491 
858.000000	 97.819402 
857.000000	 97.901276 
856.000000	 97.977680 
855.000000	 98.043067 
854.000000	 98.094346 
853.000000	 98.132134 
852.000000	 98.163013 
851.000000	 98.195231 
850.000000	 98.230675 
849.000000	 98.266389 
848.000000	 98.303076 
847.000000	 98.343946 
846.000000	 98.385405 
845.000000	 98.418492 
844.000000	 98.440776 
843.000000	 98.458112 
842.000000	 98.473766 
841.000000	 98.484914 
840.000000	 98.490705 
839.000000	 98.493494 
838.000000	 98.490151 
837.000000	 98.472746 
836.000000	 98.441973 
835.000000	 98.411018 
834.000000	 98.391389 
833.000000	 98.382261 
832.000000	 98.377163 
831.000000	 98.372925 
830.000000	 98.368314 
829.000000	 98.362503 
828.000000	 98.360448 
827.000000	 98.372550 
826.000000	 98.402992 
825.000000	 98.444039 
824.000000	 98.485691 
823.000000	 98.524204 
822.000000	 98.558533 
821.000000	 98.586636 
820.000000	 98.608285 
819.000000	 98.624781 
818.000000	 98.634471 
817.000000	 98.634106 
816.000000	 98.624176 
815.000000	 98.606964 
814.000000	 98.580198 
813.000000	 98.538922 
812.000000	 98.482002 
811.000000	 98.408932 
810.000000	 98.311497 
809.000000	 98.178187 
808.000000	 98.007966 
807.000000	 97.811695 
806.000000	 97.599271 
805.000000	 97.374097 
804.000000	 97.141715 
803.000000	 96.914533 
802.000000	 96.705439 
801.000000	 96.525195 
800.000000	 96.387080 
799.000000	 96.302817 
798.000000	 96.269985 
797.000000	 96.272067 
796.000000	 96.293243 
795.000000	 96.325598 
794.000000	 96.363391 
793.000000	 96.402069 
792.000000	 96.443379 
791.000000	 96.490006 
790.000000	 96.534142 
789.000000	 96.561539 
788.000000	 96.566704 
787.000000	 96.553917 
786.000000	 96.524917 
785.000000	 96.477363 
784.000000	 96.414496 
783.000000	 96.343978 
782.000000	 96.267930 
781.000000	 96.187425 
780.000000	 96.116053 
779.000000	 96.073726 
778.000000	 96.065747 
777.000000	 96.082168 
776.000000	 96.118045 
775.000000	 96.177558 
774.000000	 96.255486 
773.000000	 96.332680 
772.000000	 96.396930 
771.000000	 96.454617 
770.000000	 96.515969 
769.000000	 96.580939 
768.000000	 96.643459 
767.000000	 96.696812 
766.000000	 96.731364 
765.000000	 96.741230 
764.000000	 96.738505 
763.000000	 96.747916 
762.000000	 96.781133 
761.000000	 96.827133 
760.000000	 96.871247 
759.000000	 96.910461 
758.000000	 96.946042 
757.000000	 96.976963 
756.000000	 97.008917 
755.000000	 97.056110 
754.000000	 97.123073 
753.000000	 97.193332 
752.000000	 97.244788 
751.000000	 97.270627 
750.000000	 97.280688 
749.000000	 97.289665 
748.000000	 97.308321 
747.000000	 97.338868 
746.000000	 97.373245 
745.000000	 97.401109 
744.000000	 97.422486 
743.000000	 97.446796 
742.000000	 97.479119 
741.000000	 97.516034 
740.000000	 97.555390 
739.000000	 97.600090 
738.000000	 97.650450 
737.000000	 97.701888 
736.000000	 97.751990 
735.000000	 97.801495 
734.000000	 97.848438 
733.000000	 97.890892 
732.000000	 97.933840 
731.000000	 97.980443 
730.000000	 98.018323 
729.000000	 98.031940 
728.000000	 98.026135 
727.000000	 98.022716 
726.000000	 98.035973 
725.000000	 98.063666 
724.000000	 98.102055 
723.000000	 98.153869 
722.000000	 98.216060 
721.000000	 98.272939 
720.000000	 98.309242 
719.000000	 98.323303 
718.000000	 98.323099 
717.000000	 98.317927 
716.000000	 98.318853 
715.000000	 98.334541 
714.000000	 98.360374 
713.000000	 98.383060 
712.000000	 98.398402 
711.000000	 98.412006 
710.000000	 98.420733 
709.000000	 98.423468 
708.000000	 98.425765 
707.000000	 98.430399 
706.000000	 98.430156 
705.000000	 98.413188 
704.000000	 98.378166 
703.000000	 98.337845 
702.000000	 98.301890 
701.000000	 98.265382 
700.000000	 98.219777 
699.000000	 98.163866 
698.000000	 98.102828 
697.000000	 98.042874 
696.000000	 97.990992 
695.000000	 97.958620 
694.000000	 97.955742 
693.000000	 97.982618 
692.000000	 98.029558 
691.000000	 98.080564 
690.000000	 98.121954 
689.000000	 98.149849 
688.000000	 98.168825 
687.000000	 98.183856 
686.000000	 98.194289 
685.000000	 98.199642 
684.000000	 98.205950 
683.000000	 98.218067 
682.000000	 98.231606 
681.000000	 98.239449 
680.000000	 98.243269 
679.000000	 98.250015 
678.000000	 98.261018 
677.000000	 98.273298 
676.000000	 98.285637 
675.000000	 98.299171 
674.000000	 98.312727 
673.000000	 98.319871 
672.000000	 98.316388 
671.000000	 98.300710 
670.000000	 98.272778 
669.000000	 98.235641 
668.000000	 98.221560 
667.000000	 98.257354 
666.000000	 98.319363 
665.000000	 98.369177 
664.000000	 98.402351 
663.000000	 98.423544 
662.000000	 98.437267 
661.000000	 98.449065 
660.000000	 98.464185 
659.000000	 98.484620 
658.000000	 98.507386 
657.000000	 98.528106 
656.000000	 98.543874 
655.000000	 98.554553 
654.000000	 98.562210 
653.000000	 98.569289 
652.000000	 98.577836 
651.000000	 98.589643 
650.000000	 98.604654 

