4000.000000	98.820079 
3999.000000	98.818976 
3998.000000	98.815707 
3997.000000	98.811218 
3996.000000	98.806874 
3995.000000	98.803863 
3994.000000	98.802995 
3993.000000	98.804240 
3992.000000	98.806459 
3991.000000	98.808054 
3990.000000	98.808289 
3989.000000	98.807537 
3988.000000	98.806412 
3987.000000	98.805089 
3986.000000	98.803605 
3985.000000	98.802375 
3984.000000	98.801966 
3983.000000	98.802502 
3982.000000	98.803638 
3981.000000	98.804853 
3980.000000	98.805471 
3979.000000	98.804821 
3978.000000	98.802812 
3977.000000	98.800472 
3976.000000	98.799257 
3975.000000	98.799501 
3974.000000	98.800017 
3973.000000	98.799446 
3972.000000	98.797595 
3971.000000	98.795220 
3970.000000	98.793224 
3969.000000	98.792132 
3968.000000	98.791996 
3967.000000	98.792412 
3966.000000	98.792779 
3965.000000	98.792647 
3964.000000	98.791755 
3963.000000	98.790051 
3962.000000	98.787964 
3961.000000	98.786578 
3960.000000	98.786818 
3959.000000	98.788315 
3958.000000	98.789846 
3957.000000	98.790507 
3956.000000	98.790016 
3955.000000	98.788174 
3954.000000	98.784841 
3953.000000	98.780508 
3952.000000	98.776197 
3951.000000	98.772873 
3950.000000	98.770900 
3949.000000	98.769888 
3948.000000	98.769049 
3947.000000	98.768026 
3946.000000	98.767090 
3945.000000	98.766364 
3944.000000	98.765520 
3943.000000	98.764773 
3942.000000	98.765501 
3941.000000	98.769000 
3940.000000	98.774481 
3939.000000	98.778714 
3938.000000	98.779261 
3937.000000	98.776573 
3936.000000	98.772725 
3935.000000	98.768901 
3934.000000	98.765017 
3933.000000	98.761669 
3932.000000	98.759978 
3931.000000	98.759835 
3930.000000	98.759853 
3929.000000	98.759366 
3928.000000	98.759602 
3927.000000	98.761322 
3926.000000	98.762650 
3925.000000	98.761372 
3924.000000	98.758209 
3923.000000	98.755564 
3922.000000	98.753773 
3921.000000	98.751884 
3920.000000	98.750742 
3919.000000	98.751989 
3918.000000	98.754984 
3917.000000	98.757302 
3916.000000	98.758069 
3915.000000	98.758380 
3914.000000	98.758753 
3913.000000	98.758321 
3912.000000	98.756908 
3911.000000	98.755037 
3910.000000	98.753191 
3909.000000	98.751376 
3908.000000	98.749586 
3907.000000	98.748013 
3906.000000	98.746727 
3905.000000	98.745712 
3904.000000	98.745038 
3903.000000	98.744778 
3902.000000	98.744676 
3901.000000	98.744410 
3900.000000	98.743969 
3899.000000	98.743472 
3898.000000	98.742918 
3897.000000	98.742314 
3896.000000	98.741674 
3895.000000	98.740999 
3894.000000	98.740282 
3893.000000	98.739537 
3892.000000	98.738783 
3891.000000	98.738035 
3890.000000	98.737304 
3889.000000	98.736604 
3888.000000	98.735928 
3887.000000	98.735257 
3886.000000	98.734579 
3885.000000	98.733907 
3884.000000	98.733255 
3883.000000	98.732613 
3882.000000	98.731946 
3881.000000	98.731231 
3880.000000	98.730478 
3879.000000	98.729709 
3878.000000	98.728936 
3877.000000	98.728148 
3876.000000	98.727334 
3875.000000	98.726508 
3874.000000	98.725709 
3873.000000	98.724978 
3872.000000	98.724327 
3871.000000	98.723738 
3870.000000	98.723201 
3869.000000	98.722737 
3868.000000	98.722369 
3867.000000	98.722073 
3866.000000	98.721798 
3865.000000	98.721519 
3864.000000	98.721244 
3863.000000	98.720964 
3862.000000	98.720636 
3861.000000	98.720236 
3860.000000	98.719785 
3859.000000	98.719317 
3858.000000	98.718861 
3857.000000	98.718442 
3856.000000	98.718102 
3855.000000	98.717880 
3854.000000	98.717771 
3853.000000	98.717745 
3852.000000	98.717822 
3851.000000	98.718041 
3850.000000	98.718372 
3849.000000	98.718748 
3848.000000	98.719118 
3847.000000	98.719463 
3846.000000	98.719783 
3845.000000	98.720090 
3844.000000	98.720397 
3843.000000	98.720708 
3842.000000	98.721036 
3841.000000	98.721414 
3840.000000	98.721877 
3839.000000	98.722436 
3838.000000	98.723073 
3837.000000	98.723767 
3836.000000	98.724510 
3835.000000	98.725309 
3834.000000	98.726159 
3833.000000	98.727049 
3832.000000	98.727961 
3831.000000	98.728879 
3830.000000	98.729794 
3829.000000	98.730699 
3828.000000	98.731586 
3827.000000	98.732445 
3826.000000	98.733269 
3825.000000	98.734078 
3824.000000	98.734907 
3823.000000	98.735779 
3822.000000	98.736688 
3821.000000	98.737630 
3820.000000	98.738641 
3819.000000	98.739762 
3818.000000	98.740966 
3817.000000	98.742178 
3816.000000	98.743351 
3815.000000	98.744497 
3814.000000	98.745636 
3813.000000	98.746750 
3812.000000	98.747798 
3811.000000	98.748781 
3810.000000	98.749725 
3809.000000	98.750630 
3808.000000	98.751465 
3807.000000	98.752228 
3806.000000	98.752966 
3805.000000	98.753742 
3804.000000	98.754578 
3803.000000	98.755445 
3802.000000	98.756315 
3801.000000	98.757186 
3800.000000	98.758074 
3799.000000	98.758964 
3798.000000	98.759791 
3797.000000	98.760506 
3796.000000	98.761110 
3795.000000	98.761626 
3794.000000	98.762065 
3793.000000	98.762423 
3792.000000	98.762692 
3791.000000	98.762870 
3790.000000	98.762956 
3789.000000	98.762959 
3788.000000	98.762894 
3787.000000	98.762779 
3786.000000	98.762627 
3785.000000	98.762447 
3784.000000	98.762263 
3783.000000	98.762084 
3782.000000	98.761878 
3781.000000	98.761590 
3780.000000	98.761193 
3779.000000	98.760687 
3778.000000	98.760077 
3777.000000	98.759352 
3776.000000	98.758507 
3775.000000	98.757587 
3774.000000	98.756614 
3773.000000	98.755629 
3772.000000	98.754703 
3771.000000	98.753829 
3770.000000	98.752934 
3769.000000	98.752049 
3768.000000	98.751334 
3767.000000	98.750732 
3766.000000	98.749882 
3765.000000	98.748652 
3764.000000	98.747501 
3763.000000	98.746873 
3762.000000	98.746266 
3761.000000	98.744853 
3760.000000	98.742787 
3759.000000	98.740830 
3758.000000	98.739107 
3757.000000	98.737196 
3756.000000	98.735121 
3755.000000	98.733189 
3754.000000	98.731361 
3753.000000	98.729872 
3752.000000	98.729676 
3751.000000	98.730571 
3750.000000	98.730329 
3749.000000	98.728358 
3748.000000	98.727268 
3747.000000	98.728645 
3746.000000	98.731374 
3745.000000	98.733116 
3744.000000	98.731722 
3743.000000	98.730127 
3742.000000	98.732565 
3741.000000	98.734307 
3740.000000	98.730691 
3739.000000	98.725017 
3738.000000	98.722089 
3737.000000	98.721499 
3736.000000	98.720014 
3735.000000	98.718798 
3734.000000	98.721230 
3733.000000	98.725073 
3732.000000	98.725266 
3731.000000	98.723477 
3730.000000	98.725842 
3729.000000	98.732230 
3728.000000	98.736043 
3727.000000	98.734127 
3726.000000	98.730366 
3725.000000	98.729665 
3724.000000	98.730341 
3723.000000	98.727626 
3722.000000	98.721914 
3721.000000	98.716878 
3720.000000	98.714162 
3719.000000	98.711642 
3718.000000	98.707070 
3717.000000	98.702048 
3716.000000	98.699867 
3715.000000	98.700135 
3714.000000	98.699860 
3713.000000	98.699990 
3712.000000	98.702603 
3711.000000	98.704179 
3710.000000	98.701613 
3709.000000	98.695816 
3708.000000	98.687009 
3707.000000	98.674789 
3706.000000	98.660473 
3705.000000	98.646382 
3704.000000	98.633510 
3703.000000	98.621569 
3702.000000	98.609164 
3701.000000	98.595847 
3700.000000	98.585009 
3699.000000	98.578898 
3698.000000	98.573304 
3697.000000	98.564136 
3696.000000	98.553916 
3695.000000	98.546767 
3694.000000	98.540869 
3693.000000	98.530950 
3692.000000	98.516425 
3691.000000	98.501439 
3690.000000	98.488925 
3689.000000	98.477921 
3688.000000	98.469199 
3687.000000	98.467652 
3686.000000	98.472775 
3685.000000	98.476069 
3684.000000	98.472626 
3683.000000	98.465738 
3682.000000	98.459056 
3681.000000	98.450707 
3680.000000	98.437225 
3679.000000	98.421516 
3678.000000	98.409642 
3677.000000	98.402386 
3676.000000	98.393848 
3675.000000	98.380588 
3674.000000	98.372121 
3673.000000	98.374002 
3672.000000	98.375730 
3671.000000	98.369764 
3670.000000	98.360207 
3669.000000	98.353289 
3668.000000	98.352341 
3667.000000	98.354474 
3666.000000	98.354654 
3665.000000	98.352246 
3664.000000	98.349143 
3663.000000	98.345789 
3662.000000	98.340840 
3661.000000	98.333623 
3660.000000	98.325680 
3659.000000	98.319667 
3658.000000	98.316084 
3657.000000	98.312127 
3656.000000	98.304493 
3655.000000	98.296167 
3654.000000	98.292108 
3653.000000	98.288435 
3652.000000	98.279248 
3651.000000	98.269123 
3650.000000	98.266457 
3649.000000	98.269936 
3648.000000	98.273106 
3647.000000	98.275823 
3646.000000	98.282610 
3645.000000	98.294104 
3644.000000	98.305949 
3643.000000	98.313800 
3642.000000	98.317471 
3641.000000	98.319364 
3640.000000	98.320266 
3639.000000	98.318456 
3638.000000	98.313959 
3637.000000	98.311252 
3636.000000	98.312151 
3635.000000	98.310810 
3634.000000	98.301257 
3633.000000	98.287219 
3632.000000	98.277528 
3631.000000	98.275004 
3630.000000	98.277712 
3629.000000	98.278573 
3628.000000	98.275239 
3627.000000	98.281302 
3626.000000	98.296147 
3625.000000	98.301101 
3624.000000	98.292466 
3623.000000	98.280549 
3622.000000	98.271619 
3621.000000	98.264000 
3620.000000	98.256670 
3619.000000	98.252522 
3618.000000	98.255199 
3617.000000	98.266467 
3616.000000	98.281989 
3615.000000	98.294816 
3614.000000	98.303502 
3613.000000	98.312153 
3612.000000	98.325072 
3611.000000	98.341932 
3610.000000	98.357872 
3609.000000	98.368576 
3608.000000	98.373489 
3607.000000	98.374546 
3606.000000	98.373752 
3605.000000	98.372137 
3604.000000	98.371741 
3603.000000	98.375773 
3602.000000	98.383685 
3601.000000	98.390271 
3600.000000	98.392195 
3599.000000	98.391217 
3598.000000	98.390068 
3597.000000	98.391104 
3596.000000	98.396049 
3595.000000	98.404034 
3594.000000	98.411391 
3593.000000	98.414995 
3592.000000	98.414230 
3591.000000	98.409747 
3590.000000	98.403264 
3589.000000	98.397797 
3588.000000	98.396033 
3587.000000	98.398721 
3586.000000	98.406608 
3585.000000	98.418621 
3584.000000	98.429919 
3583.000000	98.437380 
3582.000000	98.442130 
3581.000000	98.445926 
3580.000000	98.448278 
3579.000000	98.447881 
3578.000000	98.445087 
3577.000000	98.442374 
3576.000000	98.442259 
3575.000000	98.444353 
3574.000000	98.445603 
3573.000000	98.442921 
3572.000000	98.435562 
3571.000000	98.425167 
3570.000000	98.414515 
3569.000000	98.406471 
3568.000000	98.403587 
3567.000000	98.406795 
3566.000000	98.414870 
3565.000000	98.424874 
3564.000000	98.432185 
3563.000000	98.433942 
3562.000000	98.432055 
3561.000000	98.430925 
3560.000000	98.432944 
3559.000000	98.436809 
3558.000000	98.439610 
3557.000000	98.439686 
3556.000000	98.437798 
3555.000000	98.435701 
3554.000000	98.434154 
3553.000000	98.432638 
3552.000000	98.430581 
3551.000000	98.428080 
3550.000000	98.425183 
3549.000000	98.421775 
3548.000000	98.419051 
3547.000000	98.419098 
3546.000000	98.421884 
3545.000000	98.424859 
3544.000000	98.426363 
3543.000000	98.427335 
3542.000000	98.429226 
3541.000000	98.431844 
3540.000000	98.434031 
3539.000000	98.435147 
3538.000000	98.435269 
3537.000000	98.434667 
3536.000000	98.433541 
3535.000000	98.432165 
3534.000000	98.430606 
3533.000000	98.428846 
3532.000000	98.427261 
3531.000000	98.426413 
3530.000000	98.425725 
3529.000000	98.423327 
3528.000000	98.418331 
3527.000000	98.412696 
3526.000000	98.409636 
3525.000000	98.410579 
3524.000000	98.414909 
3523.000000	98.421470 
3522.000000	98.429187 
3521.000000	98.436339 
3520.000000	98.440834 
3519.000000	98.441894 
3518.000000	98.440608 
3517.000000	98.438562 
3516.000000	98.436112 
3515.000000	98.432657 
3514.000000	98.428320 
3513.000000	98.424232 
3512.000000	98.421093 
3511.000000	98.418752 
3510.000000	98.417292 
3509.000000	98.417486 
3508.000000	98.419624 
3507.000000	98.422322 
3506.000000	98.423265 
3505.000000	98.421540 
3504.000000	98.418731 
3503.000000	98.417329 
3502.000000	98.418203 
3501.000000	98.420047 
3500.000000	98.421041 
3499.000000	98.420689 
3498.000000	98.419830 
3497.000000	98.419263 
3496.000000	98.418798 
3495.000000	98.417777 
3494.000000	98.416228 
3493.000000	98.415089 
3492.000000	98.415130 
3491.000000	98.416104 
3490.000000	98.417150 
3489.000000	98.417680 
3488.000000	98.417561 
3487.000000	98.416633 
3486.000000	98.414710 
3485.000000	98.412172 
3484.000000	98.410000 
3483.000000	98.408903 
3482.000000	98.408643 
3481.000000	98.408450 
3480.000000	98.407904 
3479.000000	98.407151 
3478.000000	98.406379 
3477.000000	98.405475 
3476.000000	98.404273 
3475.000000	98.402810 
3474.000000	98.401245 
3473.000000	98.399695 
3472.000000	98.398200 
3471.000000	98.396846 
3470.000000	98.395875 
3469.000000	98.395526 
3468.000000	98.395764 
3467.000000	98.396306 
3466.000000	98.396966 
3465.000000	98.397762 
3464.000000	98.398471 
3463.000000	98.398331 
3462.000000	98.396671 
3461.000000	98.393848 
3460.000000	98.391128 
3459.000000	98.389406 
3458.000000	98.388289 
3457.000000	98.386700 
3456.000000	98.384181 
3455.000000	98.381432 
3454.000000	98.379477 
3453.000000	98.378593 
3452.000000	98.378317 
3451.000000	98.378186 
3450.000000	98.378070 
3449.000000	98.377903 
3448.000000	98.377585 
3447.000000	98.377166 
3446.000000	98.376746 
3445.000000	98.376101 
3444.000000	98.374781 
3443.000000	98.372771 
3442.000000	98.370757 
3441.000000	98.369470 
3440.000000	98.368930 
3439.000000	98.368491 
3438.000000	98.367531 
3437.000000	98.366003 
3436.000000	98.364394 
3435.000000	98.363344 
3434.000000	98.363136 
3433.000000	98.363470 
3432.000000	98.363663 
3431.000000	98.363275 
3430.000000	98.362469 
3429.000000	98.361712 
3428.000000	98.361239 
3427.000000	98.360863 
3426.000000	98.360324 
3425.000000	98.359637 
3424.000000	98.358963 
3423.000000	98.358276 
3422.000000	98.357396 
3421.000000	98.356362 
3420.000000	98.355524 
3419.000000	98.355171 
3418.000000	98.355216 
3417.000000	98.355346 
3416.000000	98.355401 
3415.000000	98.355423 
3414.000000	98.355349 
3413.000000	98.354953 
3412.000000	98.354139 
3411.000000	98.353095 
3410.000000	98.352135 
3409.000000	98.351520 
3408.000000	98.351456 
3407.000000	98.351990 
3406.000000	98.352764 
3405.000000	98.353125 
3404.000000	98.352682 
3403.000000	98.351583 
3402.000000	98.350277 
3401.000000	98.349091 
3400.000000	98.348097 
3399.000000	98.347291 
3398.000000	98.346741 
3397.000000	98.346569 
3396.000000	98.346845 
3395.000000	98.347429 
3394.000000	98.347921 
3393.000000	98.347976 
3392.000000	98.347665 
3391.000000	98.347459 
3390.000000	98.347843 
3389.000000	98.348978 
3388.000000	98.350604 
3387.000000	98.352159 
3386.000000	98.353125 
3385.000000	98.353381 
3384.000000	98.353204 
3383.000000	98.352965 
3382.000000	98.352944 
3381.000000	98.353390 
3380.000000	98.354390 
3379.000000	98.355582 
3378.000000	98.356473 
3377.000000	98.357200 
3376.000000	98.358432 
3375.000000	98.360211 
3374.000000	98.361487 
3373.000000	98.361330 
3372.000000	98.360159 
3371.000000	98.359248 
3370.000000	98.359295 
3369.000000	98.360034 
3368.000000	98.361116 
3367.000000	98.362676 
3366.000000	98.364833 
3365.000000	98.367123 
3364.000000	98.368778 
3363.000000	98.369346 
3362.000000	98.368934 
3361.000000	98.368193 
3360.000000	98.368094 
3359.000000	98.369340 
3358.000000	98.371768 
3357.000000	98.374436 
3356.000000	98.376542 
3355.000000	98.378160 
3354.000000	98.379950 
3353.000000	98.382323 
3352.000000	98.385034 
3351.000000	98.387458 
3350.000000	98.389187 
3349.000000	98.390305 
3348.000000	98.391206 
3347.000000	98.392220 
3346.000000	98.393387 
3345.000000	98.394502 
3344.000000	98.395282 
3343.000000	98.395556 
3342.000000	98.395478 
3341.000000	98.395572 
3340.000000	98.396345 
3339.000000	98.397778 
3338.000000	98.399297 
3337.000000	98.400439 
3336.000000	98.401466 
3335.000000	98.403078 
3334.000000	98.405534 
3333.000000	98.408181 
3332.000000	98.409958 
3331.000000	98.410353 
3330.000000	98.409666 
3329.000000	98.408625 
3328.000000	98.407874 
3327.000000	98.407785 
3326.000000	98.408495 
3325.000000	98.409882 
3324.000000	98.411537 
3323.000000	98.412962 
3322.000000	98.413940 
3321.000000	98.414599 
3320.000000	98.415160 
3319.000000	98.415687 
3318.000000	98.416162 
3317.000000	98.416694 
3316.000000	98.417502 
3315.000000	98.418648 
3314.000000	98.419885 
3313.000000	98.420822 
3312.000000	98.421237 
3311.000000	98.421207 
3310.000000	98.421046 
3309.000000	98.421071 
3308.000000	98.421410 
3307.000000	98.421956 
3306.000000	98.422526 
3305.000000	98.423104 
3304.000000	98.423877 
3303.000000	98.425003 
3302.000000	98.426401 
3301.000000	98.427728 
3300.000000	98.428560 
3299.000000	98.428659 
3298.000000	98.428208 
3297.000000	98.427867 
3296.000000	98.428297 
3295.000000	98.429577 
3294.000000	98.431189 
3293.000000	98.432647 
3292.000000	98.434024 
3291.000000	98.435612 
3290.000000	98.437253 
3289.000000	98.438347 
3288.000000	98.438528 
3287.000000	98.438042 
3286.000000	98.437415 
3285.000000	98.436989 
3284.000000	98.436913 
3283.000000	98.437328 
3282.000000	98.438307 
3281.000000	98.439650 
3280.000000	98.440947 
3279.000000	98.441936 
3278.000000	98.442776 
3277.000000	98.443864 
3276.000000	98.445373 
3275.000000	98.447044 
3274.000000	98.448531 
3273.000000	98.449895 
3272.000000	98.451558 
3271.000000	98.453683 
3270.000000	98.455738 
3269.000000	98.456923 
3268.000000	98.456979 
3267.000000	98.456410 
3266.000000	98.456106 
3265.000000	98.456653 
3264.000000	98.458108 
3263.000000	98.460178 
3262.000000	98.462426 
3261.000000	98.464463 
3260.000000	98.466067 
3259.000000	98.467206 
3258.000000	98.467955 
3257.000000	98.468375 
3256.000000	98.468516 
3255.000000	98.468580 
3254.000000	98.468939 
3253.000000	98.469917 
3252.000000	98.471495 
3251.000000	98.473268 
3250.000000	98.474715 
3249.000000	98.475582 
3248.000000	98.475981 
3247.000000	98.476234 
3246.000000	98.476635 
3245.000000	98.477304 
3244.000000	98.478180 
3243.000000	98.479125 
3242.000000	98.480080 
3241.000000	98.481115 
3240.000000	98.482330 
3239.000000	98.483711 
3238.000000	98.485132 
3237.000000	98.486432 
3236.000000	98.487492 
3235.000000	98.488307 
3234.000000	98.488977 
3233.000000	98.489561 
3232.000000	98.489914 
3231.000000	98.489825 
3230.000000	98.489507 
3229.000000	98.489744 
3228.000000	98.491109 
3227.000000	98.493266 
3226.000000	98.495332 
3225.000000	98.496913 
3224.000000	98.498364 
3223.000000	98.499987 
3222.000000	98.501639 
3221.000000	98.503236 
3220.000000	98.504916 
3219.000000	98.506444 
3218.000000	98.507225 
3217.000000	98.507187 
3216.000000	98.507058 
3215.000000	98.507391 
3214.000000	98.507800 
3213.000000	98.507662 
3212.000000	98.507250 
3211.000000	98.507535 
3210.000000	98.508943 
3209.000000	98.510912 
3208.000000	98.512824 
3207.000000	98.514696 
3206.000000	98.516685 
3205.000000	98.518500 
3204.000000	98.519698 
3203.000000	98.520321 
3202.000000	98.520949 
3201.000000	98.522086 
3200.000000	98.523698 
3199.000000	98.525425 
3198.000000	98.527058 
3197.000000	98.528698 
3196.000000	98.530558 
3195.000000	98.532812 
3194.000000	98.535584 
3193.000000	98.538827 
3192.000000	98.542076 
3191.000000	98.544525 
3190.000000	98.545639 
3189.000000	98.545632 
3188.000000	98.545350 
3187.000000	98.545649 
3186.000000	98.546852 
3185.000000	98.548689 
3184.000000	98.550540 
3183.000000	98.551887 
3182.000000	98.552700 
3181.000000	98.553389 
3180.000000	98.554409 
3179.000000	98.555946 
3178.000000	98.557969 
3177.000000	98.560363 
3176.000000	98.562931 
3175.000000	98.565370 
3174.000000	98.567428 
3173.000000	98.569062 
3172.000000	98.570353 
3171.000000	98.571371 
3170.000000	98.572258 
3169.000000	98.573253 
3168.000000	98.574534 
3167.000000	98.576065 
3166.000000	98.577644 
3165.000000	98.579075 
3164.000000	98.580296 
3163.000000	98.581382 
3162.000000	98.582454 
3161.000000	98.583587 
3160.000000	98.584768 
3159.000000	98.585947 
3158.000000	98.587081 
3157.000000	98.588149 
3156.000000	98.589149 
3155.000000	98.590093 
3154.000000	98.590998 
3153.000000	98.591880 
3152.000000	98.592754 
3151.000000	98.593633 
3150.000000	98.594524 
3149.000000	98.595426 
3148.000000	98.596338 
3147.000000	98.597259 
3146.000000	98.598186 
3145.000000	98.599120 
3144.000000	98.600059 
3143.000000	98.600995 
3142.000000	98.601920 
3141.000000	98.602827 
3140.000000	98.603720 
3139.000000	98.604608 
3138.000000	98.605495 
3137.000000	98.606379 
3136.000000	98.607255 
3135.000000	98.608121 
3134.000000	98.608985 
3133.000000	98.609860 
3132.000000	98.610757 
3131.000000	98.611679 
3130.000000	98.612609 
3129.000000	98.613524 
3128.000000	98.614411 
3127.000000	98.615270 
3126.000000	98.616118 
3125.000000	98.616972 
3124.000000	98.617837 
3123.000000	98.618710 
3122.000000	98.619591 
3121.000000	98.620483 
3120.000000	98.621389 
3119.000000	98.622310 
3118.000000	98.623239 
3117.000000	98.624178 
3116.000000	98.625130 
3115.000000	98.626102 
3114.000000	98.627094 
3113.000000	98.628106 
3112.000000	98.629143 
3111.000000	98.630209 
3110.000000	98.631301 
3109.000000	98.632394 
3108.000000	98.633448 
3107.000000	98.634437 
3106.000000	98.635374 
3105.000000	98.636302 
3104.000000	98.637240 
3103.000000	98.638156 
3102.000000	98.639006 
3101.000000	98.639790 
3100.000000	98.640559 
3099.000000	98.641349 
3098.000000	98.642157 
3097.000000	98.642972 
3096.000000	98.643769 
3095.000000	98.644457 
3094.000000	98.644901 
3093.000000	98.645140 
3092.000000	98.645527 
3091.000000	98.646403 
3090.000000	98.647728 
3089.000000	98.649055 
3088.000000	98.649953 
3087.000000	98.650450 
3086.000000	98.650901 
3085.000000	98.651380 
3084.000000	98.651439 
3083.000000	98.650700 
3082.000000	98.649641 
3081.000000	98.649449 
3080.000000	98.650642 
3079.000000	98.652031 
3078.000000	98.651921 
3077.000000	98.650652 
3076.000000	98.650647 
3075.000000	98.653198 
3074.000000	98.656478 
3073.000000	98.657864 
3072.000000	98.657084 
3071.000000	98.655608 
3070.000000	98.654177 
3069.000000	98.652911 
3068.000000	98.652883 
3067.000000	98.655018 
3066.000000	98.657595 
3065.000000	98.657329 
3064.000000	98.653393 
3063.000000	98.648142 
3062.000000	98.643429 
3061.000000	98.638571 
3060.000000	98.633010 
3059.000000	98.629024 
3058.000000	98.630081 
3057.000000	98.637149 
3056.000000	98.647228 
3055.000000	98.654837 
3054.000000	98.654901 
3053.000000	98.645915 
3052.000000	98.632027 
3051.000000	98.621141 
3050.000000	98.618989 
3049.000000	98.624780 
3048.000000	98.632657 
3047.000000	98.636729 
3046.000000	98.634278 
3045.000000	98.625687 
3044.000000	98.613620 
3043.000000	98.602391 
3042.000000	98.596274 
3041.000000	98.596553 
3040.000000	98.600059 
3039.000000	98.601478 
3038.000000	98.597457 
3037.000000	98.588263 
3036.000000	98.575676 
3035.000000	98.560292 
3034.000000	98.541859 
3033.000000	98.521485 
3032.000000	98.502110 
3031.000000	98.486802 
3030.000000	98.477406 
3029.000000	98.474200 
3028.000000	98.474882 
3027.000000	98.473958 
3026.000000	98.465714 
3025.000000	98.449140 
3024.000000	98.428474 
3023.000000	98.407790 
3022.000000	98.386783 
3021.000000	98.363679 
3020.000000	98.340070 
3019.000000	98.319660 
3018.000000	98.302897 
3017.000000	98.286057 
3016.000000	98.266167 
3015.000000	98.244421 
3014.000000	98.224124 
3013.000000	98.206984 
3012.000000	98.191893 
3011.000000	98.175895 
3010.000000	98.156169 
3009.000000	98.132523 
3008.000000	98.108073 
3007.000000	98.086125 
3006.000000	98.066234 
3005.000000	98.044669 
3004.000000	98.018727 
3003.000000	97.989163 
3002.000000	97.958665 
3001.000000	97.929996 
3000.000000	97.905586 
2999.000000	97.886315 
2998.000000	97.869909 
2997.000000	97.852608 
2996.000000	97.833105 
2995.000000	97.812725 
2994.000000	97.790783 
2993.000000	97.762680 
2992.000000	97.725370 
2991.000000	97.683651 
2990.000000	97.648439 
2989.000000	97.628576 
2988.000000	97.625323 
2987.000000	97.633482 
2986.000000	97.645883 
2985.000000	97.657163 
2984.000000	97.665081 
2983.000000	97.669740 
2982.000000	97.671939 
2981.000000	97.672165 
2980.000000	97.670709 
2979.000000	97.667819 
2978.000000	97.663403 
2977.000000	97.657348 
2976.000000	97.650673 
2975.000000	97.645686 
2974.000000	97.644362 
2973.000000	97.647107 
2972.000000	97.653543 
2971.000000	97.663613 
2970.000000	97.676989 
2969.000000	97.692104 
2968.000000	97.707040 
2967.000000	97.721221 
2966.000000	97.735215 
2965.000000	97.748884 
2964.000000	97.760716 
2963.000000	97.769432 
2962.000000	97.775735 
2961.000000	97.782133 
2960.000000	97.791301 
2959.000000	97.804643 
2958.000000	97.821883 
2957.000000	97.841311 
2956.000000	97.860186 
2955.000000	97.875530 
2954.000000	97.885824 
2953.000000	97.892850 
2952.000000	97.901257 
2951.000000	97.914759 
2950.000000	97.932082 
2949.000000	97.947548 
2948.000000	97.956166 
2947.000000	97.957559 
2946.000000	97.955054 
2945.000000	97.952108 
2944.000000	97.950316 
2943.000000	97.949920 
2942.000000	97.950369 
2941.000000	97.950347 
2940.000000	97.948916 
2939.000000	97.947300 
2938.000000	97.948368 
2937.000000	97.953377 
2936.000000	97.959661 
2935.000000	97.962366 
2934.000000	97.958544 
2933.000000	97.949279 
2932.000000	97.938183 
2931.000000	97.928310 
2930.000000	97.920632 
2929.000000	97.914892 
2928.000000	97.910867 
2927.000000	97.908349 
2926.000000	97.906594 
2925.000000	97.904917 
2924.000000	97.903957 
2923.000000	97.905262 
2922.000000	97.908975 
2921.000000	97.912753 
2920.000000	97.914071 
2919.000000	97.913229 
2918.000000	97.912842 
2917.000000	97.914136 
2916.000000	97.914907 
2915.000000	97.911976 
2914.000000	97.905082 
2913.000000	97.897311 
2912.000000	97.891736 
2911.000000	97.888589 
2910.000000	97.886190 
2909.000000	97.884054 
2908.000000	97.883843 
2907.000000	97.886637 
2906.000000	97.889766 
2905.000000	97.887380 
2904.000000	97.875276 
2903.000000	97.855971 
2902.000000	97.838682 
2901.000000	97.833125 
2900.000000	97.842817 
2899.000000	97.863858 
2898.000000	97.889096 
2897.000000	97.913214 
2896.000000	97.933788 
2895.000000	97.949113 
2894.000000	97.957733 
2893.000000	97.960663 
2892.000000	97.961991 
2891.000000	97.965522 
2890.000000	97.971502 
2889.000000	97.977949 
2888.000000	97.984287 
2887.000000	97.991690 
2886.000000	98.000255 
2885.000000	98.008485 
2884.000000	98.016353 
2883.000000	98.026293 
2882.000000	98.039357 
2881.000000	98.052484 
2880.000000	98.062381 
2879.000000	98.071187 
2878.000000	98.084819 
2877.000000	98.105263 
2876.000000	98.127291 
2875.000000	98.144062 
2874.000000	98.153847 
2873.000000	98.159562 
2872.000000	98.163864 
2871.000000	98.167267 
2870.000000	98.170371 
2869.000000	98.175135 
2868.000000	98.183293 
2867.000000	98.195141 
2866.000000	98.210273 
2865.000000	98.228066 
2864.000000	98.246930 
2863.000000	98.264538 
2862.000000	98.279728 
2861.000000	98.293291 
2860.000000	98.306461 
2859.000000	98.319794 
2858.000000	98.334015 
2857.000000	98.350425 
2856.000000	98.369113 
2855.000000	98.387585 
2854.000000	98.402502 
2853.000000	98.412529 
2852.000000	98.418815 
2851.000000	98.423560 
2850.000000	98.429137 
2849.000000	98.437757 
2848.000000	98.450374 
2847.000000	98.465732 
2846.000000	98.481296 
2845.000000	98.495129 
2844.000000	98.506434 
2843.000000	98.515114 
2842.000000	98.522057 
2841.000000	98.529196 
2840.000000	98.537616 
2839.000000	98.545562 
2838.000000	98.549980 
2837.000000	98.550483 
2836.000000	98.550596 
2835.000000	98.554550 
2834.000000	98.563761 
2833.000000	98.576681 
2832.000000	98.590648 
2831.000000	98.603048 
2830.000000	98.611787 
2829.000000	98.615980 
2828.000000	98.616396 
2827.000000	98.614933 
2826.000000	98.613796 
2825.000000	98.614929 
2824.000000	98.619143 
2823.000000	98.625255 
2822.000000	98.630847 
2821.000000	98.634418 
2820.000000	98.636179 
2819.000000	98.636629 
2818.000000	98.635665 
2817.000000	98.634024 
2816.000000	98.634345 
2815.000000	98.639069 
2814.000000	98.647347 
2813.000000	98.655167 
2812.000000	98.658826 
2811.000000	98.657666 
2810.000000	98.653761 
2809.000000	98.650098 
2808.000000	98.649091 
2807.000000	98.651795 
2806.000000	98.657560 
2805.000000	98.664379 
2804.000000	98.670094 
2803.000000	98.673670 
2802.000000	98.675520 
2801.000000	98.676794 
2800.000000	98.678192 
2799.000000	98.679261 
2798.000000	98.679042 
2797.000000	98.677509 
2796.000000	98.676044 
2795.000000	98.676158 
2794.000000	98.677992 
2793.000000	98.680491 
2792.000000	98.682764 
2791.000000	98.684742 
2790.000000	98.686562 
2789.000000	98.688064 
2788.000000	98.689203 
2787.000000	98.690343 
2786.000000	98.691795 
2785.000000	98.693440 
2784.000000	98.694975 
2783.000000	98.696273 
2782.000000	98.697422 
2781.000000	98.698546 
2780.000000	98.699693 
2779.000000	98.700866 
2778.000000	98.702057 
2777.000000	98.703240 
2776.000000	98.704390 
2775.000000	98.705503 
2774.000000	98.706594 
2773.000000	98.707676 
2772.000000	98.708746 
2771.000000	98.709806 
2770.000000	98.710862 
2769.000000	98.711918 
2768.000000	98.712976 
2767.000000	98.714033 
2766.000000	98.715078 
2765.000000	98.716100 
2764.000000	98.717091 
2763.000000	98.718051 
2762.000000	98.718985 
2761.000000	98.719904 
2760.000000	98.720820 
2759.000000	98.721741 
2758.000000	98.722672 
2757.000000	98.723608 
2756.000000	98.724544 
2755.000000	98.725478 
2754.000000	98.726406 
2753.000000	98.727324 
2752.000000	98.728234 
2751.000000	98.729136 
2750.000000	98.730032 
2749.000000	98.730918 
2748.000000	98.731787 
2747.000000	98.732632 
2746.000000	98.733452 
2745.000000	98.734255 
2744.000000	98.735054 
2743.000000	98.735860 
2742.000000	98.736675 
2741.000000	98.737501 
2740.000000	98.738337 
2739.000000	98.739189 
2738.000000	98.740056 
2737.000000	98.740932 
2736.000000	98.741807 
2735.000000	98.742669 
2734.000000	98.743499 
2733.000000	98.744303 
2732.000000	98.745121 
2731.000000	98.746000 
2730.000000	98.746957 
2729.000000	98.747955 
2728.000000	98.748940 
2727.000000	98.749839 
2726.000000	98.750562 
2725.000000	98.751087 
2724.000000	98.751557 
2723.000000	98.752185 
2722.000000	98.753035 
2721.000000	98.753973 
2720.000000	98.754836 
2719.000000	98.755611 
2718.000000	98.756338 
2717.000000	98.756947 
2716.000000	98.757387 
2715.000000	98.757838 
2714.000000	98.758538 
2713.000000	98.759404 
2712.000000	98.760079 
2711.000000	98.760413 
2710.000000	98.760643 
2709.000000	98.760978 
2708.000000	98.761221 
2707.000000	98.761075 
2706.000000	98.760705 
2705.000000	98.760696 
2704.000000	98.761412 
2703.000000	98.762637 
2702.000000	98.763912 
2701.000000	98.765094 
2700.000000	98.766405 
2699.000000	98.768078 
2698.000000	98.769992 
2697.000000	98.771523 
2696.000000	98.771872 
2695.000000	98.770737 
2694.000000	98.768764 
2693.000000	98.767179 
2692.000000	98.766610 
2691.000000	98.766650 
2690.000000	98.766681 
2689.000000	98.766776 
2688.000000	98.767366 
2687.000000	98.768317 
2686.000000	98.768993 
2685.000000	98.769196 
2684.000000	98.769418 
2683.000000	98.770062 
2682.000000	98.770914 
2681.000000	98.771556 
2680.000000	98.771819 
2679.000000	98.771644 
2678.000000	98.770952 
2677.000000	98.769949 
2676.000000	98.769196 
2675.000000	98.768970 
2674.000000	98.768878 
2673.000000	98.768433 
2672.000000	98.767754 
2671.000000	98.767375 
2670.000000	98.767529 
2669.000000	98.767957 
2668.000000	98.768246 
2667.000000	98.768171 
2666.000000	98.767737 
2665.000000	98.767112 
2664.000000	98.766532 
2663.000000	98.766136 
2662.000000	98.765902 
2661.000000	98.765742 
2660.000000	98.765590 
2659.000000	98.765404 
2658.000000	98.765148 
2657.000000	98.764839 
2656.000000	98.764564 
2655.000000	98.764375 
2654.000000	98.764221 
2653.000000	98.764024 
2652.000000	98.763781 
2651.000000	98.763553 
2650.000000	98.763368 
2649.000000	98.763196 
2648.000000	98.763035 
2647.000000	98.762912 
2646.000000	98.762815 
2645.000000	98.762669 
2644.000000	98.762433 
2643.000000	98.762160 
2642.000000	98.761943 
2641.000000	98.761814 
2640.000000	98.761740 
2639.000000	98.761678 
2638.000000	98.761607 
2637.000000	98.761510 
2636.000000	98.761368 
2635.000000	98.761184 
2634.000000	98.761005 
2633.000000	98.760868 
2632.000000	98.760741 
2631.000000	98.760532 
2630.000000	98.760187 
2629.000000	98.759748 
2628.000000	98.759355 
2627.000000	98.759130 
2626.000000	98.759096 
2625.000000	98.759195 
2624.000000	98.759338 
2623.000000	98.759443 
2622.000000	98.759452 
2621.000000	98.759349 
2620.000000	98.759162 
2619.000000	98.758923 
2618.000000	98.758661 
2617.000000	98.758418 
2616.000000	98.758246 
2615.000000	98.758162 
2614.000000	98.758132 
2613.000000	98.758094 
2612.000000	98.758007 
2611.000000	98.757873 
2610.000000	98.757720 
2609.000000	98.757591 
2608.000000	98.757511 
2607.000000	98.757474 
2606.000000	98.757448 
2605.000000	98.757385 
2604.000000	98.757254 
2603.000000	98.757051 
2602.000000	98.756802 
2601.000000	98.756559 
2600.000000	98.756369 
2599.000000	98.756247 
2598.000000	98.756178 
2597.000000	98.756135 
2596.000000	98.756102 
2595.000000	98.756065 
2594.000000	98.756012 
2593.000000	98.755954 
2592.000000	98.755949 
2591.000000	98.756047 
2590.000000	98.756258 
2589.000000	98.756531 
2588.000000	98.756803 
2587.000000	98.757042 
2586.000000	98.757258 
2585.000000	98.757499 
2584.000000	98.757814 
2583.000000	98.758185 
2582.000000	98.758511 
2581.000000	98.758723 
2580.000000	98.758901 
2579.000000	98.759206 
2578.000000	98.759692 
2577.000000	98.760238 
2576.000000	98.760663 
2575.000000	98.760870 
2574.000000	98.760870 
2573.000000	98.760776 
2572.000000	98.760788 
2571.000000	98.761076 
2570.000000	98.761608 
2569.000000	98.762162 
2568.000000	98.762569 
2567.000000	98.762833 
2566.000000	98.762936 
2565.000000	98.762764 
2564.000000	98.762412 
2563.000000	98.762343 
2562.000000	98.762916 
2561.000000	98.763937 
2560.000000	98.764879 
2559.000000	98.765558 
2558.000000	98.766231 
2557.000000	98.767084 
2556.000000	98.767949 
2555.000000	98.768580 
2554.000000	98.768943 
2553.000000	98.769130 
2552.000000	98.769272 
2551.000000	98.769629 
2550.000000	98.770508 
2549.000000	98.771746 
2548.000000	98.772502 
2547.000000	98.772028 
2546.000000	98.770449 
2545.000000	98.768777 
2544.000000	98.767957 
2543.000000	98.767954 
2542.000000	98.767919 
2541.000000	98.767271 
2540.000000	98.766468 
2539.000000	98.766298 
2538.000000	98.766781 
2537.000000	98.767240 
2536.000000	98.767268 
2535.000000	98.767124 
2534.000000	98.767246 
2533.000000	98.767850 
2532.000000	98.769074 
2531.000000	98.770969 
2530.000000	98.773032 
2529.000000	98.774184 
2528.000000	98.773630 
2527.000000	98.771517 
2526.000000	98.768626 
2525.000000	98.765775 
2524.000000	98.763676 
2523.000000	98.762892 
2522.000000	98.763408 
2521.000000	98.764401 
2520.000000	98.764913 
2519.000000	98.764853 
2518.000000	98.765019 
2517.000000	98.766080 
2516.000000	98.767756 
2515.000000	98.769064 
2514.000000	98.769195 
2513.000000	98.768109 
2512.000000	98.766583 
2511.000000	98.765862 
2510.000000	98.766837 
2509.000000	98.768856 
2508.000000	98.769377 
2507.000000	98.765785 
2506.000000	98.758328 
2505.000000	98.751020 
2504.000000	98.748176 
2503.000000	98.750133 
2502.000000	98.753530 
2501.000000	98.755803 
2500.000000	98.758219 
2499.000000	98.763374 
2498.000000	98.771256 
2497.000000	98.779254 
2496.000000	98.785214 
2495.000000	98.788816 
2494.000000	98.790151 
2493.000000	98.788954 
2492.000000	98.785832 
2491.000000	98.782680 
2490.000000	98.780807 
2489.000000	98.779476 
2488.000000	98.777196 
2487.000000	98.773761 
2486.000000	98.770172 
2485.000000	98.767167 
2484.000000	98.765100 
2483.000000	98.765123 
2482.000000	98.769064 
2481.000000	98.777335 
2480.000000	98.787420 
2479.000000	98.795312 
2478.000000	98.798572 
2477.000000	98.797400 
2476.000000	98.793263 
2475.000000	98.787389 
2474.000000	98.780787 
2473.000000	98.774753 
2472.000000	98.770168 
2471.000000	98.766585 
2470.000000	98.763062 
2469.000000	98.760028 
2468.000000	98.759346 
2467.000000	98.762113 
2466.000000	98.767252 
2465.000000	98.772649 
2464.000000	98.777207 
2463.000000	98.781384 
2462.000000	98.785932 
2461.000000	98.790522 
2460.000000	98.793671 
2459.000000	98.793898 
2458.000000	98.791079 
2457.000000	98.786777 
2456.000000	98.782847 
2455.000000	98.779827 
2454.000000	98.777230 
2453.000000	98.775022 
2452.000000	98.773704 
2451.000000	98.773004 
2450.000000	98.771889 
2449.000000	98.770351 
2448.000000	98.769992 
2447.000000	98.771982 
2446.000000	98.775225 
2445.000000	98.777311 
2444.000000	98.777128 
2443.000000	98.775726 
2442.000000	98.774870 
2441.000000	98.775338 
2440.000000	98.776630 
2439.000000	98.777767 
2438.000000	98.778153 
2437.000000	98.777943 
2436.000000	98.777797 
2435.000000	98.778322 
2434.000000	98.779649 
2433.000000	98.781445 
2432.000000	98.783178 
2431.000000	98.784512 
2430.000000	98.785554 
2429.000000	98.786656 
2428.000000	98.787936 
2427.000000	98.789103 
2426.000000	98.789749 
2425.000000	98.789566 
2424.000000	98.788669 
2423.000000	98.787948 
2422.000000	98.788463 
2421.000000	98.790576 
2420.000000	98.793646 
2419.000000	98.796414 
2418.000000	98.797789 
2417.000000	98.797669 
2416.000000	98.797228 
2415.000000	98.797895 
2414.000000	98.800188 
2413.000000	98.803990 
2412.000000	98.809021 
2411.000000	98.813791 
2410.000000	98.815310 
2409.000000	98.812019 
2408.000000	98.806493 
2407.000000	98.803553 
2406.000000	98.805277 
2405.000000	98.809359 
2404.000000	98.812473 
2403.000000	98.813654 
2402.000000	98.813976 
2401.000000	98.814657 
2400.000000	98.816477 
2399.000000	98.819957 
2398.000000	98.824990 
2397.000000	98.830638 
2396.000000	98.835756 
2395.000000	98.839495 
2394.000000	98.841133 
2393.000000	98.840379 
2392.000000	98.838095 
2391.000000	98.836535 
2390.000000	98.837977 
2389.000000	98.842999 
2388.000000	98.850396 
2387.000000	98.858235 
2386.000000	98.865334 
2385.000000	98.871524 
2384.000000	98.876690 
2383.000000	98.879775 
2382.000000	98.878844 
2381.000000	98.872927 
2380.000000	98.863504 
2379.000000	98.853758 
2378.000000	98.846185 
2377.000000	98.841331 
2376.000000	98.838966 
2375.000000	98.839407 
2374.000000	98.842994 
2373.000000	98.848940 
2372.000000	98.855713 
2371.000000	98.862183 
2370.000000	98.867584 
2369.000000	98.870896 
2368.000000	98.871501 
2367.000000	98.870131 
2366.000000	98.868425 
2365.000000	98.867661 
2364.000000	98.868115 
2363.000000	98.869348 
2362.000000	98.870849 
2361.000000	98.872337 
2360.000000	98.873717 
2359.000000	98.874970 
2358.000000	98.875982 
2357.000000	98.876727 
2356.000000	98.877369 
2355.000000	98.878051 
2354.000000	98.878808 
2353.000000	98.879642 
2352.000000	98.880583 
2351.000000	98.881647 
2350.000000	98.882758 
2349.000000	98.883803 
2348.000000	98.884711 
2347.000000	98.885496 
2346.000000	98.886243 
2345.000000	98.887039 
2344.000000	98.887919 
2343.000000	98.888852 
2342.000000	98.889801 
2341.000000	98.890775 
2340.000000	98.891824 
2339.000000	98.892992 
2338.000000	98.894276 
2337.000000	98.895637 
2336.000000	98.897030 
2335.000000	98.898417 
2334.000000	98.899752 
2333.000000	98.900980 
2332.000000	98.902039 
2331.000000	98.902925 
2330.000000	98.903775 
2329.000000	98.904757 
2328.000000	98.905991 
2327.000000	98.907609 
2326.000000	98.909542 
2325.000000	98.911275 
2324.000000	98.912448 
2323.000000	98.913134 
2322.000000	98.913511 
2321.000000	98.913176 
2320.000000	98.911957 
2319.000000	98.910154 
2318.000000	98.908158 
2317.000000	98.906010 
2316.000000	98.904056 
2315.000000	98.903118 
2314.000000	98.903349 
2313.000000	98.903989 
2312.000000	98.904995 
2311.000000	98.908147 
2310.000000	98.914270 
2309.000000	98.921375 
2308.000000	98.926017 
2307.000000	98.926867 
2306.000000	98.923988 
2305.000000	98.918629 
2304.000000	98.913288 
2303.000000	98.910647 
2302.000000	98.911872 
2301.000000	98.916106 
2300.000000	98.920549 
2299.000000	98.920930 
2298.000000	98.913836 
2297.000000	98.898739 
2296.000000	98.879697 
2295.000000	98.863308 
2294.000000	98.853433 
2293.000000	98.848260 
2292.000000	98.843290 
2291.000000	98.835769 
2290.000000	98.826698 
2289.000000	98.819268 
2288.000000	98.815656 
2287.000000	98.814540 
2286.000000	98.811769 
2285.000000	98.804542 
2284.000000	98.794582 
2283.000000	98.786707 
2282.000000	98.784063 
2281.000000	98.785533 
2280.000000	98.787077 
2279.000000	98.784924 
2278.000000	98.777921 
2277.000000	98.768129 
2276.000000	98.759294 
2275.000000	98.753703 
2274.000000	98.750869 
2273.000000	98.749636 
2272.000000	98.750175 
2271.000000	98.752403 
2270.000000	98.754150 
2269.000000	98.753063 
2268.000000	98.749420 
2267.000000	98.745038 
2266.000000	98.740476 
2265.000000	98.735433 
2264.000000	98.730746 
2263.000000	98.727649 
2262.000000	98.725647 
2261.000000	98.723153 
2260.000000	98.719942 
2259.000000	98.717162 
2258.000000	98.715156 
2257.000000	98.713051 
2256.000000	98.710540 
2255.000000	98.708536 
2254.000000	98.707750 
2253.000000	98.707646 
2252.000000	98.706904 
2251.000000	98.704784 
2250.000000	98.701524 
2249.000000	98.697752 
2248.000000	98.694117 
2247.000000	98.691138 
2246.000000	98.688966 
2245.000000	98.687371 
2244.000000	98.685846 
2243.000000	98.684085 
2242.000000	98.682252 
2241.000000	98.680601 
2240.000000	98.679116 
2239.000000	98.677585 
2238.000000	98.675838 
2237.000000	98.673821 
2236.000000	98.671582 
2235.000000	98.669288 
2234.000000	98.667092 
2233.000000	98.664997 
2232.000000	98.662950 
2231.000000	98.660944 
2230.000000	98.658900 
2229.000000	98.656549 
2228.000000	98.653721 
2227.000000	98.650828 
2226.000000	98.648596 
2225.000000	98.647232 
2224.000000	98.646035 
2223.000000	98.644097 
2222.000000	98.641225 
2221.000000	98.637963 
2220.000000	98.634924 
2219.000000	98.632339 
2218.000000	98.630156 
2217.000000	98.628153 
2216.000000	98.625978 
2215.000000	98.623391 
2214.000000	98.620460 
2213.000000	98.617362 
2212.000000	98.614137 
2211.000000	98.610947 
2210.000000	98.608414 
2209.000000	98.607297 
2208.000000	98.607780 
2207.000000	98.609071 
2206.000000	98.609812 
2205.000000	98.608883 
2204.000000	98.605805 
2203.000000	98.600749 
2202.000000	98.594474 
2201.000000	98.588094 
2200.000000	98.582536 
2199.000000	98.578024 
2198.000000	98.574370 
2197.000000	98.571837 
2196.000000	98.571064 
2195.000000	98.571630 
2194.000000	98.571336 
2193.000000	98.568010 
2192.000000	98.561754 
2191.000000	98.554946 
2190.000000	98.549920 
2189.000000	98.547454 
2188.000000	98.547357 
2187.000000	98.548760 
2186.000000	98.549447 
2185.000000	98.546940 
2184.000000	98.541660 
2183.000000	98.537701 
2182.000000	98.538421 
2181.000000	98.542375 
2180.000000	98.545050 
2179.000000	98.544332 
2178.000000	98.542356 
2177.000000	98.542323 
2176.000000	98.545163 
2175.000000	98.548964 
2174.000000	98.550471 
2173.000000	98.547639 
2172.000000	98.541988 
2171.000000	98.537939 
2170.000000	98.538080 
2169.000000	98.539763 
2168.000000	98.538282 
2167.000000	98.533380 
2166.000000	98.529988 
2165.000000	98.531918 
2164.000000	98.537523 
2163.000000	98.542418 
2162.000000	98.544232 
2161.000000	98.543248 
2160.000000	98.540565 
2159.000000	98.538080 
2158.000000	98.539321 
2157.000000	98.547609 
2156.000000	98.562793 
2155.000000	98.580693 
2154.000000	98.596118 
2153.000000	98.606847 
2152.000000	98.614435 
2151.000000	98.620622 
2150.000000	98.623998 
2149.000000	98.622347 
2148.000000	98.617811 
2147.000000	98.616675 
2146.000000	98.622898 
2145.000000	98.634330 
2144.000000	98.646439 
2143.000000	98.657075 
2142.000000	98.665327 
2141.000000	98.668552 
2140.000000	98.664502 
2139.000000	98.656176 
2138.000000	98.651447 
2137.000000	98.656480 
2136.000000	98.670890 
2135.000000	98.688849 
2134.000000	98.704105 
2133.000000	98.714143 
2132.000000	98.720105 
2131.000000	98.723538 
2130.000000	98.724265 
2129.000000	98.722073 
2128.000000	98.719370 
2127.000000	98.720070 
2126.000000	98.725447 
2125.000000	98.732770 
2124.000000	98.738562 
2123.000000	98.741407 
2122.000000	98.741107 
2121.000000	98.737367 
2120.000000	98.730562 
2119.000000	98.722516 
2118.000000	98.715327 
2117.000000	98.710211 
2116.000000	98.707996 
2115.000000	98.709296 
2114.000000	98.713155 
2113.000000	98.716617 
2112.000000	98.716906 
2111.000000	98.713506 
2110.000000	98.707689 
2109.000000	98.701295 
2108.000000	98.696571 
2107.000000	98.695602 
2106.000000	98.698546 
2105.000000	98.703444 
2104.000000	98.708702 
2103.000000	98.714202 
2102.000000	98.718961 
2101.000000	98.719786 
2100.000000	98.714404 
2099.000000	98.704920 
2098.000000	98.696707 
2097.000000	98.693721 
2096.000000	98.696161 
2095.000000	98.701887 
2094.000000	98.707897 
2093.000000	98.711234 
2092.000000	98.710455 
2091.000000	98.706665 
2090.000000	98.702638 
2089.000000	98.700427 
2088.000000	98.699870 
2087.000000	98.699168 
2086.000000	98.696497 
2085.000000	98.691490 
2084.000000	98.685802 
2083.000000	98.681888 
2082.000000	98.680777 
2081.000000	98.681485 
2080.000000	98.682851 
2079.000000	98.684985 
2078.000000	98.688034 
2077.000000	98.690631 
2076.000000	98.691158 
2075.000000	98.689909 
2074.000000	98.687793 
2073.000000	98.683752 
2072.000000	98.676031 
2071.000000	98.665388 
2070.000000	98.654759 
2069.000000	98.646429 
2068.000000	98.641137 
2067.000000	98.639027 
2066.000000	98.639428 
2065.000000	98.639758 
2064.000000	98.637098 
2063.000000	98.631591 
2062.000000	98.626464 
2061.000000	98.624299 
2060.000000	98.624481 
2059.000000	98.624955 
2058.000000	98.624428 
2057.000000	98.622277 
2056.000000	98.618074 
2055.000000	98.612013 
2054.000000	98.605326 
2053.000000	98.599529 
2052.000000	98.595047 
2051.000000	98.590927 
2050.000000	98.585885 
2049.000000	98.579674 
2048.000000	98.573627 
2047.000000	98.569629 
2046.000000	98.568344 
2045.000000	98.568588 
2044.000000	98.568529 
2043.000000	98.567298 
2042.000000	98.565279 
2041.000000	98.563395 
2040.000000	98.562548 
2039.000000	98.563219 
2038.000000	98.564725 
2037.000000	98.564998 
2036.000000	98.562329 
2035.000000	98.557569 
2034.000000	98.553924 
2033.000000	98.553998 
2032.000000	98.557236 
2031.000000	98.560229 
2030.000000	98.559217 
2029.000000	98.552670 
2028.000000	98.542418 
2027.000000	98.532554 
2026.000000	98.526312 
2025.000000	98.524270 
2024.000000	98.525872 
2023.000000	98.531730 
2022.000000	98.542937 
2021.000000	98.557615 
2020.000000	98.569691 
2019.000000	98.572671 
2018.000000	98.564031 
2017.000000	98.546803 
2016.000000	98.528405 
2015.000000	98.515913 
2014.000000	98.511821 
2013.000000	98.513734 
2012.000000	98.517477 
2011.000000	98.521171 
2010.000000	98.525519 
2009.000000	98.530642 
2008.000000	98.534933 
2007.000000	98.537792 
2006.000000	98.541446 
2005.000000	98.548582 
2004.000000	98.559210 
2003.000000	98.571005 
2002.000000	98.581955 
2001.000000	98.590724 
2000.000000	98.595071 
1999.000000	98.591359 
1998.000000	98.577462 
1997.000000	98.556877 
1996.000000	98.538228 
1995.000000	98.528820 
1994.000000	98.529058 
1993.000000	98.533385 
1992.000000	98.535992 
1991.000000	98.535988 
1990.000000	98.536378 
1989.000000	98.539265 
1988.000000	98.543499 
1987.000000	98.546370 
1986.000000	98.546568 
1985.000000	98.545392 
1984.000000	98.545045 
1983.000000	98.545724 
1982.000000	98.545065 
1981.000000	98.541014 
1980.000000	98.535062 
1979.000000	98.530998 
1978.000000	98.530146 
1977.000000	98.529959 
1976.000000	98.528222 
1975.000000	98.526897 
1974.000000	98.529803 
1973.000000	98.538142 
1972.000000	98.549656 
1971.000000	98.560844 
1970.000000	98.568978 
1969.000000	98.572563 
1968.000000	98.571489 
1967.000000	98.567359 
1966.000000	98.563122 
1965.000000	98.561502 
1964.000000	98.563444 
1963.000000	98.568201 
1962.000000	98.574194 
1961.000000	98.579702 
1960.000000	98.583602 
1959.000000	98.585859 
1958.000000	98.587311 
1957.000000	98.589068 
1956.000000	98.591776 
1955.000000	98.595307 
1954.000000	98.599061 
1953.000000	98.602504 
1952.000000	98.605589 
1951.000000	98.608609 
1950.000000	98.611753 
1949.000000	98.614976 
1948.000000	98.618194 
1947.000000	98.621391 
1946.000000	98.624569 
1945.000000	98.627728 
1944.000000	98.630895 
1943.000000	98.634110 
1942.000000	98.637378 
1941.000000	98.640664 
1940.000000	98.643933 
1939.000000	98.647178 
1938.000000	98.650398 
1937.000000	98.653578 
1936.000000	98.656693 
1935.000000	98.659717 
1934.000000	98.662622 
1933.000000	98.665392 
1932.000000	98.668025 
1931.000000	98.670530 
1930.000000	98.672921 
1929.000000	98.675223 
1928.000000	98.677474 
1927.000000	98.679706 
1926.000000	98.681924 
1925.000000	98.684122 
1924.000000	98.686238 
1923.000000	98.688240 
1922.000000	98.690193 
1921.000000	98.692185 
1920.000000	98.694192 
1919.000000	98.696105 
1918.000000	98.697862 
1917.000000	98.699330 
1916.000000	98.700408 
1915.000000	98.701318 
1914.000000	98.702345 
1913.000000	98.703520 
1912.000000	98.704679 
1911.000000	98.705895 
1910.000000	98.707470 
1909.000000	98.709414 
1908.000000	98.711429 
1907.000000	98.713213 
1906.000000	98.714623 
1905.000000	98.715542 
1904.000000	98.715921 
1903.000000	98.716105 
1902.000000	98.716496 
1901.000000	98.717076 
1900.000000	98.717671 
1899.000000	98.718351 
1898.000000	98.719280 
1897.000000	98.720270 
1896.000000	98.720886 
1895.000000	98.721136 
1894.000000	98.721556 
1893.000000	98.722512 
1892.000000	98.723797 
1891.000000	98.725008 
1890.000000	98.726020 
1889.000000	98.727050 
1888.000000	98.728349 
1887.000000	98.729899 
1886.000000	98.731423 
1885.000000	98.732658 
1884.000000	98.733607 
1883.000000	98.734452 
1882.000000	98.735402 
1881.000000	98.736566 
1880.000000	98.737954 
1879.000000	98.739511 
1878.000000	98.741064 
1877.000000	98.742449 
1876.000000	98.743640 
1875.000000	98.744747 
1874.000000	98.745904 
1873.000000	98.747112 
1872.000000	98.748295 
1871.000000	98.749429 
1870.000000	98.750551 
1869.000000	98.751668 
1868.000000	98.752754 
1867.000000	98.753841 
1866.000000	98.754981 
1865.000000	98.756144 
1864.000000	98.757264 
1863.000000	98.758349 
1862.000000	98.759511 
1861.000000	98.760858 
1860.000000	98.762390 
1859.000000	98.764014 
1858.000000	98.765607 
1857.000000	98.767084 
1856.000000	98.768434 
1855.000000	98.769729 
1854.000000	98.771053 
1853.000000	98.772394 
1852.000000	98.773736 
1851.000000	98.775116 
1850.000000	98.776521 
1849.000000	98.777839 
1848.000000	98.778967 
1847.000000	98.779991 
1846.000000	98.781132 
1845.000000	98.782510 
1844.000000	98.783971 
1843.000000	98.785395 
1842.000000	98.786864 
1841.000000	98.788171 
1840.000000	98.789009 
1839.000000	98.789419 
1838.000000	98.789742 
1837.000000	98.790162 
1836.000000	98.790602 
1835.000000	98.791129 
1834.000000	98.791861 
1833.000000	98.792693 
1832.000000	98.793427 
1831.000000	98.793968 
1830.000000	98.794365 
1829.000000	98.794777 
1828.000000	98.795351 
1827.000000	98.796144 
1826.000000	98.797148 
1825.000000	98.798277 
1824.000000	98.799308 
1823.000000	98.800113 
1822.000000	98.800723 
1821.000000	98.801214 
1820.000000	98.801654 
1819.000000	98.802099 
1818.000000	98.802592 
1817.000000	98.803108 
1816.000000	98.803552 
1815.000000	98.803881 
1814.000000	98.804148 
1813.000000	98.804427 
1812.000000	98.804712 
1811.000000	98.804951 
1810.000000	98.805138 
1809.000000	98.805299 
1808.000000	98.805455 
1807.000000	98.805606 
1806.000000	98.805749 
1805.000000	98.805882 
1804.000000	98.806001 
1803.000000	98.806112 
1802.000000	98.806222 
1801.000000	98.806334 
1800.000000	98.806443 
1799.000000	98.806555 
1798.000000	98.806690 
1797.000000	98.806862 
1796.000000	98.807069 
1795.000000	98.807301 
1794.000000	98.807552 
1793.000000	98.807820 
1792.000000	98.808104 
1791.000000	98.808402 
1790.000000	98.808714 
1789.000000	98.809035 
1788.000000	98.809353 
1787.000000	98.809655 
1786.000000	98.809934 
1785.000000	98.810182 
1784.000000	98.810394 
1783.000000	98.810569 
1782.000000	98.810715 
1781.000000	98.810850 
1780.000000	98.810998 
1779.000000	98.811174 
1778.000000	98.811380 
1777.000000	98.811608 
1776.000000	98.811840 
1775.000000	98.812060 
1774.000000	98.812255 
1773.000000	98.812434 
1772.000000	98.812615 
1771.000000	98.812819 
1770.000000	98.813062 
1769.000000	98.813343 
1768.000000	98.813643 
1767.000000	98.813937 
1766.000000	98.814210 
1765.000000	98.814460 
1764.000000	98.814696 
1763.000000	98.814927 
1762.000000	98.815159 
1761.000000	98.815389 
1760.000000	98.815614 
1759.000000	98.815835 
1758.000000	98.816056 
1757.000000	98.816276 
1756.000000	98.816486 
1755.000000	98.816667 
1754.000000	98.816807 
1753.000000	98.816910 
1752.000000	98.816994 
1751.000000	98.817078 
1750.000000	98.817158 
1749.000000	98.817220 
1748.000000	98.817249 
1747.000000	98.817248 
1746.000000	98.817232 
1745.000000	98.817216 
1744.000000	98.817205 
1743.000000	98.817199 
1742.000000	98.817194 
1741.000000	98.817190 
1740.000000	98.817192 
1739.000000	98.817208 
1738.000000	98.817230 
1737.000000	98.817232 
1736.000000	98.817190 
1735.000000	98.817097 
1734.000000	98.816957 
1733.000000	98.816778 
1732.000000	98.816583 
1731.000000	98.816382 
1730.000000	98.816164 
1729.000000	98.815907 
1728.000000	98.815586 
1727.000000	98.815190 
1726.000000	98.814725 
1725.000000	98.814201 
1724.000000	98.813626 
1723.000000	98.813002 
1722.000000	98.812331 
1721.000000	98.811610 
1720.000000	98.810836 
1719.000000	98.810011 
1718.000000	98.809137 
1717.000000	98.808211 
1716.000000	98.807216 
1715.000000	98.806144 
1714.000000	98.804994 
1713.000000	98.803765 
1712.000000	98.802457 
1711.000000	98.801072 
1710.000000	98.799611 
1709.000000	98.798072 
1708.000000	98.796457 
1707.000000	98.794775 
1706.000000	98.793043 
1705.000000	98.791265 
1704.000000	98.789432 
1703.000000	98.787533 
1702.000000	98.785564 
1701.000000	98.783530 
1700.000000	98.781426 
1699.000000	98.779253 
1698.000000	98.777022 
1697.000000	98.774727 
1696.000000	98.772363 
1695.000000	98.769925 
1694.000000	98.767406 
1693.000000	98.764795 
1692.000000	98.762087 
1691.000000	98.759282 
1690.000000	98.756386 
1689.000000	98.753404 
1688.000000	98.750345 
1687.000000	98.747221 
1686.000000	98.744047 
1685.000000	98.740836 
1684.000000	98.737561 
1683.000000	98.734199 
1682.000000	98.730854 
1681.000000	98.727524 
1680.000000	98.724207 
1679.000000	98.720951 
1678.000000	98.717711 
1677.000000	98.714416 
1676.000000	98.711142 
1675.000000	98.707831 
1674.000000	98.704175 
1673.000000	98.700242 
1672.000000	98.696278 
1671.000000	98.692517 
1670.000000	98.689088 
1669.000000	98.685704 
1668.000000	98.682440 
1667.000000	98.679458 
1666.000000	98.676382 
1665.000000	98.672937 
1664.000000	98.669452 
1663.000000	98.666585 
1662.000000	98.664029 
1661.000000	98.660938 
1660.000000	98.657436 
1659.000000	98.653856 
1658.000000	98.650158 
1657.000000	98.646455 
1656.000000	98.643093 
1655.000000	98.640234 
1654.000000	98.638244 
1653.000000	98.633591 
1652.000000	98.624540 
1651.000000	98.619535 
1650.000000	98.617928 
1649.000000	98.615336 
1648.000000	98.612116 
1647.000000	98.610713 
1646.000000	98.610921 
1645.000000	98.611448 
1644.000000	98.611570 
1643.000000	98.611181 
1642.000000	98.610148 
1641.000000	98.608379 
1640.000000	98.606704 
1639.000000	98.605594 
1638.000000	98.605087 
1637.000000	98.605329 
1636.000000	98.606177 
1635.000000	98.605490 
1634.000000	98.603926 
1633.000000	98.603569 
1632.000000	98.603055 
1631.000000	98.602395 
1630.000000	98.602149 
1629.000000	98.601812 
1628.000000	98.601049 
1627.000000	98.601295 
1626.000000	98.602952 
1625.000000	98.604614 
1624.000000	98.605596 
1623.000000	98.606370 
1622.000000	98.607045 
1621.000000	98.607691 
1620.000000	98.608951 
1619.000000	98.610796 
1618.000000	98.612751 
1617.000000	98.612227 
1616.000000	98.609081 
1615.000000	98.609254 
1614.000000	98.614285 
1613.000000	98.619602 
1612.000000	98.623239 
1611.000000	98.626940 
1610.000000	98.630684 
1609.000000	98.633151 
1608.000000	98.636063 
1607.000000	98.641665 
1606.000000	98.647588 
1605.000000	98.650746 
1604.000000	98.652513 
1603.000000	98.655142 
1602.000000	98.658508 
1601.000000	98.661214 
1600.000000	98.663297 
1599.000000	98.665332 
1598.000000	98.666969 
1597.000000	98.668247 
1596.000000	98.670328 
1595.000000	98.673992 
1594.000000	98.678199 
1593.000000	98.681333 
1592.000000	98.683257 
1591.000000	98.684909 
1590.000000	98.686743 
1589.000000	98.688694 
1588.000000	98.691005 
1587.000000	98.693912 
1586.000000	98.696850 
1585.000000	98.698963 
1584.000000	98.700994 
1583.000000	98.703863 
1582.000000	98.706494 
1581.000000	98.707717 
1580.000000	98.708273 
1579.000000	98.709252 
1578.000000	98.710651 
1577.000000	98.712413 
1576.000000	98.714326 
1575.000000	98.716603 
1574.000000	98.719597 
1573.000000	98.722568 
1572.000000	98.725093 
1571.000000	98.727634 
1570.000000	98.729899 
1569.000000	98.730874 
1568.000000	98.731538 
1567.000000	98.732689 
1566.000000	98.733435 
1565.000000	98.733389 
1564.000000	98.733522 
1563.000000	98.734398 
1562.000000	98.735111 
1561.000000	98.734919 
1560.000000	98.735608 
1559.000000	98.736992 
1558.000000	98.736055 
1557.000000	98.735226 
1556.000000	98.735805 
1555.000000	98.737233 
1554.000000	98.738703 
1553.000000	98.739647 
1552.000000	98.740083 
1551.000000	98.740137 
1550.000000	98.740233 
1549.000000	98.740211 
1548.000000	98.739514 
1547.000000	98.738085 
1546.000000	98.736228 
1545.000000	98.734696 
1544.000000	98.733918 
1543.000000	98.733363 
1542.000000	98.732245 
1541.000000	98.730209 
1540.000000	98.727185 
1539.000000	98.724015 
1538.000000	98.721825 
1537.000000	98.720277 
1536.000000	98.718445 
1535.000000	98.716358 
1534.000000	98.714548 
1533.000000	98.713037 
1532.000000	98.711333 
1531.000000	98.709089 
1530.000000	98.706359 
1529.000000	98.703363 
1528.000000	98.700413 
1527.000000	98.697940 
1526.000000	98.695890 
1525.000000	98.693510 
1524.000000	98.690141 
1523.000000	98.685992 
1522.000000	98.682353 
1521.000000	98.679838 
1520.000000	98.677626 
1519.000000	98.674894 
1518.000000	98.671357 
1517.000000	98.667711 
1516.000000	98.664520 
1515.000000	98.661652 
1514.000000	98.658758 
1513.000000	98.655641 
1512.000000	98.651759 
1511.000000	98.646536 
1510.000000	98.640649 
1509.000000	98.635550 
1508.000000	98.633326 
1507.000000	98.633640 
1506.000000	98.631060 
1505.000000	98.623997 
1504.000000	98.616416 
1503.000000	98.609170 
1502.000000	98.601962 
1501.000000	98.595965 
1500.000000	98.591730 
1499.000000	98.587709 
1498.000000	98.582348 
1497.000000	98.576568 
1496.000000	98.571463 
1495.000000	98.568812 
1494.000000	98.570019 
1493.000000	98.573444 
1492.000000	98.576425 
1491.000000	98.578364 
1490.000000	98.580321 
1489.000000	98.581139 
1488.000000	98.577179 
1487.000000	98.568788 
1486.000000	98.560070 
1485.000000	98.551024 
1484.000000	98.540883 
1483.000000	98.531378 
1482.000000	98.525465 
1481.000000	98.523513 
1480.000000	98.521363 
1479.000000	98.516313 
1478.000000	98.510248 
1477.000000	98.506364 
1476.000000	98.503637 
1475.000000	98.499670 
1474.000000	98.494597 
1473.000000	98.491359 
1472.000000	98.490883 
1471.000000	98.490446 
1470.000000	98.488634 
1469.000000	98.484801 
1468.000000	98.478550 
1467.000000	98.471215 
1466.000000	98.465359 
1465.000000	98.462460 
1464.000000	98.461439 
1463.000000	98.458504 
1462.000000	98.451940 
1461.000000	98.442762 
1460.000000	98.433318 
1459.000000	98.425687 
1458.000000	98.421801 
1457.000000	98.420878 
1456.000000	98.417975 
1455.000000	98.412385 
1454.000000	98.404711 
1453.000000	98.396701 
1452.000000	98.391910 
1451.000000	98.391640 
1450.000000	98.395308 
1449.000000	98.402362 
1448.000000	98.410370 
1447.000000	98.415396 
1446.000000	98.414117 
1445.000000	98.408720 
1444.000000	98.404960 
1443.000000	98.403720 
1442.000000	98.402992 
1441.000000	98.400784 
1440.000000	98.396019 
1439.000000	98.387536 
1438.000000	98.380266 
1437.000000	98.383572 
1436.000000	98.394851 
1435.000000	98.400720 
1434.000000	98.396854 
1433.000000	98.388645 
1432.000000	98.381533 
1431.000000	98.376422 
1430.000000	98.371659 
1429.000000	98.367870 
1428.000000	98.365051 
1427.000000	98.362769 
1426.000000	98.359991 
1425.000000	98.358449 
1424.000000	98.359788 
1423.000000	98.357728 
1422.000000	98.346921 
1421.000000	98.331114 
1420.000000	98.320072 
1419.000000	98.315203 
1418.000000	98.309217 
1417.000000	98.300991 
1416.000000	98.292659 
1415.000000	98.282829 
1414.000000	98.268570 
1413.000000	98.250713 
1412.000000	98.233858 
1411.000000	98.220639 
1410.000000	98.211255 
1409.000000	98.206004 
1408.000000	98.204014 
1407.000000	98.204483 
1406.000000	98.207556 
1405.000000	98.215591 
1404.000000	98.229892 
1403.000000	98.244719 
1402.000000	98.254898 
1401.000000	98.263755 
1400.000000	98.279316 
1399.000000	98.300720 
1398.000000	98.314537 
1397.000000	98.309686 
1396.000000	98.289330 
1395.000000	98.269713 
1394.000000	98.266193 
1393.000000	98.281923 
1392.000000	98.309295 
1391.000000	98.336873 
1390.000000	98.356809 
1389.000000	98.367560 
1388.000000	98.371670 
1387.000000	98.372029 
1386.000000	98.370275 
1385.000000	98.368500 
1384.000000	98.369734 
1383.000000	98.374844 
1382.000000	98.382431 
1381.000000	98.390952 
1380.000000	98.400737 
1379.000000	98.413073 
1378.000000	98.427289 
1377.000000	98.441329 
1376.000000	98.454804 
1375.000000	98.469668 
1374.000000	98.486680 
1373.000000	98.504023 
1372.000000	98.519555 
1371.000000	98.533181 
1370.000000	98.545866 
1369.000000	98.558777 
1368.000000	98.573060 
1367.000000	98.587753 
1366.000000	98.601169 
1365.000000	98.613662 
1364.000000	98.627723 
1363.000000	98.644432 
1362.000000	98.661033 
1361.000000	98.674163 
1360.000000	98.684235 
1359.000000	98.693803 
1358.000000	98.703417 
1357.000000	98.711690 
1356.000000	98.718205 
1355.000000	98.723860 
1354.000000	98.729878 
1353.000000	98.737470 
1352.000000	98.746574 
1351.000000	98.756466 
1350.000000	98.765326 
1349.000000	98.771564 
1348.000000	98.776429 
1347.000000	98.782322 
1346.000000	98.790385 
1345.000000	98.798615 
1344.000000	98.803481 
1343.000000	98.802996 
1342.000000	98.799059 
1341.000000	98.796339 
1340.000000	98.798088 
1339.000000	98.802648 
1338.000000	98.806176 
1337.000000	98.807933 
1336.000000	98.809340 
1335.000000	98.809883 
1334.000000	98.808233 
1333.000000	98.806138 
1332.000000	98.807258 
1331.000000	98.811935 
1330.000000	98.816401 
1329.000000	98.818074 
1328.000000	98.818415 
1327.000000	98.819683 
1326.000000	98.821446 
1325.000000	98.822232 
1324.000000	98.821857 
1323.000000	98.819739 
1322.000000	98.814611 
1321.000000	98.807731 
1320.000000	98.803841 
1319.000000	98.806040 
1318.000000	98.811442 
1317.000000	98.814335 
1316.000000	98.812426 
1315.000000	98.807822 
1314.000000	98.803761 
1313.000000	98.802470 
1312.000000	98.804761 
1311.000000	98.809506 
1310.000000	98.813864 
1309.000000	98.815644 
1308.000000	98.815247 
1307.000000	98.814858 
1306.000000	98.815758 
1305.000000	98.817529 
1304.000000	98.819288 
1303.000000	98.820242 
1302.000000	98.820079 
1301.000000	98.819527 
1300.000000	98.820008 
1299.000000	98.821789 
1298.000000	98.823303 
1297.000000	98.822848 
1296.000000	98.820325 
1295.000000	98.816837 
1294.000000	98.813524 
1293.000000	98.811418 
1292.000000	98.811420 
1291.000000	98.813622 
1290.000000	98.817139 
1289.000000	98.820878 
1288.000000	98.823739 
1287.000000	98.824269 
1286.000000	98.821577 
1285.000000	98.817030 
1284.000000	98.813874 
1283.000000	98.814368 
1282.000000	98.817653 
1281.000000	98.820688 
1280.000000	98.820920 
1279.000000	98.818015 
1278.000000	98.813773 
1277.000000	98.810456 
1276.000000	98.808445 
1275.000000	98.805673 
1274.000000	98.800165 
1273.000000	98.792910 
1272.000000	98.786915 
1271.000000	98.783650 
1270.000000	98.781927 
1269.000000	98.780233 
1268.000000	98.778145 
1267.000000	98.774797 
1266.000000	98.768280 
1265.000000	98.758180 
1264.000000	98.747390 
1263.000000	98.739707 
1262.000000	98.736007 
1261.000000	98.733987 
1260.000000	98.731428 
1259.000000	98.728300 
1258.000000	98.725415 
1257.000000	98.722202 
1256.000000	98.716583 
1255.000000	98.707195 
1254.000000	98.695466 
1253.000000	98.684915 
1252.000000	98.678144 
1251.000000	98.675191 
1250.000000	98.675344 
1249.000000	98.679613 
1248.000000	98.689577 
1247.000000	98.703517 
1246.000000	98.715407 
1245.000000	98.719004 
1244.000000	98.712509 
1243.000000	98.699914 
1242.000000	98.689198 
1241.000000	98.688187 
1240.000000	98.699364 
1239.000000	98.716908 
1238.000000	98.730099 
1237.000000	98.731426 
1236.000000	98.720963 
1235.000000	98.703903 
1234.000000	98.686155 
1233.000000	98.672350 
1232.000000	98.665135 
1231.000000	98.664065 
1230.000000	98.666340 
1229.000000	98.670105 
1228.000000	98.675710 
1227.000000	98.682652 
1226.000000	98.687230 
1225.000000	98.685141 
1224.000000	98.675352 
1223.000000	98.660273 
1222.000000	98.643618 
1221.000000	98.629494 
1220.000000	98.621822 
1219.000000	98.621830 
1218.000000	98.625833 
1217.000000	98.627047 
1216.000000	98.620082 
1215.000000	98.603989 
1214.000000	98.582703 
1213.000000	98.563377 
1212.000000	98.552064 
1211.000000	98.548576 
1210.000000	98.545988 
1209.000000	98.536902 
1208.000000	98.519984 
1207.000000	98.499480 
1206.000000	98.478949 
1205.000000	98.456824 
1204.000000	98.428714 
1203.000000	98.393533 
1202.000000	98.356636 
1201.000000	98.325689 
1200.000000	98.302819 
1199.000000	98.282124 
1198.000000	98.256322 
1197.000000	98.224849 
1196.000000	98.193398 
1195.000000	98.166323 
1194.000000	98.142300 
1193.000000	98.117545 
1192.000000	98.090338 
1191.000000	98.061330 
1190.000000	98.031682 
1189.000000	98.001845 
1188.000000	97.970452 
1187.000000	97.934195 
1186.000000	97.891206 
1185.000000	97.844947 
1184.000000	97.801982 
1183.000000	97.765041 
1182.000000	97.730850 
1181.000000	97.695434 
1180.000000	97.658218 
1179.000000	97.619662 
1178.000000	97.578704 
1177.000000	97.534976 
1176.000000	97.490270 
1175.000000	97.445087 
1174.000000	97.396560 
1173.000000	97.342873 
1172.000000	97.287199 
1171.000000	97.234026 
1170.000000	97.183797 
1169.000000	97.134300 
1168.000000	97.085204 
1167.000000	97.038115 
1166.000000	96.994766 
1165.000000	96.959226 
1164.000000	96.939561 
1163.000000	96.941774 
1162.000000	96.961906 
1161.000000	96.987506 
1160.000000	97.007109 
1159.000000	97.015848 
1158.000000	97.013709 
1157.000000	97.002616 
1156.000000	96.984534 
1155.000000	96.958874 
1154.000000	96.922430 
1153.000000	96.874758 
1152.000000	96.822314 
1151.000000	96.773579 
1150.000000	96.730522 
1149.000000	96.688515 
1148.000000	96.644095 
1147.000000	96.598891 
1146.000000	96.556151 
1145.000000	96.517008 
1144.000000	96.480276 
1143.000000	96.442664 
1142.000000	96.399252 
1141.000000	96.347063 
1140.000000	96.288560 
1139.000000	96.229414 
1138.000000	96.173252 
1137.000000	96.120741 
1136.000000	96.072160 
1135.000000	96.027021 
1134.000000	95.981906 
1133.000000	95.932547 
1132.000000	95.877873 
1131.000000	95.819002 
1130.000000	95.755589 
1129.000000	95.687428 
1128.000000	95.618974 
1127.000000	95.557196 
1126.000000	95.503593 
1125.000000	95.451773 
1124.000000	95.393794 
1123.000000	95.326437 
1122.000000	95.251757 
1121.000000	95.174890 
1120.000000	95.101386 
1119.000000	95.033541 
1118.000000	94.969016 
1117.000000	94.905083 
1116.000000	94.843173 
1115.000000	94.786619 
1114.000000	94.735520 
1113.000000	94.687006 
1112.000000	94.638755 
1111.000000	94.588623 
1110.000000	94.532965 
1109.000000	94.469914 
1108.000000	94.402924 
1107.000000	94.336749 
1106.000000	94.271379 
1105.000000	94.204314 
1104.000000	94.137009 
1103.000000	94.073977 
1102.000000	94.016826 
1101.000000	93.963808 
1100.000000	93.913702 
1099.000000	93.865467 
1098.000000	93.816177 
1097.000000	93.764341 
1096.000000	93.712945 
1095.000000	93.663591 
1094.000000	93.609661 
1093.000000	93.542006 
1092.000000	93.460596 
1091.000000	93.374848 
1090.000000	93.293038 
1089.000000	93.216438 
1088.000000	93.142585 
1087.000000	93.068100 
1086.000000	92.989278 
1085.000000	92.906401 
1084.000000	92.826753 
1083.000000	92.756905 
1082.000000	92.692704 
1081.000000	92.623782 
1080.000000	92.547427 
1079.000000	92.470880 
1078.000000	92.400199 
1077.000000	92.334283 
1076.000000	92.270185 
1075.000000	92.206793 
1074.000000	92.142715 
1073.000000	92.077338 
1072.000000	92.012754 
1071.000000	91.945931 
1070.000000	91.860390 
1069.000000	91.738043 
1068.000000	91.582624 
1067.000000	91.423443 
1066.000000	91.291213 
1065.000000	91.195361 
1064.000000	91.125955 
1063.000000	91.065493 
1062.000000	90.993573 
1061.000000	90.891853 
1060.000000	90.756114 
1059.000000	90.602191 
1058.000000	90.453947 
1057.000000	90.324969 
1056.000000	90.212922 
1055.000000	90.106767 
1054.000000	89.996523 
1053.000000	89.880467 
1052.000000	89.765929 
1051.000000	89.660320 
1050.000000	89.561041 
1049.000000	89.458398 
1048.000000	89.346953 
1047.000000	89.228022 
1046.000000	89.103892 
1045.000000	88.977536 
1044.000000	88.855970 
1043.000000	88.745429 
1042.000000	88.643519 
1041.000000	88.543260 
1040.000000	88.444280 
1039.000000	88.353073 
1038.000000	88.273675 
1037.000000	88.205529 
1036.000000	88.148601 
1035.000000	88.102348 
1034.000000	88.061146 
1033.000000	88.018230 
1032.000000	87.971340 
1031.000000	87.917555 
1030.000000	87.849608 
1029.000000	87.769383 
1028.000000	87.699321 
1027.000000	87.664603 
1026.000000	87.664740 
1025.000000	87.675446 
1024.000000	87.678123 
1023.000000	87.673945 
1022.000000	87.668827 
1021.000000	87.660477 
1020.000000	87.644318 
1019.000000	87.620481 
1018.000000	87.591363 
1017.000000	87.560913 
1016.000000	87.537022 
1015.000000	87.525064 
1014.000000	87.518777 
1013.000000	87.507307 
1012.000000	87.491002 
1011.000000	87.480073 
1010.000000	87.478812 
1009.000000	87.482108 
1008.000000	87.486567 
1007.000000	87.493827 
1006.000000	87.503875 
1005.000000	87.516574 
1004.000000	87.538550 
1003.000000	87.576005 
1002.000000	87.621030 
1001.000000	87.657670 
1000.000000	87.682337 
999.000000	 87.706382 
998.000000	 87.738292 
997.000000	 87.775729 
996.000000	 87.815797 
995.000000	 87.860708 
994.000000	 87.911035 
993.000000	 87.963952 
992.000000	 88.019556 
991.000000	 88.079095 
990.000000	 88.136934 
989.000000	 88.185166 
988.000000	 88.226822 
987.000000	 88.274114 
986.000000	 88.333477 
985.000000	 88.402473 
984.000000	 88.480047 
983.000000	 88.567956 
982.000000	 88.662587 
981.000000	 88.757074 
980.000000	 88.852146 
979.000000	 88.954323 
978.000000	 89.063498 
977.000000	 89.173378 
976.000000	 89.283655 
975.000000	 89.399801 
974.000000	 89.520679 
973.000000	 89.638545 
972.000000	 89.752570 
971.000000	 89.870951 
970.000000	 89.998018 
969.000000	 90.129708 
968.000000	 90.262794 
967.000000	 90.397953 
966.000000	 90.532424 
965.000000	 90.660161 
964.000000	 90.781314 
963.000000	 90.902442 
962.000000	 91.026133 
961.000000	 91.149255 
960.000000	 91.271948 
959.000000	 91.398396 
958.000000	 91.527008 
957.000000	 91.648948 
956.000000	 91.758371 
955.000000	 91.856815 
954.000000	 91.947414 
953.000000	 92.032607 
952.000000	 92.117518 
951.000000	 92.206900 
950.000000	 92.297708 
949.000000	 92.382461 
948.000000	 92.459753 
947.000000	 92.533418 
946.000000	 92.602196 
945.000000	 92.659929 
944.000000	 92.706809 
943.000000	 92.751530 
942.000000	 92.800560 
941.000000	 92.852891 
940.000000	 92.906332 
939.000000	 92.960309 
938.000000	 93.010995 
937.000000	 93.052558 
936.000000	 93.086350 
935.000000	 93.122186 
934.000000	 93.167781 
933.000000	 93.222329 
932.000000	 93.281473 
931.000000	 93.342002 
930.000000	 93.400210 
929.000000	 93.451906 
928.000000	 93.496495 
927.000000	 93.537236 
926.000000	 93.576716 
925.000000	 93.615148 
924.000000	 93.651841 
923.000000	 93.684488 
922.000000	 93.709355 
921.000000	 93.726980 
920.000000	 93.744969 
919.000000	 93.769724 
918.000000	 93.798036 
917.000000	 93.822532 
916.000000	 93.842583 
915.000000	 93.864096 
914.000000	 93.891825 
913.000000	 93.928028 
912.000000	 93.974821 
911.000000	 94.031149 
910.000000	 94.091346 
909.000000	 94.153671 
908.000000	 94.225447 
907.000000	 94.312463 
906.000000	 94.409393 
905.000000	 94.509157 
904.000000	 94.615078 
903.000000	 94.733076 
902.000000	 94.857948 
901.000000	 94.979209 
900.000000	 95.096010 
899.000000	 95.214797 
898.000000	 95.336504 
897.000000	 95.457382 
896.000000	 95.577681 
895.000000	 95.697339 
894.000000	 95.807575 
893.000000	 95.899789 
892.000000	 95.979783 
891.000000	 96.061127 
890.000000	 96.146909 
889.000000	 96.229711 
888.000000	 96.306824 
887.000000	 96.382833 
886.000000	 96.458884 
885.000000	 96.531017 
884.000000	 96.597151 
883.000000	 96.655006 
882.000000	 96.697895 
881.000000	 96.726195 
880.000000	 96.758421 
879.000000	 96.813906 
878.000000	 96.886459 
877.000000	 96.953266 
876.000000	 97.008487 
875.000000	 97.068138 
874.000000	 97.141390 
873.000000	 97.218850 
872.000000	 97.293489 
871.000000	 97.372226 
870.000000	 97.459294 
869.000000	 97.546042 
868.000000	 97.626036 
867.000000	 97.705327 
866.000000	 97.788900 
865.000000	 97.869628 
864.000000	 97.940115 
863.000000	 98.005461 
862.000000	 98.074961 
861.000000	 98.148714 
860.000000	 98.221089 
859.000000	 98.291207 
858.000000	 98.361503 
857.000000	 98.429882 
856.000000	 98.490230 
855.000000	 98.538952 
854.000000	 98.576959 
853.000000	 98.607140 
852.000000	 98.632560 
851.000000	 98.655428 
850.000000	 98.676792 
849.000000	 98.699146 
848.000000	 98.727714 
847.000000	 98.764427 
846.000000	 98.801783 
845.000000	 98.828450 
844.000000	 98.840401 
843.000000	 98.841774 
842.000000	 98.837184 
841.000000	 98.829275 
840.000000	 98.820883 
839.000000	 98.811243 
838.000000	 98.792227 
837.000000	 98.757917 
836.000000	 98.717289 
835.000000	 98.687670 
834.000000	 98.674506 
833.000000	 98.666935 
832.000000	 98.654295 
831.000000	 98.637094 
830.000000	 98.620255 
829.000000	 98.606694 
828.000000	 98.602003 
827.000000	 98.615277 
826.000000	 98.648731 
825.000000	 98.693690 
824.000000	 98.740534 
823.000000	 98.784148 
822.000000	 98.817996 
821.000000	 98.834804 
820.000000	 98.837006 
819.000000	 98.836491 
818.000000	 98.839828 
817.000000	 98.840305 
816.000000	 98.827271 
815.000000	 98.797756 
814.000000	 98.756852 
813.000000	 98.711125 
812.000000	 98.662438 
811.000000	 98.603269 
810.000000	 98.517481 
809.000000	 98.391136 
808.000000	 98.224113 
807.000000	 98.028837 
806.000000	 97.819931 
805.000000	 97.609790 
804.000000	 97.410057 
803.000000	 97.227481 
802.000000	 97.059323 
801.000000	 96.903100 
800.000000	 96.770585 
799.000000	 96.681255 
798.000000	 96.641350 
797.000000	 96.639367 
796.000000	 96.661461 
795.000000	 96.700012 
794.000000	 96.747855 
793.000000	 96.797805 
792.000000	 96.849968 
791.000000	 96.907962 
790.000000	 96.965913 
789.000000	 97.009170 
788.000000	 97.028493 
787.000000	 97.023991 
786.000000	 96.996408 
785.000000	 96.945728 
784.000000	 96.877934 
783.000000	 96.802040 
782.000000	 96.721072 
781.000000	 96.637755 
780.000000	 96.567377 
779.000000	 96.530006 
778.000000	 96.528903 
777.000000	 96.550661 
776.000000	 96.587768 
775.000000	 96.645964 
774.000000	 96.726611 
773.000000	 96.817331 
772.000000	 96.905059 
771.000000	 96.985948 
770.000000	 97.058969 
769.000000	 97.122030 
768.000000	 97.176966 
767.000000	 97.225712 
766.000000	 97.259746 
765.000000	 97.267820 
764.000000	 97.257475 
763.000000	 97.254179 
762.000000	 97.273420 
761.000000	 97.306393 
760.000000	 97.337914 
759.000000	 97.364366 
758.000000	 97.388119 
757.000000	 97.409119 
756.000000	 97.431631 
755.000000	 97.467550 
754.000000	 97.522136 
753.000000	 97.583060 
752.000000	 97.630841 
751.000000	 97.655955 
750.000000	 97.663548 
749.000000	 97.668166 
748.000000	 97.685491 
747.000000	 97.720514 
746.000000	 97.760554 
745.000000	 97.788724 
744.000000	 97.807004 
743.000000	 97.835783 
742.000000	 97.888379 
741.000000	 97.957589 
740.000000	 98.029516 
739.000000	 98.097820 
738.000000	 98.159423 
737.000000	 98.208711 
736.000000	 98.244544 
735.000000	 98.274480 
734.000000	 98.305349 
733.000000	 98.336061 
732.000000	 98.363193 
731.000000	 98.385027 
730.000000	 98.397885 
729.000000	 98.400548 
728.000000	 98.401540 
727.000000	 98.412358 
726.000000	 98.436021 
725.000000	 98.468820 
724.000000	 98.511358 
723.000000	 98.566659 
722.000000	 98.626026 
721.000000	 98.669485 
720.000000	 98.685802 
719.000000	 98.684439 
718.000000	 98.682927 
717.000000	 98.690246 
716.000000	 98.707144 
715.000000	 98.728899 
714.000000	 98.742301 
713.000000	 98.735058 
712.000000	 98.713758 
711.000000	 98.697851 
710.000000	 98.692349 
709.000000	 98.693585 
708.000000	 98.696316 
707.000000	 98.698524 
706.000000	 98.700013 
705.000000	 98.696765 
704.000000	 98.682282 
703.000000	 98.654368 
702.000000	 98.615437 
701.000000	 98.569674 
700.000000	 98.522969 
699.000000	 98.480079 
698.000000	 98.443088 
697.000000	 98.413600 
696.000000	 98.394678 
695.000000	 98.390089 
694.000000	 98.398736 
693.000000	 98.413973 
692.000000	 98.429749 
691.000000	 98.442947 
690.000000	 98.452953 
689.000000	 98.461213 
688.000000	 98.470327 
687.000000	 98.481691 
686.000000	 98.492645 
685.000000	 98.499532 
684.000000	 98.502840 
683.000000	 98.505136 
682.000000	 98.506553 
681.000000	 98.505845 
680.000000	 98.504725 
679.000000	 98.506487 
678.000000	 98.511823 
677.000000	 98.520013 
676.000000	 98.530680 
675.000000	 98.542874 
674.000000	 98.554184 
673.000000	 98.560216 
672.000000	 98.558559 
671.000000	 98.547579 
670.000000	 98.525960 
669.000000	 98.496081 
668.000000	 98.485024 
667.000000	 98.513494 
666.000000	 98.564013 
665.000000	 98.605306 
664.000000	 98.633733 
663.000000	 98.653941 
662.000000	 98.670030 
661.000000	 98.684777 
660.000000	 98.699410 
659.000000	 98.714155 
658.000000	 98.728622 
657.000000	 98.742964 
656.000000	 98.756796 
655.000000	 98.769181 
654.000000	 98.780102 
653.000000	 98.790436 
652.000000	 98.800681 
651.000000	 98.811038 
650.000000	 98.821921 

