4000.000000	97.623416 
3999.000000	97.622684 
3998.000000	97.621695 
3997.000000	97.620714 
3996.000000	97.619973 
3995.000000	97.619545 
3994.000000	97.619449 
3993.000000	97.619568 
3992.000000	97.619667 
3991.000000	97.619597 
3990.000000	97.619364 
3989.000000	97.619034 
3988.000000	97.618646 
3987.000000	97.618197 
3986.000000	97.617718 
3985.000000	97.617293 
3984.000000	97.616958 
3983.000000	97.616635 
3982.000000	97.616249 
3981.000000	97.615849 
3980.000000	97.615497 
3979.000000	97.615115 
3978.000000	97.614594 
3977.000000	97.614021 
3976.000000	97.613622 
3975.000000	97.613440 
3974.000000	97.613207 
3973.000000	97.612637 
3972.000000	97.611714 
3971.000000	97.610647 
3970.000000	97.609701 
3969.000000	97.609040 
3968.000000	97.608685 
3967.000000	97.608495 
3966.000000	97.608246 
3965.000000	97.607781 
3964.000000	97.607074 
3963.000000	97.606219 
3962.000000	97.605405 
3961.000000	97.604840 
3960.000000	97.604561 
3959.000000	97.604354 
3958.000000	97.604019 
3957.000000	97.603572 
3956.000000	97.603119 
3955.000000	97.602600 
3954.000000	97.601825 
3953.000000	97.600733 
3952.000000	97.599514 
3951.000000	97.598509 
3950.000000	97.597914 
3949.000000	97.597601 
3948.000000	97.597224 
3947.000000	97.596601 
3946.000000	97.595825 
3945.000000	97.594996 
3944.000000	97.594082 
3943.000000	97.593234 
3942.000000	97.592978 
3941.000000	97.593804 
3940.000000	97.595366 
3939.000000	97.596311 
3938.000000	97.595832 
3937.000000	97.594465 
3936.000000	97.593200 
3935.000000	97.592108 
3934.000000	97.590711 
3933.000000	97.589486 
3932.000000	97.589342 
3931.000000	97.589984 
3930.000000	97.590040 
3929.000000	97.589008 
3928.000000	97.588124 
3927.000000	97.588307 
3926.000000	97.588658 
3925.000000	97.588080 
3924.000000	97.587181 
3923.000000	97.586953 
3922.000000	97.586836 
3921.000000	97.586034 
3920.000000	97.585346 
3919.000000	97.585853 
3918.000000	97.587073 
3917.000000	97.587756 
3916.000000	97.587686 
3915.000000	97.587455 
3914.000000	97.587228 
3913.000000	97.586697 
3912.000000	97.585960 
3911.000000	97.585213 
3910.000000	97.584595 
3909.000000	97.584106 
3908.000000	97.583706 
3907.000000	97.583324 
3906.000000	97.582954 
3905.000000	97.582608 
3904.000000	97.582309 
3903.000000	97.582070 
3902.000000	97.581892 
3901.000000	97.581754 
3900.000000	97.581624 
3899.000000	97.581473 
3898.000000	97.581288 
3897.000000	97.581072 
3896.000000	97.580833 
3895.000000	97.580565 
3894.000000	97.580255 
3893.000000	97.579908 
3892.000000	97.579540 
3891.000000	97.579163 
3890.000000	97.578793 
3889.000000	97.578453 
3888.000000	97.578140 
3887.000000	97.577836 
3886.000000	97.577532 
3885.000000	97.577239 
3884.000000	97.576970 
3883.000000	97.576720 
3882.000000	97.576467 
3881.000000	97.576209 
3880.000000	97.575967 
3879.000000	97.575759 
3878.000000	97.575583 
3877.000000	97.575408 
3876.000000	97.575211 
3875.000000	97.574997 
3874.000000	97.574800 
3873.000000	97.574650 
3872.000000	97.574550 
3871.000000	97.574486 
3870.000000	97.574454 
3869.000000	97.574483 
3868.000000	97.574595 
3867.000000	97.574765 
3866.000000	97.574947 
3865.000000	97.575133 
3864.000000	97.575344 
3863.000000	97.575577 
3862.000000	97.575794 
3861.000000	97.575975 
3860.000000	97.576136 
3859.000000	97.576295 
3858.000000	97.576465 
3857.000000	97.576662 
3856.000000	97.576929 
3855.000000	97.577307 
3854.000000	97.577784 
3853.000000	97.578325 
3852.000000	97.578948 
3851.000000	97.579697 
3850.000000	97.580554 
3849.000000	97.581458 
3848.000000	97.582365 
3847.000000	97.583252 
3846.000000	97.584116 
3845.000000	97.584962 
3844.000000	97.585793 
3843.000000	97.586607 
3842.000000	97.587404 
3841.000000	97.588199 
3840.000000	97.589012 
3839.000000	97.589842 
3838.000000	97.590676 
3837.000000	97.591505 
3836.000000	97.592339 
3835.000000	97.593196 
3834.000000	97.594081 
3833.000000	97.594991 
3832.000000	97.595916 
3831.000000	97.596852 
3830.000000	97.597795 
3829.000000	97.598740 
3828.000000	97.599679 
3827.000000	97.600597 
3826.000000	97.601479 
3825.000000	97.602332 
3824.000000	97.603173 
3823.000000	97.604004 
3822.000000	97.604806 
3821.000000	97.605573 
3820.000000	97.606347 
3819.000000	97.607173 
3818.000000	97.608038 
3817.000000	97.608889 
3816.000000	97.609708 
3815.000000	97.610522 
3814.000000	97.611345 
3813.000000	97.612145 
3812.000000	97.612878 
3811.000000	97.613547 
3810.000000	97.614180 
3809.000000	97.614769 
3808.000000	97.615276 
3807.000000	97.615699 
3806.000000	97.616082 
3805.000000	97.616487 
3804.000000	97.616928 
3803.000000	97.617385 
3802.000000	97.617845 
3801.000000	97.618324 
3800.000000	97.618852 
3799.000000	97.619420 
3798.000000	97.619979 
3797.000000	97.620490 
3796.000000	97.620956 
3795.000000	97.621387 
3794.000000	97.621779 
3793.000000	97.622118 
3792.000000	97.622394 
3791.000000	97.622602 
3790.000000	97.622743 
3789.000000	97.622820 
3788.000000	97.622839 
3787.000000	97.622809 
3786.000000	97.622730 
3785.000000	97.622606 
3784.000000	97.622462 
3783.000000	97.622321 
3782.000000	97.622169 
3781.000000	97.621980 
3780.000000	97.621748 
3779.000000	97.621482 
3778.000000	97.621182 
3777.000000	97.620827 
3776.000000	97.620399 
3775.000000	97.619912 
3774.000000	97.619391 
3773.000000	97.618837 
3772.000000	97.618232 
3771.000000	97.617569 
3770.000000	97.616865 
3769.000000	97.616143 
3768.000000	97.615411 
3767.000000	97.614658 
3766.000000	97.613883 
3765.000000	97.613103 
3764.000000	97.612333 
3763.000000	97.611556 
3762.000000	97.610735 
3761.000000	97.609853 
3760.000000	97.608921 
3759.000000	97.607947 
3758.000000	97.606922 
3757.000000	97.605839 
3756.000000	97.604721 
3755.000000	97.603612 
3754.000000	97.602548 
3753.000000	97.601550 
3752.000000	97.600620 
3751.000000	97.599741 
3750.000000	97.598882 
3749.000000	97.598039 
3748.000000	97.597234 
3747.000000	97.596472 
3746.000000	97.595727 
3745.000000	97.594963 
3744.000000	97.594164 
3743.000000	97.593340 
3742.000000	97.592481 
3741.000000	97.591530 
3740.000000	97.590454 
3739.000000	97.589287 
3738.000000	97.588074 
3737.000000	97.586823 
3736.000000	97.585523 
3735.000000	97.584163 
3734.000000	97.582762 
3733.000000	97.581363 
3732.000000	97.579758 
3731.000000	97.577885 
3730.000000	97.576310 
3729.000000	97.575286 
3728.000000	97.573997 
3727.000000	97.571859 
3726.000000	97.569683 
3725.000000	97.568643 
3724.000000	97.568124 
3723.000000	97.566465 
3722.000000	97.563574 
3721.000000	97.560735 
3720.000000	97.558659 
3719.000000	97.556369 
3718.000000	97.552801 
3717.000000	97.548857 
3716.000000	97.546391 
3715.000000	97.545318 
3714.000000	97.544226 
3713.000000	97.543815 
3712.000000	97.544796 
3711.000000	97.544144 
3710.000000	97.539466 
3709.000000	97.531536 
3708.000000	97.521598 
3707.000000	97.510806 
3706.000000	97.500669 
3705.000000	97.492046 
3704.000000	97.484360 
3703.000000	97.476467 
3702.000000	97.467283 
3701.000000	97.456941 
3700.000000	97.447947 
3699.000000	97.441678 
3698.000000	97.435824 
3697.000000	97.428594 
3696.000000	97.421459 
3695.000000	97.415949 
3694.000000	97.410626 
3693.000000	97.403395 
3692.000000	97.394668 
3691.000000	97.385983 
3690.000000	97.377329 
3689.000000	97.367511 
3688.000000	97.357406 
3687.000000	97.349582 
3686.000000	97.343790 
3685.000000	97.337032 
3684.000000	97.328113 
3683.000000	97.318427 
3682.000000	97.309082 
3681.000000	97.299431 
3680.000000	97.288747 
3679.000000	97.277849 
3678.000000	97.267614 
3677.000000	97.257623 
3676.000000	97.246981 
3675.000000	97.235814 
3674.000000	97.225198 
3673.000000	97.215212 
3672.000000	97.205073 
3671.000000	97.194430 
3670.000000	97.183509 
3669.000000	97.172645 
3668.000000	97.162181 
3667.000000	97.152086 
3666.000000	97.141885 
3665.000000	97.131453 
3664.000000	97.121200 
3663.000000	97.111269 
3662.000000	97.100969 
3661.000000	97.089490 
3660.000000	97.077142 
3659.000000	97.065395 
3658.000000	97.054622 
3657.000000	97.042597 
3656.000000	97.026675 
3655.000000	97.010347 
3654.000000	96.998527 
3653.000000	96.986649 
3652.000000	96.968756 
3651.000000	96.950625 
3650.000000	96.940024 
3649.000000	96.931560 
3648.000000	96.917456 
3647.000000	96.902949 
3646.000000	96.897881 
3645.000000	96.902393 
3644.000000	96.908176 
3643.000000	96.908288 
3642.000000	96.903313 
3641.000000	96.897235 
3640.000000	96.890807 
3639.000000	96.881176 
3638.000000	96.868347 
3637.000000	96.857666 
3636.000000	96.850033 
3635.000000	96.837441 
3634.000000	96.814090 
3633.000000	96.787296 
3632.000000	96.768220 
3631.000000	96.758686 
3630.000000	96.754860 
3629.000000	96.745341 
3628.000000	96.727152 
3627.000000	96.721597 
3626.000000	96.729569 
3625.000000	96.727785 
3624.000000	96.712771 
3623.000000	96.697089 
3622.000000	96.685848 
3621.000000	96.675091 
3620.000000	96.663963 
3619.000000	96.656909 
3618.000000	96.659718 
3617.000000	96.676240 
3616.000000	96.701223 
3615.000000	96.724251 
3614.000000	96.740746 
3613.000000	96.753471 
3612.000000	96.767237 
3611.000000	96.782567 
3610.000000	96.795028 
3609.000000	96.801642 
3608.000000	96.804033 
3607.000000	96.805641 
3606.000000	96.808078 
3605.000000	96.810721 
3604.000000	96.814771 
3603.000000	96.823258 
3602.000000	96.834209 
3601.000000	96.840319 
3600.000000	96.838428 
3599.000000	96.832952 
3598.000000	96.829365 
3597.000000	96.831606 
3596.000000	96.840481 
3595.000000	96.852045 
3594.000000	96.859780 
3593.000000	96.860570 
3592.000000	96.855532 
3591.000000	96.846720 
3590.000000	96.836961 
3589.000000	96.831196 
3588.000000	96.832891 
3587.000000	96.840733 
3586.000000	96.852614 
3585.000000	96.865934 
3584.000000	96.876276 
3583.000000	96.882428 
3582.000000	96.886970 
3581.000000	96.891502 
3580.000000	96.894815 
3579.000000	96.895608 
3578.000000	96.894237 
3577.000000	96.892454 
3576.000000	96.891797 
3575.000000	96.891904 
3574.000000	96.890937 
3573.000000	96.886976 
3572.000000	96.879455 
3571.000000	96.869546 
3570.000000	96.859858 
3569.000000	96.853642 
3568.000000	96.853393 
3567.000000	96.858560 
3566.000000	96.866209 
3565.000000	96.873545 
3564.000000	96.877764 
3563.000000	96.877844 
3562.000000	96.876217 
3561.000000	96.876077 
3560.000000	96.878034 
3559.000000	96.880255 
3558.000000	96.880916 
3557.000000	96.879841 
3556.000000	96.878480 
3555.000000	96.878216 
3554.000000	96.878960 
3553.000000	96.879490 
3552.000000	96.878964 
3551.000000	96.877532 
3550.000000	96.875359 
3549.000000	96.872381 
3548.000000	96.869678 
3547.000000	96.869101 
3546.000000	96.870737 
3545.000000	96.872743 
3544.000000	96.873899 
3543.000000	96.874620 
3542.000000	96.875501 
3541.000000	96.876290 
3540.000000	96.876588 
3539.000000	96.876439 
3538.000000	96.876142 
3537.000000	96.875925 
3536.000000	96.875844 
3535.000000	96.875831 
3534.000000	96.875706 
3533.000000	96.875440 
3532.000000	96.875276 
3531.000000	96.875489 
3530.000000	96.875956 
3529.000000	96.876168 
3528.000000	96.875800 
3527.000000	96.875070 
3526.000000	96.874483 
3525.000000	96.874312 
3524.000000	96.874542 
3523.000000	96.875062 
3522.000000	96.875721 
3521.000000	96.876301 
3520.000000	96.876632 
3519.000000	96.876761 
3518.000000	96.876855 
3517.000000	96.876935 
3516.000000	96.876774 
3515.000000	96.876205 
3514.000000	96.875448 
3513.000000	96.874946 
3512.000000	96.874860 
3511.000000	96.874933 
3510.000000	96.874810 
3509.000000	96.874427 
3508.000000	96.874018 
3507.000000	96.873755 
3506.000000	96.873475 
3505.000000	96.872897 
3504.000000	96.872010 
3503.000000	96.871175 
3502.000000	96.870830 
3501.000000	96.871125 
3500.000000	96.871789 
3499.000000	96.872343 
3498.000000	96.872434 
3497.000000	96.872012 
3496.000000	96.871319 
3495.000000	96.870724 
3494.000000	96.870507 
3493.000000	96.870693 
3492.000000	96.870938 
3491.000000	96.870701 
3490.000000	96.869729 
3489.000000	96.868328 
3488.000000	96.867054 
3487.000000	96.866124 
3486.000000	96.865271 
3485.000000	96.864194 
3484.000000	96.862942 
3483.000000	96.861793 
3482.000000	96.860958 
3481.000000	96.860587 
3480.000000	96.860779 
3479.000000	96.861300 
3478.000000	96.861444 
3477.000000	96.860498 
3476.000000	96.858359 
3475.000000	96.855543 
3474.000000	96.852762 
3473.000000	96.850510 
3472.000000	96.848834 
3471.000000	96.847398 
3470.000000	96.845897 
3469.000000	96.844463 
3468.000000	96.843595 
3467.000000	96.843655 
3466.000000	96.844493 
3465.000000	96.845446 
3464.000000	96.845631 
3463.000000	96.844389 
3462.000000	96.841674 
3461.000000	96.838170 
3460.000000	96.834860 
3459.000000	96.832214 
3458.000000	96.829962 
3457.000000	96.827584 
3456.000000	96.824962 
3455.000000	96.822558 
3454.000000	96.820878 
3453.000000	96.819942 
3452.000000	96.819375 
3451.000000	96.818798 
3450.000000	96.817915 
3449.000000	96.816387 
3448.000000	96.813995 
3447.000000	96.810935 
3446.000000	96.807768 
3445.000000	96.805009 
3444.000000	96.802896 
3443.000000	96.801485 
3442.000000	96.800607 
3441.000000	96.799691 
3440.000000	96.798048 
3439.000000	96.795435 
3438.000000	96.792288 
3437.000000	96.789362 
3436.000000	96.787198 
3435.000000	96.786011 
3434.000000	96.785681 
3433.000000	96.785665 
3432.000000	96.785230 
3431.000000	96.784046 
3430.000000	96.782409 
3429.000000	96.780852 
3428.000000	96.779579 
3427.000000	96.778358 
3426.000000	96.776986 
3425.000000	96.775631 
3424.000000	96.774585 
3423.000000	96.773775 
3422.000000	96.772787 
3421.000000	96.771426 
3420.000000	96.769975 
3419.000000	96.768831 
3418.000000	96.768017 
3417.000000	96.767236 
3416.000000	96.766304 
3415.000000	96.765322 
3414.000000	96.764398 
3413.000000	96.763419 
3412.000000	96.762240 
3411.000000	96.760958 
3410.000000	96.759883 
3409.000000	96.759249 
3408.000000	96.759026 
3407.000000	96.758938 
3406.000000	96.758651 
3405.000000	96.758023 
3404.000000	96.757150 
3403.000000	96.756239 
3402.000000	96.755430 
3401.000000	96.754780 
3400.000000	96.754347 
3399.000000	96.754159 
3398.000000	96.754125 
3397.000000	96.754071 
3396.000000	96.753917 
3395.000000	96.753723 
3394.000000	96.753567 
3393.000000	96.753451 
3392.000000	96.753330 
3391.000000	96.753183 
3390.000000	96.753056 
3389.000000	96.753065 
3388.000000	96.753328 
3387.000000	96.753865 
3386.000000	96.754525 
3385.000000	96.755045 
3384.000000	96.755225 
3383.000000	96.755079 
3382.000000	96.754880 
3381.000000	96.754992 
3380.000000	96.755535 
3379.000000	96.756238 
3378.000000	96.756722 
3377.000000	96.757010 
3376.000000	96.757549 
3375.000000	96.758612 
3374.000000	96.759858 
3373.000000	96.760654 
3372.000000	96.760765 
3371.000000	96.760552 
3370.000000	96.760591 
3369.000000	96.761166 
3368.000000	96.762192 
3367.000000	96.763381 
3366.000000	96.764423 
3365.000000	96.765149 
3364.000000	96.765667 
3363.000000	96.766236 
3362.000000	96.766965 
3361.000000	96.767779 
3360.000000	96.768683 
3359.000000	96.769862 
3358.000000	96.771420 
3357.000000	96.773209 
3356.000000	96.774950 
3355.000000	96.776418 
3354.000000	96.777524 
3353.000000	96.778425 
3352.000000	96.779582 
3351.000000	96.781478 
3350.000000	96.784127 
3349.000000	96.786914 
3348.000000	96.789111 
3347.000000	96.790527 
3346.000000	96.791506 
3345.000000	96.792418 
3344.000000	96.793217 
3343.000000	96.793513 
3342.000000	96.793079 
3341.000000	96.792297 
3340.000000	96.791960 
3339.000000	96.792518 
3338.000000	96.793801 
3337.000000	96.795351 
3336.000000	96.796910 
3335.000000	96.798477 
3334.000000	96.800003 
3333.000000	96.801287 
3332.000000	96.802197 
3331.000000	96.802807 
3330.000000	96.803262 
3329.000000	96.803661 
3328.000000	96.804135 
3327.000000	96.804919 
3326.000000	96.806179 
3325.000000	96.807781 
3324.000000	96.809292 
3323.000000	96.810330 
3322.000000	96.810900 
3321.000000	96.811361 
3320.000000	96.812060 
3319.000000	96.813037 
3318.000000	96.814107 
3317.000000	96.815127 
3316.000000	96.816077 
3315.000000	96.816930 
3314.000000	96.817594 
3313.000000	96.818048 
3312.000000	96.818437 
3311.000000	96.818956 
3310.000000	96.819687 
3309.000000	96.820574 
3308.000000	96.821487 
3307.000000	96.822271 
3306.000000	96.822818 
3305.000000	96.823179 
3304.000000	96.823593 
3303.000000	96.824332 
3302.000000	96.825508 
3301.000000	96.827004 
3300.000000	96.828509 
3299.000000	96.829642 
3298.000000	96.830152 
3297.000000	96.830124 
3296.000000	96.830047 
3295.000000	96.830472 
3294.000000	96.831605 
3293.000000	96.833282 
3292.000000	96.835231 
3291.000000	96.837285 
3290.000000	96.839327 
3289.000000	96.841194 
3288.000000	96.842713 
3287.000000	96.843786 
3286.000000	96.844384 
3285.000000	96.844551 
3284.000000	96.844484 
3283.000000	96.844551 
3282.000000	96.845133 
3281.000000	96.846363 
3280.000000	96.847986 
3279.000000	96.849504 
3278.000000	96.850618 
3277.000000	96.851473 
3276.000000	96.852391 
3275.000000	96.853446 
3274.000000	96.854442 
3273.000000	96.855333 
3272.000000	96.856405 
3271.000000	96.857935 
3270.000000	96.859824 
3269.000000	96.861663 
3268.000000	96.863104 
3267.000000	96.864128 
3266.000000	96.865007 
3265.000000	96.866122 
3264.000000	96.867669 
3263.000000	96.869455 
3262.000000	96.871046 
3261.000000	96.872210 
3260.000000	96.873065 
3259.000000	96.873833 
3258.000000	96.874589 
3257.000000	96.875360 
3256.000000	96.876284 
3255.000000	96.877456 
3254.000000	96.878724 
3253.000000	96.879883 
3252.000000	96.880973 
3251.000000	96.882196 
3250.000000	96.883599 
3249.000000	96.884985 
3248.000000	96.886155 
3247.000000	96.887151 
3246.000000	96.888207 
3245.000000	96.889500 
3244.000000	96.890996 
3243.000000	96.892493 
3242.000000	96.893788 
3241.000000	96.894861 
3240.000000	96.895902 
3239.000000	96.897122 
3238.000000	96.898563 
3237.000000	96.900118 
3236.000000	96.901715 
3235.000000	96.903357 
3234.000000	96.904998 
3233.000000	96.906506 
3232.000000	96.907805 
3231.000000	96.908964 
3230.000000	96.910098 
3229.000000	96.911210 
3228.000000	96.912280 
3227.000000	96.913474 
3226.000000	96.915102 
3225.000000	96.917292 
3224.000000	96.919781 
3223.000000	96.922097 
3222.000000	96.923978 
3221.000000	96.925505 
3220.000000	96.926898 
3219.000000	96.928285 
3218.000000	96.929708 
3217.000000	96.931250 
3216.000000	96.933004 
3215.000000	96.934997 
3214.000000	96.937181 
3213.000000	96.939478 
3212.000000	96.941768 
3211.000000	96.943876 
3210.000000	96.945694 
3209.000000	96.947321 
3208.000000	96.948968 
3207.000000	96.950723 
3206.000000	96.952462 
3205.000000	96.954060 
3204.000000	96.955616 
3203.000000	96.957396 
3202.000000	96.959546 
3201.000000	96.961930 
3200.000000	96.964248 
3199.000000	96.966327 
3198.000000	96.968250 
3197.000000	96.970192 
3196.000000	96.972186 
3195.000000	96.974138 
3194.000000	96.976062 
3193.000000	96.978161 
3192.000000	96.980601 
3191.000000	96.983283 
3190.000000	96.985888 
3189.000000	96.988169 
3188.000000	96.990121 
3187.000000	96.991940 
3186.000000	96.993893 
3185.000000	96.996125 
3184.000000	96.998571 
3183.000000	97.001032 
3182.000000	97.003375 
3181.000000	97.005594 
3180.000000	97.007706 
3179.000000	97.009710 
3178.000000	97.011679 
3177.000000	97.013793 
3176.000000	97.016155 
3175.000000	97.018684 
3174.000000	97.021206 
3173.000000	97.023623 
3172.000000	97.025919 
3171.000000	97.028078 
3170.000000	97.030115 
3169.000000	97.032150 
3168.000000	97.034320 
3167.000000	97.036618 
3166.000000	97.038899 
3165.000000	97.041047 
3164.000000	97.043062 
3163.000000	97.045006 
3162.000000	97.046933 
3161.000000	97.048886 
3160.000000	97.050902 
3159.000000	97.052997 
3158.000000	97.055156 
3157.000000	97.057346 
3156.000000	97.059530 
3155.000000	97.061676 
3154.000000	97.063791 
3153.000000	97.065921 
3152.000000	97.068107 
3151.000000	97.070340 
3150.000000	97.072566 
3149.000000	97.074731 
3148.000000	97.076827 
3147.000000	97.078885 
3146.000000	97.080969 
3145.000000	97.083132 
3144.000000	97.085385 
3143.000000	97.087666 
3142.000000	97.089852 
3141.000000	97.091866 
3140.000000	97.093764 
3139.000000	97.095718 
3138.000000	97.097866 
3137.000000	97.100206 
3136.000000	97.102596 
3135.000000	97.104850 
3134.000000	97.106862 
3133.000000	97.108680 
3132.000000	97.110453 
3131.000000	97.112290 
3130.000000	97.114217 
3129.000000	97.116309 
3128.000000	97.118739 
3127.000000	97.121611 
3126.000000	97.124771 
3125.000000	97.127825 
3124.000000	97.130407 
3123.000000	97.132376 
3122.000000	97.133813 
3121.000000	97.134993 
3120.000000	97.136265 
3119.000000	97.137826 
3118.000000	97.139634 
3117.000000	97.141623 
3116.000000	97.143920 
3115.000000	97.146683 
3114.000000	97.149764 
3113.000000	97.152733 
3112.000000	97.155346 
3111.000000	97.157829 
3110.000000	97.160542 
3109.000000	97.163432 
3108.000000	97.166051 
3107.000000	97.168164 
3106.000000	97.170050 
3105.000000	97.172078 
3104.000000	97.174156 
3103.000000	97.175778 
3102.000000	97.176567 
3101.000000	97.176657 
3100.000000	97.176591 
3099.000000	97.176974 
3098.000000	97.178299 
3097.000000	97.180900 
3096.000000	97.184677 
3095.000000	97.188783 
3094.000000	97.192131 
3093.000000	97.194325 
3092.000000	97.195856 
3091.000000	97.197275 
3090.000000	97.198494 
3089.000000	97.199141 
3088.000000	97.199256 
3087.000000	97.199417 
3086.000000	97.200303 
3085.000000	97.202132 
3084.000000	97.204420 
3083.000000	97.206287 
3082.000000	97.207288 
3081.000000	97.207995 
3080.000000	97.209432 
3079.000000	97.211811 
3078.000000	97.214278 
3077.000000	97.216187 
3076.000000	97.218038 
3075.000000	97.220571 
3074.000000	97.223460 
3073.000000	97.225744 
3072.000000	97.227232 
3071.000000	97.228461 
3070.000000	97.229515 
3069.000000	97.230045 
3068.000000	97.230446 
3067.000000	97.231772 
3066.000000	97.234096 
3065.000000	97.236085 
3064.000000	97.236707 
3063.000000	97.236405 
3062.000000	97.236065 
3061.000000	97.235690 
3060.000000	97.234693 
3059.000000	97.233074 
3058.000000	97.231933 
3057.000000	97.232859 
3056.000000	97.236438 
3055.000000	97.240859 
3054.000000	97.242662 
3053.000000	97.240113 
3052.000000	97.235817 
3051.000000	97.234716 
3050.000000	97.238868 
3049.000000	97.245203 
3048.000000	97.248814 
3047.000000	97.247566 
3046.000000	97.242826 
3045.000000	97.237214 
3044.000000	97.232809 
3043.000000	97.230939 
3042.000000	97.232196 
3041.000000	97.235842 
3040.000000	97.239646 
3039.000000	97.241100 
3038.000000	97.239080 
3037.000000	97.234424 
3036.000000	97.228922 
3035.000000	97.223753 
3034.000000	97.219132 
3033.000000	97.215171 
3032.000000	97.212210 
3031.000000	97.210156 
3030.000000	97.208249 
3029.000000	97.205844 
3028.000000	97.202622 
3027.000000	97.197737 
3026.000000	97.189847 
3025.000000	97.179012 
3024.000000	97.167790 
3023.000000	97.159107 
3022.000000	97.153401 
3021.000000	97.149181 
3020.000000	97.145764 
3019.000000	97.143500 
3018.000000	97.141345 
3017.000000	97.136467 
3016.000000	97.127299 
3015.000000	97.115625 
3014.000000	97.104925 
3013.000000	97.097525 
3012.000000	97.093608 
3011.000000	97.091611 
3010.000000	97.088858 
3009.000000	97.082965 
3008.000000	97.073542 
3007.000000	97.062141 
3006.000000	97.050250 
3005.000000	97.038148 
3004.000000	97.026009 
3003.000000	97.014939 
3002.000000	97.006145 
3001.000000	96.999751 
3000.000000	96.994807 
2999.000000	96.989667 
2998.000000	96.982353 
2997.000000	96.971827 
2996.000000	96.959401 
2995.000000	96.947827 
2994.000000	96.938161 
2993.000000	96.928434 
2992.000000	96.916223 
2991.000000	96.901888 
2990.000000	96.888475 
2989.000000	96.879056 
2988.000000	96.874904 
2987.000000	96.875556 
2986.000000	96.879610 
2985.000000	96.885489 
2984.000000	96.891999 
2983.000000	96.898423 
2982.000000	96.904176 
2981.000000	96.908619 
2980.000000	96.911139 
2979.000000	96.911063 
2978.000000	96.907855 
2977.000000	96.902243 
2976.000000	96.897063 
2975.000000	96.895751 
2974.000000	96.899507 
2973.000000	96.906629 
2972.000000	96.914748 
2971.000000	96.922776 
2970.000000	96.930399 
2969.000000	96.937103 
2968.000000	96.942756 
2967.000000	96.948213 
2966.000000	96.954297 
2965.000000	96.960736 
2964.000000	96.966971 
2963.000000	96.973449 
2962.000000	96.981093 
2961.000000	96.989848 
2960.000000	96.998772 
2959.000000	97.007468 
2958.000000	97.016474 
2957.000000	97.025987 
2956.000000	97.034755 
2955.000000	97.040609 
2954.000000	97.042343 
2953.000000	97.041442 
2952.000000	97.041829 
2951.000000	97.046925 
2950.000000	97.056157 
2949.000000	97.065010 
2948.000000	97.069320 
2947.000000	97.069161 
2946.000000	97.068072 
2945.000000	97.069066 
2944.000000	97.072212 
2943.000000	97.075689 
2942.000000	97.077836 
2941.000000	97.077995 
2940.000000	97.076649 
2939.000000	97.075481 
2938.000000	97.076433 
2937.000000	97.079865 
2936.000000	97.083924 
2935.000000	97.086183 
2934.000000	97.085677 
2933.000000	97.083135 
2932.000000	97.079881 
2931.000000	97.077159 
2930.000000	97.076167 
2929.000000	97.077710 
2928.000000	97.081315 
2927.000000	97.085118 
2926.000000	97.087278 
2925.000000	97.087733 
2924.000000	97.088325 
2923.000000	97.090803 
2922.000000	97.094668 
2921.000000	97.097322 
2920.000000	97.096745 
2919.000000	97.093812 
2918.000000	97.091372 
2917.000000	97.090750 
2916.000000	97.089888 
2915.000000	97.085819 
2914.000000	97.078721 
2913.000000	97.072435 
2912.000000	97.070472 
2911.000000	97.072334 
2910.000000	97.074412 
2909.000000	97.074108 
2908.000000	97.072124 
2907.000000	97.070627 
2906.000000	97.070232 
2905.000000	97.069257 
2904.000000	97.065616 
2903.000000	97.059403 
2902.000000	97.053756 
2901.000000	97.052941 
2900.000000	97.058876 
2899.000000	97.069476 
2898.000000	97.080431 
2897.000000	97.088868 
2896.000000	97.094750 
2895.000000	97.098884 
2894.000000	97.101439 
2893.000000	97.103089 
2892.000000	97.105923 
2891.000000	97.111418 
2890.000000	97.118167 
2889.000000	97.123298 
2888.000000	97.125895 
2887.000000	97.127382 
2886.000000	97.128715 
2885.000000	97.129394 
2884.000000	97.129919 
2883.000000	97.132982 
2882.000000	97.140455 
2881.000000	97.150443 
2880.000000	97.159189 
2879.000000	97.165572 
2878.000000	97.171720 
2877.000000	97.179193 
2876.000000	97.186552 
2875.000000	97.191532 
2874.000000	97.194172 
2873.000000	97.196556 
2872.000000	97.200160 
2871.000000	97.204636 
2870.000000	97.209017 
2869.000000	97.212953 
2868.000000	97.216559 
2867.000000	97.219872 
2866.000000	97.222963 
2865.000000	97.226254 
2864.000000	97.230495 
2863.000000	97.236591 
2862.000000	97.245305 
2861.000000	97.256520 
2860.000000	97.268583 
2859.000000	97.279211 
2858.000000	97.287645 
2857.000000	97.295403 
2856.000000	97.304324 
2855.000000	97.314191 
2854.000000	97.323073 
2853.000000	97.329690 
2852.000000	97.334319 
2851.000000	97.337572 
2850.000000	97.339565 
2849.000000	97.340774 
2848.000000	97.342561 
2847.000000	97.345840 
2846.000000	97.349748 
2845.000000	97.352633 
2844.000000	97.354173 
2843.000000	97.355715 
2842.000000	97.358646 
2841.000000	97.362984 
2840.000000	97.367554 
2839.000000	97.371086 
2838.000000	97.373159 
2837.000000	97.374536 
2836.000000	97.376684 
2835.000000	97.380623 
2834.000000	97.386161 
2833.000000	97.392364 
2832.000000	97.398483 
2831.000000	97.404086 
2830.000000	97.408527 
2829.000000	97.411012 
2828.000000	97.411438 
2827.000000	97.410857 
2826.000000	97.410964 
2825.000000	97.413081 
2824.000000	97.417346 
2823.000000	97.422431 
2822.000000	97.426188 
2821.000000	97.427171 
2820.000000	97.425758 
2819.000000	97.423729 
2818.000000	97.422701 
2817.000000	97.423110 
2816.000000	97.424571 
2815.000000	97.426546 
2814.000000	97.428462 
2813.000000	97.429677 
2812.000000	97.429882 
2811.000000	97.429483 
2810.000000	97.429372 
2809.000000	97.430232 
2808.000000	97.432178 
2807.000000	97.434950 
2806.000000	97.438219 
2805.000000	97.441572 
2804.000000	97.444349 
2803.000000	97.445871 
2802.000000	97.446047 
2801.000000	97.445698 
2800.000000	97.446034 
2799.000000	97.447545 
2798.000000	97.449610 
2797.000000	97.451229 
2796.000000	97.452048 
2795.000000	97.452509 
2794.000000	97.453231 
2793.000000	97.454412 
2792.000000	97.455835 
2791.000000	97.457192 
2790.000000	97.458314 
2789.000000	97.459225 
2788.000000	97.460074 
2787.000000	97.461020 
2786.000000	97.462126 
2785.000000	97.463349 
2784.000000	97.464600 
2783.000000	97.465799 
2782.000000	97.466908 
2781.000000	97.467960 
2780.000000	97.469040 
2779.000000	97.470207 
2778.000000	97.471452 
2777.000000	97.472687 
2776.000000	97.473811 
2775.000000	97.474820 
2774.000000	97.475818 
2773.000000	97.476894 
2772.000000	97.477992 
2771.000000	97.478981 
2770.000000	97.479828 
2769.000000	97.480690 
2768.000000	97.481786 
2767.000000	97.483164 
2766.000000	97.484623 
2765.000000	97.485909 
2764.000000	97.487010 
2763.000000	97.488159 
2762.000000	97.489491 
2761.000000	97.490803 
2760.000000	97.491793 
2759.000000	97.492511 
2758.000000	97.493350 
2757.000000	97.494505 
2756.000000	97.495624 
2755.000000	97.496232 
2754.000000	97.496338 
2753.000000	97.496457 
2752.000000	97.497030 
2751.000000	97.498001 
2750.000000	97.499086 
2749.000000	97.500152 
2748.000000	97.501134 
2747.000000	97.501784 
2746.000000	97.501857 
2745.000000	97.501531 
2744.000000	97.501398 
2743.000000	97.501860 
2742.000000	97.502784 
2741.000000	97.503732 
2740.000000	97.504433 
2739.000000	97.504913 
2738.000000	97.505273 
2737.000000	97.505590 
2736.000000	97.505994 
2735.000000	97.506656 
2734.000000	97.507616 
2733.000000	97.508719 
2732.000000	97.509737 
2731.000000	97.510555 
2730.000000	97.511233 
2729.000000	97.511918 
2728.000000	97.512685 
2727.000000	97.513441 
2726.000000	97.514038 
2725.000000	97.514466 
2724.000000	97.514874 
2723.000000	97.515401 
2722.000000	97.516031 
2721.000000	97.516664 
2720.000000	97.517253 
2719.000000	97.517835 
2718.000000	97.518453 
2717.000000	97.519094 
2716.000000	97.519730 
2715.000000	97.520363 
2714.000000	97.521033 
2713.000000	97.521759 
2712.000000	97.522514 
2711.000000	97.523243 
2710.000000	97.523909 
2709.000000	97.524522 
2708.000000	97.525128 
2707.000000	97.525780 
2706.000000	97.526500 
2705.000000	97.527279 
2704.000000	97.528073 
2703.000000	97.528816 
2702.000000	97.529457 
2701.000000	97.530011 
2700.000000	97.530589 
2699.000000	97.531305 
2698.000000	97.532179 
2697.000000	97.533075 
2696.000000	97.533787 
2695.000000	97.534233 
2694.000000	97.534502 
2693.000000	97.534765 
2692.000000	97.535109 
2691.000000	97.535503 
2690.000000	97.535875 
2689.000000	97.536187 
2688.000000	97.536433 
2687.000000	97.536611 
2686.000000	97.536745 
2685.000000	97.536925 
2684.000000	97.537241 
2683.000000	97.537666 
2682.000000	97.538034 
2681.000000	97.538220 
2680.000000	97.538273 
2679.000000	97.538354 
2678.000000	97.538541 
2677.000000	97.538781 
2676.000000	97.538964 
2675.000000	97.538973 
2674.000000	97.538720 
2673.000000	97.538276 
2672.000000	97.537896 
2671.000000	97.537765 
2670.000000	97.537794 
2669.000000	97.537762 
2668.000000	97.537617 
2667.000000	97.537450 
2666.000000	97.537224 
2665.000000	97.536776 
2664.000000	97.536105 
2663.000000	97.535485 
2662.000000	97.535180 
2661.000000	97.535153 
2660.000000	97.535112 
2659.000000	97.534814 
2658.000000	97.534280 
2657.000000	97.533694 
2656.000000	97.533220 
2655.000000	97.532871 
2654.000000	97.532530 
2653.000000	97.532067 
2652.000000	97.531506 
2651.000000	97.531045 
2650.000000	97.530871 
2649.000000	97.530948 
2648.000000	97.531037 
2647.000000	97.530935 
2646.000000	97.530597 
2645.000000	97.530058 
2644.000000	97.529376 
2643.000000	97.528679 
2642.000000	97.528152 
2641.000000	97.527884 
2640.000000	97.527782 
2639.000000	97.527700 
2638.000000	97.527600 
2637.000000	97.527521 
2636.000000	97.527477 
2635.000000	97.527502 
2634.000000	97.527699 
2633.000000	97.528093 
2632.000000	97.528419 
2631.000000	97.528281 
2630.000000	97.527561 
2629.000000	97.526628 
2628.000000	97.526044 
2627.000000	97.526004 
2626.000000	97.526261 
2625.000000	97.526498 
2624.000000	97.526681 
2623.000000	97.526972 
2622.000000	97.527368 
2621.000000	97.527564 
2620.000000	97.527210 
2619.000000	97.526215 
2618.000000	97.524879 
2617.000000	97.523728 
2616.000000	97.523155 
2615.000000	97.523137 
2614.000000	97.523273 
2613.000000	97.523157 
2612.000000	97.522741 
2611.000000	97.522356 
2610.000000	97.522419 
2609.000000	97.523082 
2608.000000	97.524052 
2607.000000	97.524793 
2606.000000	97.525072 
2605.000000	97.525229 
2604.000000	97.525687 
2603.000000	97.526239 
2602.000000	97.526251 
2601.000000	97.525627 
2600.000000	97.525044 
2599.000000	97.524892 
2598.000000	97.524658 
2597.000000	97.523850 
2596.000000	97.522896 
2595.000000	97.522488 
2594.000000	97.522499 
2593.000000	97.522371 
2592.000000	97.522286 
2591.000000	97.522845 
2590.000000	97.523706 
2589.000000	97.523793 
2588.000000	97.523050 
2587.000000	97.522728 
2586.000000	97.523522 
2585.000000	97.524594 
2584.000000	97.524923 
2583.000000	97.524680 
2582.000000	97.524586 
2581.000000	97.524787 
2580.000000	97.525106 
2579.000000	97.525743 
2578.000000	97.527011 
2577.000000	97.528739 
2576.000000	97.530363 
2575.000000	97.531335 
2574.000000	97.531289 
2573.000000	97.530285 
2572.000000	97.528950 
2571.000000	97.527783 
2570.000000	97.526384 
2569.000000	97.524132 
2568.000000	97.521580 
2567.000000	97.520111 
2566.000000	97.520027 
2565.000000	97.520194 
2564.000000	97.519906 
2563.000000	97.519821 
2562.000000	97.520430 
2561.000000	97.521082 
2560.000000	97.521513 
2559.000000	97.523047 
2558.000000	97.526820 
2557.000000	97.531632 
2556.000000	97.534952 
2555.000000	97.535852 
2554.000000	97.535437 
2553.000000	97.534701 
2552.000000	97.533390 
2551.000000	97.531483 
2550.000000	97.530208 
2549.000000	97.530553 
2548.000000	97.531654 
2547.000000	97.531764 
2546.000000	97.530455 
2545.000000	97.528899 
2544.000000	97.528029 
2543.000000	97.527346 
2542.000000	97.526000 
2541.000000	97.524352 
2540.000000	97.523676 
2539.000000	97.524447 
2538.000000	97.525721 
2537.000000	97.526385 
2536.000000	97.526551 
2535.000000	97.527104 
2534.000000	97.528208 
2533.000000	97.528985 
2532.000000	97.528748 
2531.000000	97.527875 
2530.000000	97.527199 
2529.000000	97.526926 
2528.000000	97.526628 
2527.000000	97.526132 
2526.000000	97.525906 
2525.000000	97.526446 
2524.000000	97.527650 
2523.000000	97.528905 
2522.000000	97.529633 
2521.000000	97.529688 
2520.000000	97.529333 
2519.000000	97.529024 
2518.000000	97.529054 
2517.000000	97.529283 
2516.000000	97.529245 
2515.000000	97.528680 
2514.000000	97.527970 
2513.000000	97.527858 
2512.000000	97.528680 
2511.000000	97.530125 
2510.000000	97.531636 
2509.000000	97.532887 
2508.000000	97.533799 
2507.000000	97.534304 
2506.000000	97.534426 
2505.000000	97.534515 
2504.000000	97.535034 
2503.000000	97.535948 
2502.000000	97.536632 
2501.000000	97.536618 
2500.000000	97.536141 
2499.000000	97.535825 
2498.000000	97.535912 
2497.000000	97.536158 
2496.000000	97.536398 
2495.000000	97.536817 
2494.000000	97.537534 
2493.000000	97.538241 
2492.000000	97.538584 
2491.000000	97.538703 
2490.000000	97.539086 
2489.000000	97.539915 
2488.000000	97.540817 
2487.000000	97.541309 
2486.000000	97.541274 
2485.000000	97.540980 
2484.000000	97.540819 
2483.000000	97.541041 
2482.000000	97.541592 
2481.000000	97.542115 
2480.000000	97.542235 
2479.000000	97.541969 
2478.000000	97.541807 
2477.000000	97.542227 
2476.000000	97.543137 
2475.000000	97.543853 
2474.000000	97.543718 
2473.000000	97.542708 
2472.000000	97.541448 
2471.000000	97.540603 
2470.000000	97.540330 
2469.000000	97.540392 
2468.000000	97.540624 
2467.000000	97.541127 
2466.000000	97.541947 
2465.000000	97.542795 
2464.000000	97.543337 
2463.000000	97.543692 
2462.000000	97.544476 
2461.000000	97.546268 
2460.000000	97.549022 
2459.000000	97.551919 
2458.000000	97.553797 
2457.000000	97.553918 
2456.000000	97.552421 
2455.000000	97.550304 
2454.000000	97.548732 
2453.000000	97.548060 
2452.000000	97.547669 
2451.000000	97.546870 
2450.000000	97.545947 
2449.000000	97.545950 
2448.000000	97.547336 
2447.000000	97.549244 
2446.000000	97.550347 
2445.000000	97.550262 
2444.000000	97.549652 
2443.000000	97.549243 
2442.000000	97.549215 
2441.000000	97.549471 
2440.000000	97.549966 
2439.000000	97.550668 
2438.000000	97.551631 
2437.000000	97.553121 
2436.000000	97.555265 
2435.000000	97.557525 
2434.000000	97.558991 
2433.000000	97.559354 
2432.000000	97.559262 
2431.000000	97.559612 
2430.000000	97.560771 
2429.000000	97.562593 
2428.000000	97.564749 
2427.000000	97.566777 
2426.000000	97.568009 
2425.000000	97.567820 
2424.000000	97.566315 
2423.000000	97.564380 
2422.000000	97.562888 
2421.000000	97.562639 
2420.000000	97.564298 
2419.000000	97.567249 
2418.000000	97.569563 
2417.000000	97.570284 
2416.000000	97.570690 
2415.000000	97.572258 
2414.000000	97.574815 
2413.000000	97.577490 
2412.000000	97.580107 
2411.000000	97.582390 
2410.000000	97.583238 
2409.000000	97.582427 
2408.000000	97.581946 
2407.000000	97.583792 
2406.000000	97.587028 
2405.000000	97.588699 
2404.000000	97.587367 
2403.000000	97.584323 
2402.000000	97.581729 
2401.000000	97.581039 
2400.000000	97.582821 
2399.000000	97.586498 
2398.000000	97.590340 
2397.000000	97.592999 
2396.000000	97.594848 
2395.000000	97.596760 
2394.000000	97.598226 
2393.000000	97.598298 
2392.000000	97.597803 
2391.000000	97.598801 
2390.000000	97.602025 
2389.000000	97.606492 
2388.000000	97.611429 
2387.000000	97.616993 
2386.000000	97.623045 
2385.000000	97.628460 
2384.000000	97.632101 
2383.000000	97.633266 
2382.000000	97.630809 
2381.000000	97.623410 
2380.000000	97.611356 
2379.000000	97.597135 
2378.000000	97.583583 
2377.000000	97.572443 
2376.000000	97.565399 
2375.000000	97.564711 
2374.000000	97.570976 
2373.000000	97.580927 
2372.000000	97.589471 
2371.000000	97.594213 
2370.000000	97.596180 
2369.000000	97.596587 
2368.000000	97.595234 
2367.000000	97.591921 
2366.000000	97.587414 
2365.000000	97.582741 
2364.000000	97.578853 
2363.000000	97.576458 
2362.000000	97.575838 
2361.000000	97.576594 
2360.000000	97.577786 
2359.000000	97.579015 
2358.000000	97.579822 
2357.000000	97.579530 
2356.000000	97.578159 
2355.000000	97.576313 
2354.000000	97.574433 
2353.000000	97.573310 
2352.000000	97.574133 
2351.000000	97.576718 
2350.000000	97.579460 
2349.000000	97.581049 
2348.000000	97.581623 
2347.000000	97.581857 
2346.000000	97.582367 
2345.000000	97.583335 
2344.000000	97.584588 
2343.000000	97.585868 
2342.000000	97.587089 
2341.000000	97.588327 
2340.000000	97.589663 
2339.000000	97.591137 
2338.000000	97.592718 
2337.000000	97.594353 
2336.000000	97.596040 
2335.000000	97.597824 
2334.000000	97.599662 
2333.000000	97.601408 
2332.000000	97.603000 
2331.000000	97.604589 
2330.000000	97.606317 
2329.000000	97.608216 
2328.000000	97.610245 
2327.000000	97.612372 
2326.000000	97.614398 
2325.000000	97.615980 
2324.000000	97.617229 
2323.000000	97.618471 
2322.000000	97.619658 
2321.000000	97.620175 
2320.000000	97.620059 
2319.000000	97.620306 
2318.000000	97.621525 
2317.000000	97.622912 
2316.000000	97.622918 
2315.000000	97.621359 
2314.000000	97.619370 
2313.000000	97.618594 
2312.000000	97.619782 
2311.000000	97.623373 
2310.000000	97.628282 
2309.000000	97.632551 
2308.000000	97.634402 
2307.000000	97.634777 
2306.000000	97.634504 
2305.000000	97.633649 
2304.000000	97.632431 
2303.000000	97.632799 
2302.000000	97.636232 
2301.000000	97.642275 
2300.000000	97.647684 
2299.000000	97.648687 
2298.000000	97.643167 
2297.000000	97.632040 
2296.000000	97.618915 
2295.000000	97.608055 
2294.000000	97.600850 
2293.000000	97.595298 
2292.000000	97.589478 
2291.000000	97.583875 
2290.000000	97.579919 
2289.000000	97.577596 
2288.000000	97.575755 
2287.000000	97.573340 
2286.000000	97.569646 
2285.000000	97.564544 
2284.000000	97.559167 
2283.000000	97.555211 
2282.000000	97.552763 
2281.000000	97.549889 
2280.000000	97.544933 
2279.000000	97.538195 
2278.000000	97.531029 
2277.000000	97.524793 
2276.000000	97.520974 
2275.000000	97.520504 
2274.000000	97.522307 
2273.000000	97.524170 
2272.000000	97.525255 
2271.000000	97.526045 
2270.000000	97.526027 
2269.000000	97.523942 
2268.000000	97.520597 
2267.000000	97.518576 
2266.000000	97.518743 
2265.000000	97.519307 
2264.000000	97.518619 
2263.000000	97.516805 
2262.000000	97.514326 
2261.000000	97.511169 
2260.000000	97.507945 
2259.000000	97.505708 
2258.000000	97.504370 
2257.000000	97.502960 
2256.000000	97.501659 
2255.000000	97.501848 
2254.000000	97.503736 
2253.000000	97.505255 
2252.000000	97.504296 
2251.000000	97.500910 
2250.000000	97.496441 
2249.000000	97.491884 
2248.000000	97.487797 
2247.000000	97.484904 
2246.000000	97.483514 
2245.000000	97.482908 
2244.000000	97.481948 
2243.000000	97.480238 
2242.000000	97.478188 
2241.000000	97.476312 
2240.000000	97.474811 
2239.000000	97.473582 
2238.000000	97.472367 
2237.000000	97.470957 
2236.000000	97.469378 
2235.000000	97.467787 
2234.000000	97.466249 
2233.000000	97.464715 
2232.000000	97.463147 
2231.000000	97.461553 
2230.000000	97.459937 
2229.000000	97.458273 
2228.000000	97.456538 
2227.000000	97.454745 
2226.000000	97.452908 
2225.000000	97.451021 
2224.000000	97.449068 
2223.000000	97.447038 
2222.000000	97.444962 
2221.000000	97.442924 
2220.000000	97.440948 
2219.000000	97.438959 
2218.000000	97.436884 
2217.000000	97.434757 
2216.000000	97.432703 
2215.000000	97.430781 
2214.000000	97.428893 
2213.000000	97.426875 
2212.000000	97.424725 
2211.000000	97.422660 
2210.000000	97.420854 
2209.000000	97.419215 
2208.000000	97.417489 
2207.000000	97.415528 
2206.000000	97.413383 
2205.000000	97.411273 
2204.000000	97.409562 
2203.000000	97.408780 
2202.000000	97.409207 
2201.000000	97.410077 
2200.000000	97.409678 
2199.000000	97.406752 
2198.000000	97.401552 
2197.000000	97.395676 
2196.000000	97.391012 
2195.000000	97.388399 
2194.000000	97.386969 
2193.000000	97.385364 
2192.000000	97.383870 
2191.000000	97.383941 
2190.000000	97.385124 
2189.000000	97.384577 
2188.000000	97.380713 
2187.000000	97.374817 
2186.000000	97.367596 
2185.000000	97.357439 
2184.000000	97.345203 
2183.000000	97.337551 
2182.000000	97.340527 
2181.000000	97.351550 
2180.000000	97.361028 
2179.000000	97.362847 
2178.000000	97.359207 
2177.000000	97.355512 
2176.000000	97.354699 
2175.000000	97.356716 
2174.000000	97.360201 
2173.000000	97.363634 
2172.000000	97.366848 
2171.000000	97.371157 
2170.000000	97.376006 
2169.000000	97.376830 
2168.000000	97.369367 
2167.000000	97.355378 
2166.000000	97.341077 
2165.000000	97.330248 
2164.000000	97.322096 
2163.000000	97.315565 
2162.000000	97.312152 
2161.000000	97.314069 
2160.000000	97.322515 
2159.000000	97.337544 
2158.000000	97.356814 
2157.000000	97.375229 
2156.000000	97.388652 
2155.000000	97.396834 
2154.000000	97.401721 
2153.000000	97.405639 
2152.000000	97.411322 
2151.000000	97.419792 
2150.000000	97.427233 
2149.000000	97.428325 
2148.000000	97.424431 
2147.000000	97.423611 
2146.000000	97.430002 
2145.000000	97.438682 
2144.000000	97.444710 
2143.000000	97.451326 
2142.000000	97.463282 
2141.000000	97.476886 
2140.000000	97.484095 
2139.000000	97.484485 
2138.000000	97.486049 
2137.000000	97.494178 
2136.000000	97.505388 
2135.000000	97.512490 
2134.000000	97.511936 
2133.000000	97.505998 
2132.000000	97.500980 
2131.000000	97.502564 
2130.000000	97.510586 
2129.000000	97.518981 
2128.000000	97.522488 
2127.000000	97.522225 
2126.000000	97.522904 
2125.000000	97.526362 
2124.000000	97.530323 
2123.000000	97.532246 
2122.000000	97.531504 
2121.000000	97.528490 
2120.000000	97.523985 
2119.000000	97.519371 
2118.000000	97.516041 
2117.000000	97.514484 
2116.000000	97.514402 
2115.000000	97.514922 
2114.000000	97.514343 
2113.000000	97.511201 
2112.000000	97.506568 
2111.000000	97.503730 
2110.000000	97.504407 
2109.000000	97.506872 
2108.000000	97.508800 
2107.000000	97.510130 
2106.000000	97.511660 
2105.000000	97.513021 
2104.000000	97.513958 
2103.000000	97.515566 
2102.000000	97.517908 
2101.000000	97.518239 
2100.000000	97.514326 
2099.000000	97.508466 
2098.000000	97.505781 
2097.000000	97.508664 
2096.000000	97.515085 
2095.000000	97.521407 
2094.000000	97.525154 
2093.000000	97.525454 
2092.000000	97.522777 
2091.000000	97.519093 
2090.000000	97.516930 
2089.000000	97.517363 
2088.000000	97.519302 
2087.000000	97.520645 
2086.000000	97.519766 
2085.000000	97.516305 
2084.000000	97.511464 
2083.000000	97.507214 
2082.000000	97.504476 
2081.000000	97.502647 
2080.000000	97.501466 
2079.000000	97.502064 
2078.000000	97.504743 
2077.000000	97.507036 
2076.000000	97.506326 
2075.000000	97.503547 
2074.000000	97.501608 
2073.000000	97.500497 
2072.000000	97.497024 
2071.000000	97.489650 
2070.000000	97.480715 
2069.000000	97.473542 
2068.000000	97.469282 
2067.000000	97.467173 
2066.000000	97.465962 
2065.000000	97.464270 
2064.000000	97.461055 
2063.000000	97.456687 
2062.000000	97.452809 
2061.000000	97.450733 
2060.000000	97.450654 
2059.000000	97.452234 
2058.000000	97.454674 
2057.000000	97.456189 
2056.000000	97.454742 
2055.000000	97.449668 
2054.000000	97.442279 
2053.000000	97.434757 
2052.000000	97.428617 
2051.000000	97.424032 
2050.000000	97.420230 
2049.000000	97.416527 
2048.000000	97.413225 
2047.000000	97.411183 
2046.000000	97.410323 
2045.000000	97.409397 
2044.000000	97.407656 
2043.000000	97.405774 
2042.000000	97.404584 
2041.000000	97.403872 
2040.000000	97.403246 
2039.000000	97.403273 
2038.000000	97.404406 
2037.000000	97.405335 
2036.000000	97.403991 
2035.000000	97.400082 
2034.000000	97.395637 
2033.000000	97.392987 
2032.000000	97.392711 
2031.000000	97.393631 
2030.000000	97.393822 
2029.000000	97.391949 
2028.000000	97.388340 
2027.000000	97.384829 
2026.000000	97.382867 
2025.000000	97.382315 
2024.000000	97.382668 
2023.000000	97.384523 
2022.000000	97.388575 
2021.000000	97.393454 
2020.000000	97.396182 
2019.000000	97.395026 
2018.000000	97.390633 
2017.000000	97.385020 
2016.000000	97.380287 
2015.000000	97.377773 
2014.000000	97.376926 
2013.000000	97.375100 
2012.000000	97.370541 
2011.000000	97.365728 
2010.000000	97.365193 
2009.000000	97.370002 
2008.000000	97.376449 
2007.000000	97.380686 
2006.000000	97.382648 
2005.000000	97.384066 
2004.000000	97.385508 
2003.000000	97.386919 
2002.000000	97.389054 
2001.000000	97.391852 
2000.000000	97.393014 
1999.000000	97.389851 
1998.000000	97.382122 
1997.000000	97.372627 
1996.000000	97.365099 
1995.000000	97.361654 
1994.000000	97.361817 
1993.000000	97.363048 
1992.000000	97.362646 
1991.000000	97.360379 
1990.000000	97.358737 
1989.000000	97.360039 
1988.000000	97.363707 
1987.000000	97.366483 
1986.000000	97.365310 
1985.000000	97.360123 
1984.000000	97.353934 
1983.000000	97.350034 
1982.000000	97.349232 
1981.000000	97.350005 
1980.000000	97.351223 
1979.000000	97.353232 
1978.000000	97.355928 
1977.000000	97.357766 
1976.000000	97.357791 
1975.000000	97.357647 
1974.000000	97.360038 
1973.000000	97.365940 
1972.000000	97.373898 
1971.000000	97.381223 
1970.000000	97.385401 
1969.000000	97.385219 
1968.000000	97.381506 
1967.000000	97.377060 
1966.000000	97.374900 
1965.000000	97.376141 
1964.000000	97.380146 
1963.000000	97.385777 
1962.000000	97.392036 
1961.000000	97.397844 
1960.000000	97.402079 
1959.000000	97.404279 
1958.000000	97.405214 
1957.000000	97.406549 
1956.000000	97.409462 
1955.000000	97.413523 
1954.000000	97.417131 
1953.000000	97.419340 
1952.000000	97.420749 
1951.000000	97.422497 
1950.000000	97.424949 
1949.000000	97.427827 
1948.000000	97.431262 
1947.000000	97.435580 
1946.000000	97.440127 
1945.000000	97.443474 
1944.000000	97.445079 
1943.000000	97.445892 
1942.000000	97.447077 
1941.000000	97.448750 
1940.000000	97.450494 
1939.000000	97.452223 
1938.000000	97.454232 
1937.000000	97.456915 
1936.000000	97.460490 
1935.000000	97.464568 
1934.000000	97.468021 
1933.000000	97.470118 
1932.000000	97.471632 
1931.000000	97.474297 
1930.000000	97.478604 
1929.000000	97.482761 
1928.000000	97.485437 
1927.000000	97.487339 
1926.000000	97.489566 
1925.000000	97.491460 
1924.000000	97.492018 
1923.000000	97.492393 
1922.000000	97.493896 
1921.000000	97.495453 
1920.000000	97.495536 
1919.000000	97.494851 
1918.000000	97.494816 
1917.000000	97.494721 
1916.000000	97.493670 
1915.000000	97.493136 
1914.000000	97.494780 
1913.000000	97.497751 
1912.000000	97.499512 
1911.000000	97.499404 
1910.000000	97.498941 
1909.000000	97.499216 
1908.000000	97.500301 
1907.000000	97.501753 
1906.000000	97.502945 
1905.000000	97.502812 
1904.000000	97.500908 
1903.000000	97.498897 
1902.000000	97.498405 
1901.000000	97.498849 
1900.000000	97.498924 
1899.000000	97.498553 
1898.000000	97.498494 
1897.000000	97.498770 
1896.000000	97.498731 
1895.000000	97.498405 
1894.000000	97.498149 
1893.000000	97.497732 
1892.000000	97.496913 
1891.000000	97.496381 
1890.000000	97.496891 
1889.000000	97.498059 
1888.000000	97.499103 
1887.000000	97.499948 
1886.000000	97.500770 
1885.000000	97.501369 
1884.000000	97.501531 
1883.000000	97.501487 
1882.000000	97.501635 
1881.000000	97.502102 
1880.000000	97.502791 
1879.000000	97.503543 
1878.000000	97.504220 
1877.000000	97.504794 
1876.000000	97.505366 
1875.000000	97.506126 
1874.000000	97.507162 
1873.000000	97.508322 
1872.000000	97.509361 
1871.000000	97.510239 
1870.000000	97.511075 
1869.000000	97.511898 
1868.000000	97.512712 
1867.000000	97.513727 
1866.000000	97.515035 
1865.000000	97.516365 
1864.000000	97.517452 
1863.000000	97.518457 
1862.000000	97.519778 
1861.000000	97.521497 
1860.000000	97.523332 
1859.000000	97.525115 
1858.000000	97.526912 
1857.000000	97.528683 
1856.000000	97.530285 
1855.000000	97.531755 
1854.000000	97.533237 
1853.000000	97.534637 
1852.000000	97.535925 
1851.000000	97.537321 
1850.000000	97.538974 
1849.000000	97.540773 
1848.000000	97.542487 
1847.000000	97.544111 
1846.000000	97.545782 
1845.000000	97.547463 
1844.000000	97.548908 
1843.000000	97.550208 
1842.000000	97.551692 
1841.000000	97.553188 
1840.000000	97.554498 
1839.000000	97.555806 
1838.000000	97.557329 
1837.000000	97.558757 
1836.000000	97.559629 
1835.000000	97.560191 
1834.000000	97.561087 
1833.000000	97.562336 
1832.000000	97.563408 
1831.000000	97.563903 
1830.000000	97.563948 
1829.000000	97.564146 
1828.000000	97.564886 
1827.000000	97.566015 
1826.000000	97.567387 
1825.000000	97.568919 
1824.000000	97.570067 
1823.000000	97.570517 
1822.000000	97.570556 
1821.000000	97.570505 
1820.000000	97.570430 
1819.000000	97.570466 
1818.000000	97.571254 
1817.000000	97.572629 
1816.000000	97.573135 
1815.000000	97.572272 
1814.000000	97.571218 
1813.000000	97.571381 
1812.000000	97.572321 
1811.000000	97.572567 
1810.000000	97.572216 
1809.000000	97.572033 
1808.000000	97.571925 
1807.000000	97.571704 
1806.000000	97.571647 
1805.000000	97.571531 
1804.000000	97.570627 
1803.000000	97.569466 
1802.000000	97.569185 
1801.000000	97.569737 
1800.000000	97.569447 
1799.000000	97.567741 
1798.000000	97.566557 
1797.000000	97.566759 
1796.000000	97.567199 
1795.000000	97.567182 
1794.000000	97.567574 
1793.000000	97.569013 
1792.000000	97.570174 
1791.000000	97.570636 
1790.000000	97.571899 
1789.000000	97.573607 
1788.000000	97.574623 
1787.000000	97.575298 
1786.000000	97.576808 
1785.000000	97.578725 
1784.000000	97.579499 
1783.000000	97.579247 
1782.000000	97.578842 
1781.000000	97.579248 
1780.000000	97.580680 
1779.000000	97.582512 
1778.000000	97.584439 
1777.000000	97.586216 
1776.000000	97.587882 
1775.000000	97.589287 
1774.000000	97.590249 
1773.000000	97.590932 
1772.000000	97.591568 
1771.000000	97.592358 
1770.000000	97.593471 
1769.000000	97.594782 
1768.000000	97.596124 
1767.000000	97.597372 
1766.000000	97.598498 
1765.000000	97.599584 
1764.000000	97.600698 
1763.000000	97.601862 
1762.000000	97.603050 
1761.000000	97.604247 
1760.000000	97.605445 
1759.000000	97.606624 
1758.000000	97.607776 
1757.000000	97.608912 
1756.000000	97.610071 
1755.000000	97.611189 
1754.000000	97.612115 
1753.000000	97.612805 
1752.000000	97.613541 
1751.000000	97.614582 
1750.000000	97.615774 
1749.000000	97.616711 
1748.000000	97.617244 
1747.000000	97.617586 
1746.000000	97.617686 
1745.000000	97.617936 
1744.000000	97.619009 
1743.000000	97.620653 
1742.000000	97.621861 
1741.000000	97.622020 
1740.000000	97.621295 
1739.000000	97.620730 
1738.000000	97.621398 
1737.000000	97.622256 
1736.000000	97.622300 
1735.000000	97.623271 
1734.000000	97.624480 
1733.000000	97.623089 
1732.000000	97.621546 
1731.000000	97.621109 
1730.000000	97.622127 
1729.000000	97.623992 
1728.000000	97.625187 
1727.000000	97.624858 
1726.000000	97.623369 
1725.000000	97.622581 
1724.000000	97.622508 
1723.000000	97.622248 
1722.000000	97.622516 
1721.000000	97.622766 
1720.000000	97.621355 
1719.000000	97.618838 
1718.000000	97.618285 
1717.000000	97.618615 
1716.000000	97.615949 
1715.000000	97.611401 
1714.000000	97.608693 
1713.000000	97.607667 
1712.000000	97.605255 
1711.000000	97.601534 
1710.000000	97.598871 
1709.000000	97.597308 
1708.000000	97.594672 
1707.000000	97.590265 
1706.000000	97.586246 
1705.000000	97.583515 
1704.000000	97.580566 
1703.000000	97.576376 
1702.000000	97.572481 
1701.000000	97.570898 
1700.000000	97.568180 
1699.000000	97.563180 
1698.000000	97.559593 
1697.000000	97.556480 
1696.000000	97.552686 
1695.000000	97.548507 
1694.000000	97.544998 
1693.000000	97.541510 
1692.000000	97.537315 
1691.000000	97.532904 
1690.000000	97.528681 
1689.000000	97.524600 
1688.000000	97.520552 
1687.000000	97.516429 
1686.000000	97.512265 
1685.000000	97.508089 
1684.000000	97.503849 
1683.000000	97.499583 
1682.000000	97.495351 
1681.000000	97.491120 
1680.000000	97.486902 
1679.000000	97.482718 
1678.000000	97.478549 
1677.000000	97.474360 
1676.000000	97.470194 
1675.000000	97.466105 
1674.000000	97.461978 
1673.000000	97.457719 
1672.000000	97.453317 
1671.000000	97.448981 
1670.000000	97.444880 
1669.000000	97.440701 
1668.000000	97.436721 
1667.000000	97.433395 
1666.000000	97.430266 
1665.000000	97.426784 
1664.000000	97.423067 
1663.000000	97.419729 
1662.000000	97.416368 
1661.000000	97.412331 
1660.000000	97.408352 
1659.000000	97.404940 
1658.000000	97.401447 
1657.000000	97.397314 
1656.000000	97.392986 
1655.000000	97.390070 
1654.000000	97.390270 
1653.000000	97.386175 
1652.000000	97.375288 
1651.000000	97.371406 
1650.000000	97.370136 
1649.000000	97.366393 
1648.000000	97.362865 
1647.000000	97.361794 
1646.000000	97.360804 
1645.000000	97.359737 
1644.000000	97.358534 
1643.000000	97.357120 
1642.000000	97.355979 
1641.000000	97.355348 
1640.000000	97.355711 
1639.000000	97.356199 
1638.000000	97.356333 
1637.000000	97.356883 
1636.000000	97.357435 
1635.000000	97.354774 
1634.000000	97.352546 
1633.000000	97.353645 
1632.000000	97.354307 
1631.000000	97.355179 
1630.000000	97.357125 
1629.000000	97.358364 
1628.000000	97.358259 
1627.000000	97.360059 
1626.000000	97.364360 
1625.000000	97.368496 
1624.000000	97.371823 
1623.000000	97.375745 
1622.000000	97.380138 
1621.000000	97.384060 
1620.000000	97.387871 
1619.000000	97.392527 
1618.000000	97.398642 
1617.000000	97.401143 
1616.000000	97.398426 
1615.000000	97.399397 
1614.000000	97.405024 
1613.000000	97.408313 
1612.000000	97.409181 
1611.000000	97.412389 
1610.000000	97.417464 
1609.000000	97.421701 
1608.000000	97.428095 
1607.000000	97.439500 
1606.000000	97.450173 
1605.000000	97.455126 
1604.000000	97.458900 
1603.000000	97.465659 
1602.000000	97.473211 
1601.000000	97.478576 
1600.000000	97.483462 
1599.000000	97.489498 
1598.000000	97.494524 
1597.000000	97.497111 
1596.000000	97.499298 
1595.000000	97.503407 
1594.000000	97.508535 
1593.000000	97.512772 
1592.000000	97.516590 
1591.000000	97.521265 
1590.000000	97.526115 
1589.000000	97.530208 
1588.000000	97.534700 
1587.000000	97.540746 
1586.000000	97.546520 
1585.000000	97.549161 
1584.000000	97.550440 
1583.000000	97.553287 
1582.000000	97.556365 
1581.000000	97.558053 
1580.000000	97.560341 
1579.000000	97.564762 
1578.000000	97.569862 
1577.000000	97.574006 
1576.000000	97.576027 
1575.000000	97.577875 
1574.000000	97.581219 
1573.000000	97.583786 
1572.000000	97.585375 
1571.000000	97.588011 
1570.000000	97.590034 
1569.000000	97.588345 
1568.000000	97.586985 
1567.000000	97.587841 
1566.000000	97.587494 
1565.000000	97.584949 
1564.000000	97.583018 
1563.000000	97.582141 
1562.000000	97.579086 
1561.000000	97.574026 
1560.000000	97.577519 
1559.000000	97.586773 
1558.000000	97.584766 
1557.000000	97.580116 
1556.000000	97.577562 
1555.000000	97.576756 
1554.000000	97.576382 
1553.000000	97.575165 
1552.000000	97.572774 
1551.000000	97.569436 
1550.000000	97.566679 
1549.000000	97.564042 
1548.000000	97.560055 
1547.000000	97.554489 
1546.000000	97.547840 
1545.000000	97.541573 
1544.000000	97.536695 
1543.000000	97.532929 
1542.000000	97.530277 
1541.000000	97.527462 
1540.000000	97.519653 
1539.000000	97.508134 
1538.000000	97.500022 
1537.000000	97.493984 
1536.000000	97.486106 
1535.000000	97.477968 
1534.000000	97.472105 
1533.000000	97.467872 
1532.000000	97.463050 
1531.000000	97.456369 
1530.000000	97.448062 
1529.000000	97.438856 
1528.000000	97.429636 
1527.000000	97.421697 
1526.000000	97.415240 
1525.000000	97.408849 
1524.000000	97.401008 
1523.000000	97.391945 
1522.000000	97.383465 
1521.000000	97.375680 
1520.000000	97.367236 
1519.000000	97.357171 
1518.000000	97.345696 
1517.000000	97.335266 
1516.000000	97.327297 
1515.000000	97.320750 
1514.000000	97.313788 
1513.000000	97.305872 
1512.000000	97.296775 
1511.000000	97.286230 
1510.000000	97.275109 
1509.000000	97.265054 
1508.000000	97.257994 
1507.000000	97.252811 
1506.000000	97.245125 
1505.000000	97.234925 
1504.000000	97.224431 
1503.000000	97.213254 
1502.000000	97.201439 
1501.000000	97.190042 
1500.000000	97.179278 
1499.000000	97.168185 
1498.000000	97.157076 
1497.000000	97.148143 
1496.000000	97.141494 
1495.000000	97.136477 
1494.000000	97.132841 
1493.000000	97.129120 
1492.000000	97.123957 
1491.000000	97.117874 
1490.000000	97.112412 
1489.000000	97.106540 
1488.000000	97.096615 
1487.000000	97.083543 
1486.000000	97.071994 
1485.000000	97.061199 
1484.000000	97.049339 
1483.000000	97.037286 
1482.000000	97.027749 
1481.000000	97.021201 
1480.000000	97.013662 
1479.000000	97.002993 
1478.000000	96.991663 
1477.000000	96.982794 
1476.000000	96.974652 
1475.000000	96.965743 
1474.000000	96.957588 
1473.000000	96.952325 
1472.000000	96.948645 
1471.000000	96.944022 
1470.000000	96.938297 
1469.000000	96.930156 
1468.000000	96.918621 
1467.000000	96.905984 
1466.000000	96.896232 
1465.000000	96.890890 
1464.000000	96.888024 
1463.000000	96.882798 
1462.000000	96.872825 
1461.000000	96.858671 
1460.000000	96.843001 
1459.000000	96.829094 
1458.000000	96.821114 
1457.000000	96.819985 
1456.000000	96.820150 
1455.000000	96.816750 
1454.000000	96.806259 
1453.000000	96.793514 
1452.000000	96.786210 
1451.000000	96.785507 
1450.000000	96.788843 
1449.000000	96.794972 
1448.000000	96.801590 
1447.000000	96.805612 
1446.000000	96.804800 
1445.000000	96.802050 
1444.000000	96.801438 
1443.000000	96.800804 
1442.000000	96.797836 
1441.000000	96.793468 
1440.000000	96.788944 
1439.000000	96.782210 
1438.000000	96.776073 
1437.000000	96.778113 
1436.000000	96.786782 
1435.000000	96.791911 
1434.000000	96.790020 
1433.000000	96.786329 
1432.000000	96.786252 
1431.000000	96.789269 
1430.000000	96.792475 
1429.000000	96.796756 
1428.000000	96.801580 
1427.000000	96.804377 
1426.000000	96.803433 
1425.000000	96.804187 
1424.000000	96.812281 
1423.000000	96.820545 
1422.000000	96.820492 
1421.000000	96.815872 
1420.000000	96.818166 
1419.000000	96.826841 
1418.000000	96.832332 
1417.000000	96.835022 
1416.000000	96.838698 
1415.000000	96.842285 
1414.000000	96.842462 
1413.000000	96.840152 
1412.000000	96.839992 
1411.000000	96.842944 
1410.000000	96.846958 
1409.000000	96.851421 
1408.000000	96.855931 
1407.000000	96.861228 
1406.000000	96.869022 
1405.000000	96.882416 
1404.000000	96.901669 
1403.000000	96.918932 
1402.000000	96.928612 
1401.000000	96.935669 
1400.000000	96.949909 
1399.000000	96.971749 
1398.000000	96.990599 
1397.000000	96.999138 
1396.000000	97.001037 
1395.000000	97.005607 
1394.000000	97.017465 
1393.000000	97.036097 
1392.000000	97.058256 
1391.000000	97.078487 
1390.000000	97.093489 
1389.000000	97.104615 
1388.000000	97.115375 
1387.000000	97.126629 
1386.000000	97.136114 
1385.000000	97.143707 
1384.000000	97.152898 
1383.000000	97.165278 
1382.000000	97.178814 
1381.000000	97.190656 
1380.000000	97.201010 
1379.000000	97.212401 
1378.000000	97.225245 
1377.000000	97.237576 
1376.000000	97.248705 
1375.000000	97.260617 
1374.000000	97.274798 
1373.000000	97.290912 
1372.000000	97.307390 
1371.000000	97.322937 
1370.000000	97.336713 
1369.000000	97.349172 
1368.000000	97.361772 
1367.000000	97.373343 
1366.000000	97.381765 
1365.000000	97.388239 
1364.000000	97.397586 
1363.000000	97.412473 
1362.000000	97.429343 
1361.000000	97.443127 
1360.000000	97.453836 
1359.000000	97.464715 
1358.000000	97.476621 
1357.000000	97.487738 
1356.000000	97.497221 
1355.000000	97.505483 
1354.000000	97.512867 
1353.000000	97.519668 
1352.000000	97.526404 
1351.000000	97.535137 
1350.000000	97.545989 
1349.000000	97.556234 
1348.000000	97.563978 
1347.000000	97.569255 
1346.000000	97.573889 
1345.000000	97.578980 
1344.000000	97.583619 
1343.000000	97.585659 
1342.000000	97.584891 
1341.000000	97.584533 
1340.000000	97.588432 
1339.000000	97.596138 
1338.000000	97.603507 
1337.000000	97.608302 
1336.000000	97.611475 
1335.000000	97.613768 
1334.000000	97.614786 
1333.000000	97.615028 
1332.000000	97.616024 
1331.000000	97.617970 
1330.000000	97.619410 
1329.000000	97.620008 
1328.000000	97.621397 
1327.000000	97.624618 
1326.000000	97.628027 
1325.000000	97.629351 
1324.000000	97.627915 
1323.000000	97.623670 
1322.000000	97.617270 
1321.000000	97.611290 
1320.000000	97.609130 
1319.000000	97.611498 
1318.000000	97.615766 
1317.000000	97.619029 
1316.000000	97.620096 
1315.000000	97.618745 
1314.000000	97.615760 
1313.000000	97.613820 
1312.000000	97.615453 
1311.000000	97.619528 
1310.000000	97.622175 
1309.000000	97.621691 
1308.000000	97.620238 
1307.000000	97.620629 
1306.000000	97.623001 
1305.000000	97.626011 
1304.000000	97.629013 
1303.000000	97.631124 
1302.000000	97.630654 
1301.000000	97.627032 
1300.000000	97.622451 
1299.000000	97.620057 
1298.000000	97.620983 
1297.000000	97.623561 
1296.000000	97.625081 
1295.000000	97.624100 
1294.000000	97.621664 
1293.000000	97.620395 
1292.000000	97.621619 
1291.000000	97.623899 
1290.000000	97.625351 
1289.000000	97.626337 
1288.000000	97.628046 
1287.000000	97.629349 
1286.000000	97.627742 
1285.000000	97.623396 
1284.000000	97.619664 
1283.000000	97.618913 
1282.000000	97.619863 
1281.000000	97.619844 
1280.000000	97.618243 
1279.000000	97.616660 
1278.000000	97.616975 
1277.000000	97.620006 
1276.000000	97.624705 
1275.000000	97.628236 
1274.000000	97.628222 
1273.000000	97.625606 
1272.000000	97.623874 
1271.000000	97.624928 
1270.000000	97.627101 
1269.000000	97.627836 
1268.000000	97.626582 
1267.000000	97.624145 
1266.000000	97.621181 
1265.000000	97.618603 
1264.000000	97.617803 
1263.000000	97.619218 
1262.000000	97.621453 
1261.000000	97.622873 
1260.000000	97.623781 
1259.000000	97.625903 
1258.000000	97.629683 
1257.000000	97.632689 
1256.000000	97.631179 
1255.000000	97.624405 
1254.000000	97.617144 
1253.000000	97.615657 
1252.000000	97.620078 
1251.000000	97.623400 
1250.000000	97.620008 
1249.000000	97.612885 
1248.000000	97.609441 
1247.000000	97.611991 
1246.000000	97.616068 
1245.000000	97.616939 
1244.000000	97.613759 
1243.000000	97.608243 
1242.000000	97.603385 
1241.000000	97.603146 
1240.000000	97.609087 
1239.000000	97.616690 
1238.000000	97.618677 
1237.000000	97.612723 
1236.000000	97.602753 
1235.000000	97.592635 
1234.000000	97.582432 
1233.000000	97.571600 
1232.000000	97.561603 
1231.000000	97.553297 
1230.000000	97.544954 
1229.000000	97.534841 
1228.000000	97.523060 
1227.000000	97.509256 
1226.000000	97.491088 
1225.000000	97.466939 
1224.000000	97.438176 
1223.000000	97.407100 
1222.000000	97.374240 
1221.000000	97.338946 
1220.000000	97.301120 
1219.000000	97.261167 
1218.000000	97.219537 
1217.000000	97.176890 
1216.000000	97.132972 
1215.000000	97.085083 
1214.000000	97.030406 
1213.000000	96.970918 
1212.000000	96.912969 
1211.000000	96.859787 
1210.000000	96.806812 
1209.000000	96.747167 
1208.000000	96.680051 
1207.000000	96.611173 
1206.000000	96.545921 
1205.000000	96.484210 
1204.000000	96.421744 
1203.000000	96.354539 
1202.000000	96.282409 
1201.000000	96.209078 
1200.000000	96.138433 
1199.000000	96.070333 
1198.000000	96.001343 
1197.000000	95.929718 
1196.000000	95.857255 
1195.000000	95.785502 
1194.000000	95.712866 
1193.000000	95.637239 
1192.000000	95.559174 
1191.000000	95.480428 
1190.000000	95.401389 
1189.000000	95.321787 
1188.000000	95.241819 
1187.000000	95.160505 
1186.000000	95.075285 
1185.000000	94.985483 
1184.000000	94.893811 
1183.000000	94.802171 
1182.000000	94.708667 
1181.000000	94.611467 
1180.000000	94.512472 
1179.000000	94.413294 
1178.000000	94.310441 
1177.000000	94.199264 
1176.000000	94.080802 
1175.000000	93.960159 
1174.000000	93.839776 
1173.000000	93.719128 
1172.000000	93.599437 
1171.000000	93.482895 
1170.000000	93.368031 
1169.000000	93.251778 
1168.000000	93.136385 
1167.000000	93.029334 
1166.000000	92.936946 
1165.000000	92.863614 
1164.000000	92.816567 
1163.000000	92.804009 
1162.000000	92.826171 
1161.000000	92.872039 
1160.000000	92.925042 
1159.000000	92.968332 
1158.000000	92.986948 
1157.000000	92.972254 
1156.000000	92.925934 
1155.000000	92.856219 
1154.000000	92.770200 
1153.000000	92.672770 
1152.000000	92.570749 
1151.000000	92.471422 
1150.000000	92.376523 
1149.000000	92.283283 
1148.000000	92.191555 
1147.000000	92.103897 
1146.000000	92.018490 
1145.000000	91.928943 
1144.000000	91.832834 
1143.000000	91.734625 
1142.000000	91.638549 
1141.000000	91.544126 
1140.000000	91.450250 
1139.000000	91.358006 
1138.000000	91.267421 
1137.000000	91.176313 
1136.000000	91.083876 
1135.000000	90.990971 
1134.000000	90.896234 
1133.000000	90.797036 
1132.000000	90.694818 
1131.000000	90.593994 
1130.000000	90.495006 
1129.000000	90.394185 
1128.000000	90.290898 
1127.000000	90.188433 
1126.000000	90.086895 
1125.000000	89.981892 
1124.000000	89.871969 
1123.000000	89.761216 
1122.000000	89.652711 
1121.000000	89.545134 
1120.000000	89.437477 
1119.000000	89.331247 
1118.000000	89.226562 
1117.000000	89.122001 
1116.000000	89.019414 
1115.000000	88.922845 
1114.000000	88.831917 
1113.000000	88.742619 
1112.000000	88.654666 
1111.000000	88.570671 
1110.000000	88.488353 
1109.000000	88.401812 
1108.000000	88.310254 
1107.000000	88.218007 
1106.000000	88.126500 
1105.000000	88.034042 
1104.000000	87.942824 
1103.000000	87.857073 
1102.000000	87.774464 
1101.000000	87.688435 
1100.000000	87.598836 
1099.000000	87.511928 
1098.000000	87.430432 
1097.000000	87.352094 
1096.000000	87.276644 
1095.000000	87.203963 
1094.000000	87.127064 
1093.000000	87.038480 
1092.000000	86.943601 
1091.000000	86.856768 
1090.000000	86.783808 
1089.000000	86.718505 
1088.000000	86.655095 
1087.000000	86.592499 
1086.000000	86.527206 
1085.000000	86.455015 
1084.000000	86.380492 
1083.000000	86.312588 
1082.000000	86.250296 
1081.000000	86.184462 
1080.000000	86.113676 
1079.000000	86.045508 
1078.000000	85.981608 
1077.000000	85.914796 
1076.000000	85.841822 
1075.000000	85.765603 
1074.000000	85.683659 
1073.000000	85.587526 
1072.000000	85.474539 
1071.000000	85.346737 
1070.000000	85.197448 
1069.000000	85.014324 
1068.000000	84.799306 
1067.000000	84.572779 
1066.000000	84.353981 
1065.000000	84.148195 
1064.000000	83.954559 
1063.000000	83.770684 
1062.000000	83.585061 
1061.000000	83.380746 
1060.000000	83.154281 
1059.000000	82.920503 
1058.000000	82.694019 
1057.000000	82.476147 
1056.000000	82.262427 
1055.000000	82.049642 
1054.000000	81.831652 
1053.000000	81.601877 
1052.000000	81.365291 
1051.000000	81.135347 
1050.000000	80.914139 
1049.000000	80.689332 
1048.000000	80.454175 
1047.000000	80.214967 
1046.000000	79.976628 
1045.000000	79.736992 
1044.000000	79.497123 
1043.000000	79.262252 
1042.000000	79.030708 
1041.000000	78.795964 
1040.000000	78.561065 
1039.000000	78.337234 
1038.000000	78.127995 
1037.000000	77.929431 
1036.000000	77.745150 
1035.000000	77.583858 
1034.000000	77.442212 
1033.000000	77.307619 
1032.000000	77.177957 
1031.000000	77.060650 
1030.000000	76.953647 
1029.000000	76.848045 
1028.000000	76.749669 
1027.000000	76.675987 
1026.000000	76.628816 
1025.000000	76.590051 
1024.000000	76.546776 
1023.000000	76.501002 
1022.000000	76.452997 
1021.000000	76.396605 
1020.000000	76.334506 
1019.000000	76.278079 
1018.000000	76.228544 
1017.000000	76.176588 
1016.000000	76.122281 
1015.000000	76.075786 
1014.000000	76.037050 
1013.000000	75.995456 
1012.000000	75.951401 
1011.000000	75.917174 
1010.000000	75.894361 
1009.000000	75.871936 
1008.000000	75.849659 
1007.000000	75.841826 
1006.000000	75.854210 
1005.000000	75.878011 
1004.000000	75.909555 
1003.000000	75.954624 
1002.000000	76.009666 
1001.000000	76.060723 
1000.000000	76.106385 
999.000000	 76.161323 
998.000000	 76.231892 
997.000000	 76.307886 
996.000000	 76.383034 
995.000000	 76.464223 
994.000000	 76.555242 
993.000000	 76.650105 
992.000000	 76.747280 
991.000000	 76.852516 
990.000000	 76.963607 
989.000000	 77.070536 
988.000000	 77.174639 
987.000000	 77.289589 
986.000000	 77.419924 
985.000000	 77.556818 
984.000000	 77.697934 
983.000000	 77.852265 
982.000000	 78.021299 
981.000000	 78.194392 
980.000000	 78.367508 
979.000000	 78.548691 
978.000000	 78.740345 
977.000000	 78.934056 
976.000000	 79.127803 
975.000000	 79.330958 
974.000000	 79.546814 
973.000000	 79.766323 
972.000000	 79.984199 
971.000000	 80.206052 
970.000000	 80.434831 
969.000000	 80.664585 
968.000000	 80.891809 
967.000000	 81.119496 
966.000000	 81.347013 
965.000000	 81.569481 
964.000000	 81.789375 
963.000000	 82.014880 
962.000000	 82.244634 
961.000000	 82.467860 
960.000000	 82.681283 
959.000000	 82.891857 
958.000000	 83.101156 
957.000000	 83.301524 
956.000000	 83.490218 
955.000000	 83.673846 
954.000000	 83.856385 
953.000000	 84.035249 
952.000000	 84.210467 
951.000000	 84.384550 
950.000000	 84.552261 
949.000000	 84.704338 
948.000000	 84.842627 
947.000000	 84.978166 
946.000000	 85.112981 
945.000000	 85.237564 
944.000000	 85.348202 
943.000000	 85.452986 
942.000000	 85.558458 
941.000000	 85.663489 
940.000000	 85.768707 
939.000000	 85.878271 
938.000000	 85.989416 
937.000000	 86.093524 
936.000000	 86.190665 
935.000000	 86.290589 
934.000000	 86.396678 
933.000000	 86.501812 
932.000000	 86.603077 
931.000000	 86.707230 
930.000000	 86.817435 
929.000000	 86.926751 
928.000000	 87.029584 
927.000000	 87.128952 
926.000000	 87.228124 
925.000000	 87.324231 
924.000000	 87.413381 
923.000000	 87.493951 
922.000000	 87.563693 
921.000000	 87.622647 
920.000000	 87.679249 
919.000000	 87.743481 
918.000000	 87.813228 
917.000000	 87.877482 
916.000000	 87.933746 
915.000000	 87.992113 
914.000000	 88.061817 
913.000000	 88.144492 
912.000000	 88.241099 
911.000000	 88.354220 
910.000000	 88.482248 
909.000000	 88.621693 
908.000000	 88.775544 
907.000000	 88.949157 
906.000000	 89.138704 
905.000000	 89.334386 
904.000000	 89.533634 
903.000000	 89.739777 
902.000000	 89.949669 
901.000000	 90.155211 
900.000000	 90.355986 
899.000000	 90.558397 
898.000000	 90.762911 
897.000000	 90.963347 
896.000000	 91.157202 
895.000000	 91.345229 
894.000000	 91.523058 
893.000000	 91.685367 
892.000000	 91.836812 
891.000000	 91.986865 
890.000000	 92.134619 
889.000000	 92.269649 
888.000000	 92.386392 
887.000000	 92.487016 
886.000000	 92.573229 
885.000000	 92.647232 
884.000000	 92.717502 
883.000000	 92.789844 
882.000000	 92.855602 
881.000000	 92.904784 
880.000000	 92.949440 
879.000000	 93.016132 
878.000000	 93.113622 
877.000000	 93.225589 
876.000000	 93.337718 
875.000000	 93.454314 
874.000000	 93.584308 
873.000000	 93.728816 
872.000000	 93.888323 
871.000000	 94.066066 
870.000000	 94.257415 
869.000000	 94.448342 
868.000000	 94.629466 
867.000000	 94.801192 
866.000000	 94.963068 
865.000000	 95.110412 
864.000000	 95.245179 
863.000000	 95.378936 
862.000000	 95.519730 
861.000000	 95.664048 
860.000000	 95.805016 
859.000000	 95.940245 
858.000000	 96.068965 
857.000000	 96.189585 
856.000000	 96.302836 
855.000000	 96.410529 
854.000000	 96.509711 
853.000000	 96.594992 
852.000000	 96.667376 
851.000000	 96.734031 
850.000000	 96.799611 
849.000000	 96.864972 
848.000000	 96.932754 
847.000000	 97.004778 
846.000000	 97.074738 
845.000000	 97.133440 
844.000000	 97.181104 
843.000000	 97.225139 
842.000000	 97.266473 
841.000000	 97.298101 
840.000000	 97.316479 
839.000000	 97.323727 
838.000000	 97.319294 
837.000000	 97.301369 
836.000000	 97.277589 
835.000000	 97.262324 
834.000000	 97.260177 
833.000000	 97.262762 
832.000000	 97.264570 
831.000000	 97.270705 
830.000000	 97.285132 
829.000000	 97.303033 
828.000000	 97.321381 
827.000000	 97.347147 
826.000000	 97.387440 
825.000000	 97.439177 
824.000000	 97.494547 
823.000000	 97.548821 
822.000000	 97.598168 
821.000000	 97.638148 
820.000000	 97.667886 
819.000000	 97.688343 
818.000000	 97.694860 
817.000000	 97.678480 
816.000000	 97.635695 
815.000000	 97.570381 
814.000000	 97.485099 
813.000000	 97.376204 
812.000000	 97.237291 
811.000000	 97.059957 
810.000000	 96.830574 
809.000000	 96.534876 
808.000000	 96.169409 
807.000000	 95.744475 
806.000000	 95.276250 
805.000000	 94.782855 
804.000000	 94.287666 
803.000000	 93.815892 
802.000000	 93.384682 
801.000000	 93.005216 
800.000000	 92.694401 
799.000000	 92.471257 
798.000000	 92.339158 
797.000000	 92.283724 
796.000000	 92.288762 
795.000000	 92.340773 
794.000000	 92.419368 
793.000000	 92.501491 
792.000000	 92.577800 
791.000000	 92.650199 
790.000000	 92.712758 
789.000000	 92.750280 
788.000000	 92.755460 
787.000000	 92.730646 
786.000000	 92.671471 
785.000000	 92.565931 
784.000000	 92.413648 
783.000000	 92.231949 
782.000000	 92.040899 
781.000000	 91.857243 
780.000000	 91.703598 
779.000000	 91.604039 
778.000000	 91.564864 
777.000000	 91.575617 
776.000000	 91.632083 
775.000000	 91.739809 
774.000000	 91.890925 
773.000000	 92.057744 
772.000000	 92.217321 
771.000000	 92.366749 
770.000000	 92.509060 
769.000000	 92.640639 
768.000000	 92.758169 
767.000000	 92.861927 
766.000000	 92.946489 
765.000000	 93.004240 
764.000000	 93.044511 
763.000000	 93.093522 
762.000000	 93.167234 
761.000000	 93.256923 
760.000000	 93.346800 
759.000000	 93.431645 
758.000000	 93.512216 
757.000000	 93.589766 
756.000000	 93.673331 
755.000000	 93.777506 
754.000000	 93.902460 
753.000000	 94.026590 
752.000000	 94.126950 
751.000000	 94.199358 
750.000000	 94.255994 
749.000000	 94.313670 
748.000000	 94.386653 
747.000000	 94.478360 
746.000000	 94.575462 
745.000000	 94.661567 
744.000000	 94.739902 
743.000000	 94.830218 
742.000000	 94.941542 
741.000000	 95.062853 
740.000000	 95.183102 
739.000000	 95.303778 
738.000000	 95.426431 
737.000000	 95.542707 
736.000000	 95.644094 
735.000000	 95.730012 
734.000000	 95.801983 
733.000000	 95.861334 
732.000000	 95.914629 
731.000000	 95.967923 
730.000000	 96.014124 
729.000000	 96.042145 
728.000000	 96.056961 
727.000000	 96.076355 
726.000000	 96.111013 
725.000000	 96.159500 
724.000000	 96.221299 
723.000000	 96.299329 
722.000000	 96.387521 
721.000000	 96.470986 
720.000000	 96.542479 
719.000000	 96.606646 
718.000000	 96.664906 
717.000000	 96.710575 
716.000000	 96.743894 
715.000000	 96.775651 
714.000000	 96.811136 
713.000000	 96.846759 
712.000000	 96.885641 
711.000000	 96.938447 
710.000000	 97.001203 
709.000000	 97.059135 
708.000000	 97.103471 
707.000000	 97.135408 
706.000000	 97.155802 
705.000000	 97.158396 
704.000000	 97.137898 
703.000000	 97.096568 
702.000000	 97.032242 
701.000000	 96.930599 
700.000000	 96.780560 
699.000000	 96.586320 
698.000000	 96.365824 
697.000000	 96.146512 
696.000000	 95.962834 
695.000000	 95.849766 
694.000000	 95.822594 
693.000000	 95.868535 
692.000000	 95.962781 
691.000000	 96.081039 
690.000000	 96.203535 
689.000000	 96.317728 
688.000000	 96.420651 
687.000000	 96.514893 
686.000000	 96.596791 
685.000000	 96.660416 
684.000000	 96.712737 
683.000000	 96.766524 
682.000000	 96.822136 
681.000000	 96.870197 
680.000000	 96.911330 
679.000000	 96.954898 
678.000000	 97.001829 
677.000000	 97.048442 
676.000000	 97.095762 
675.000000	 97.147322 
674.000000	 97.199233 
673.000000	 97.234044 
672.000000	 97.236851 
671.000000	 97.195597 
670.000000	 97.104074 
669.000000	 96.970334 
668.000000	 96.906827 
667.000000	 97.026272 
666.000000	 97.223760 
665.000000	 97.361708 
664.000000	 97.440034 
663.000000	 97.486951 
662.000000	 97.521591 
661.000000	 97.551084 
660.000000	 97.577490 
659.000000	 97.603360 
658.000000	 97.628064 
657.000000	 97.649119 
656.000000	 97.660647 
655.000000	 97.657776 
654.000000	 97.641735 
653.000000	 97.618113 
652.000000	 97.595292 
651.000000	 97.585763 
650.000000	 97.597801 

