4000.000000	97.680498 
3999.000000	97.678883 
3998.000000	97.675539 
3997.000000	97.671786 
3996.000000	97.668960 
3995.000000	97.667574 
3994.000000	97.667603 
3993.000000	97.668525 
3992.000000	97.669297 
3991.000000	97.669224 
3990.000000	97.668717 
3989.000000	97.668714 
3988.000000	97.669415 
3987.000000	97.670203 
3986.000000	97.670795 
3985.000000	97.671633 
3984.000000	97.672840 
3983.000000	97.673728 
3982.000000	97.673879 
3981.000000	97.673939 
3980.000000	97.674649 
3979.000000	97.675621 
3978.000000	97.675960 
3977.000000	97.675750 
3976.000000	97.675832 
3975.000000	97.676240 
3974.000000	97.675901 
3973.000000	97.674112 
3972.000000	97.671377 
3971.000000	97.668670 
3970.000000	97.666676 
3969.000000	97.665719 
3968.000000	97.665864 
3967.000000	97.666743 
3966.000000	97.667674 
3965.000000	97.668083 
3964.000000	97.667722 
3963.000000	97.666696 
3962.000000	97.665410 
3961.000000	97.664474 
3960.000000	97.664098 
3959.000000	97.663778 
3958.000000	97.663182 
3957.000000	97.662583 
3956.000000	97.662283 
3955.000000	97.661949 
3954.000000	97.661014 
3953.000000	97.659404 
3952.000000	97.657587 
3951.000000	97.656188 
3950.000000	97.655464 
3949.000000	97.655157 
3948.000000	97.654785 
3947.000000	97.654203 
3946.000000	97.653630 
3945.000000	97.653155 
3944.000000	97.652584 
3943.000000	97.651955 
3942.000000	97.651792 
3941.000000	97.652600 
3940.000000	97.653987 
3939.000000	97.654577 
3938.000000	97.653635 
3937.000000	97.651784 
3936.000000	97.650087 
3935.000000	97.648688 
3934.000000	97.647187 
3933.000000	97.646012 
3932.000000	97.645934 
3931.000000	97.646609 
3930.000000	97.646753 
3929.000000	97.645865 
3928.000000	97.644953 
3927.000000	97.644784 
3926.000000	97.644718 
3925.000000	97.644065 
3924.000000	97.643345 
3923.000000	97.643087 
3922.000000	97.642645 
3921.000000	97.641492 
3920.000000	97.640395 
3919.000000	97.640220 
3918.000000	97.640690 
3917.000000	97.640995 
3916.000000	97.640916 
3915.000000	97.640687 
3914.000000	97.640355 
3913.000000	97.639811 
3912.000000	97.639192 
3911.000000	97.638604 
3910.000000	97.638088 
3909.000000	97.637596 
3908.000000	97.637106 
3907.000000	97.636622 
3906.000000	97.636149 
3905.000000	97.635707 
3904.000000	97.635322 
3903.000000	97.635016 
3902.000000	97.634787 
3901.000000	97.634614 
3900.000000	97.634460 
3899.000000	97.634298 
3898.000000	97.634119 
3897.000000	97.633929 
3896.000000	97.633733 
3895.000000	97.633517 
3894.000000	97.633258 
3893.000000	97.632957 
3892.000000	97.632624 
3891.000000	97.632269 
3890.000000	97.631914 
3889.000000	97.631587 
3888.000000	97.631292 
3887.000000	97.631010 
3886.000000	97.630738 
3885.000000	97.630489 
3884.000000	97.630281 
3883.000000	97.630107 
3882.000000	97.629938 
3881.000000	97.629767 
3880.000000	97.629617 
3879.000000	97.629512 
3878.000000	97.629451 
3877.000000	97.629401 
3876.000000	97.629335 
3875.000000	97.629258 
3874.000000	97.629205 
3873.000000	97.629205 
3872.000000	97.629258 
3871.000000	97.629338 
3870.000000	97.629442 
3869.000000	97.629601 
3868.000000	97.629845 
3867.000000	97.630145 
3866.000000	97.630453 
3865.000000	97.630762 
3864.000000	97.631100 
3863.000000	97.631458 
3862.000000	97.631795 
3861.000000	97.632086 
3860.000000	97.632353 
3859.000000	97.632620 
3858.000000	97.632899 
3857.000000	97.633201 
3856.000000	97.633560 
3855.000000	97.634005 
3854.000000	97.634528 
3853.000000	97.635101 
3852.000000	97.635758 
3851.000000	97.636554 
3850.000000	97.637471 
3849.000000	97.638448 
3848.000000	97.639434 
3847.000000	97.640407 
3846.000000	97.641368 
3845.000000	97.642324 
3844.000000	97.643282 
3843.000000	97.644235 
3842.000000	97.645179 
3841.000000	97.646125 
3840.000000	97.647086 
3839.000000	97.648056 
3838.000000	97.649014 
3837.000000	97.649948 
3836.000000	97.650870 
3835.000000	97.651798 
3834.000000	97.652739 
3833.000000	97.653680 
3832.000000	97.654611 
3831.000000	97.655525 
3830.000000	97.656424 
3829.000000	97.657315 
3828.000000	97.658198 
3827.000000	97.659063 
3826.000000	97.659901 
3825.000000	97.660722 
3824.000000	97.661546 
3823.000000	97.662373 
3822.000000	97.663174 
3821.000000	97.663940 
3820.000000	97.664710 
3819.000000	97.665530 
3818.000000	97.666379 
3817.000000	97.667195 
3816.000000	97.667956 
3815.000000	97.668694 
3814.000000	97.669433 
3813.000000	97.670149 
3812.000000	97.670798 
3811.000000	97.671388 
3810.000000	97.671948 
3809.000000	97.672467 
3808.000000	97.672904 
3807.000000	97.673256 
3806.000000	97.673574 
3805.000000	97.673919 
3804.000000	97.674300 
3803.000000	97.674680 
3802.000000	97.675034 
3801.000000	97.675378 
3800.000000	97.675747 
3799.000000	97.676138 
3798.000000	97.676504 
3797.000000	97.676815 
3796.000000	97.677087 
3795.000000	97.677341 
3794.000000	97.677574 
3793.000000	97.677765 
3792.000000	97.677898 
3791.000000	97.677966 
3790.000000	97.677971 
3789.000000	97.677927 
3788.000000	97.677849 
3787.000000	97.677743 
3786.000000	97.677599 
3785.000000	97.677408 
3784.000000	97.677190 
3783.000000	97.676966 
3782.000000	97.676722 
3781.000000	97.676433 
3780.000000	97.676095 
3779.000000	97.675725 
3778.000000	97.675327 
3777.000000	97.674882 
3776.000000	97.674382 
3775.000000	97.673849 
3774.000000	97.673313 
3773.000000	97.672775 
3772.000000	97.672213 
3771.000000	97.671611 
3770.000000	97.670986 
3769.000000	97.670360 
3768.000000	97.669736 
3767.000000	97.669097 
3766.000000	97.668441 
3765.000000	97.667785 
3764.000000	97.667148 
3763.000000	97.666510 
3762.000000	97.665836 
3761.000000	97.665111 
3760.000000	97.664357 
3759.000000	97.663585 
3758.000000	97.662784 
3757.000000	97.661942 
3756.000000	97.661076 
3755.000000	97.660229 
3754.000000	97.659431 
3753.000000	97.658696 
3752.000000	97.658031 
3751.000000	97.657425 
3750.000000	97.656853 
3749.000000	97.656320 
3748.000000	97.655857 
3747.000000	97.655466 
3746.000000	97.655103 
3745.000000	97.654717 
3744.000000	97.654291 
3743.000000	97.653853 
3742.000000	97.653409 
3741.000000	97.652898 
3740.000000	97.652275 
3739.000000	97.651565 
3738.000000	97.650803 
3737.000000	97.649993 
3736.000000	97.649118 
3735.000000	97.648171 
3734.000000	97.647138 
3733.000000	97.645990 
3732.000000	97.644735 
3731.000000	97.643300 
3730.000000	97.641811 
3729.000000	97.640511 
3728.000000	97.639084 
3727.000000	97.637083 
3726.000000	97.634972 
3725.000000	97.633754 
3724.000000	97.633143 
3723.000000	97.631726 
3722.000000	97.629140 
3721.000000	97.626284 
3720.000000	97.623900 
3719.000000	97.621336 
3718.000000	97.617543 
3717.000000	97.612995 
3716.000000	97.609304 
3715.000000	97.606785 
3714.000000	97.604553 
3713.000000	97.603496 
3712.000000	97.604599 
3711.000000	97.605091 
3710.000000	97.601871 
3709.000000	97.594740 
3708.000000	97.584925 
3707.000000	97.574094 
3706.000000	97.564110 
3705.000000	97.555784 
3704.000000	97.548427 
3703.000000	97.540990 
3702.000000	97.532544 
3701.000000	97.523037 
3700.000000	97.514439 
3699.000000	97.507779 
3698.000000	97.500768 
3697.000000	97.491985 
3696.000000	97.483411 
3695.000000	97.476852 
3694.000000	97.470885 
3693.000000	97.463529 
3692.000000	97.455495 
3691.000000	97.448478 
3690.000000	97.442062 
3689.000000	97.434200 
3688.000000	97.425236 
3687.000000	97.418015 
3686.000000	97.412910 
3685.000000	97.407593 
3684.000000	97.401045 
3683.000000	97.394219 
3682.000000	97.387733 
3681.000000	97.381094 
3680.000000	97.373920 
3679.000000	97.366785 
3678.000000	97.360256 
3677.000000	97.354161 
3676.000000	97.347921 
3675.000000	97.341468 
3674.000000	97.335607 
3673.000000	97.330486 
3672.000000	97.325377 
3671.000000	97.319881 
3670.000000	97.314303 
3669.000000	97.309036 
3668.000000	97.304284 
3667.000000	97.299872 
3666.000000	97.295426 
3665.000000	97.290907 
3664.000000	97.286569 
3663.000000	97.282462 
3662.000000	97.278213 
3661.000000	97.273468 
3660.000000	97.268507 
3659.000000	97.264164 
3658.000000	97.260681 
3657.000000	97.256989 
3656.000000	97.251691 
3655.000000	97.246352 
3654.000000	97.243332 
3653.000000	97.240268 
3652.000000	97.233960 
3651.000000	97.227811 
3650.000000	97.227126 
3649.000000	97.229861 
3648.000000	97.230164 
3647.000000	97.228442 
3646.000000	97.229653 
3645.000000	97.234854 
3644.000000	97.240444 
3643.000000	97.243314 
3642.000000	97.244507 
3641.000000	97.246471 
3640.000000	97.248725 
3639.000000	97.248235 
3638.000000	97.244711 
3637.000000	97.242418 
3636.000000	97.242680 
3635.000000	97.240027 
3634.000000	97.230155 
3633.000000	97.217920 
3632.000000	97.210799 
3631.000000	97.209363 
3630.000000	97.210841 
3629.000000	97.209129 
3628.000000	97.203165 
3627.000000	97.205896 
3626.000000	97.216685 
3625.000000	97.219556 
3624.000000	97.212384 
3623.000000	97.204424 
3622.000000	97.199576 
3621.000000	97.194647 
3620.000000	97.188627 
3619.000000	97.184516 
3618.000000	97.185926 
3617.000000	97.195230 
3616.000000	97.209064 
3615.000000	97.220760 
3614.000000	97.228255 
3613.000000	97.234804 
3612.000000	97.243809 
3611.000000	97.254137 
3610.000000	97.261135 
3609.000000	97.262911 
3608.000000	97.262633 
3607.000000	97.264176 
3606.000000	97.268076 
3605.000000	97.272261 
3604.000000	97.276574 
3603.000000	97.283141 
3602.000000	97.290892 
3601.000000	97.294895 
3600.000000	97.293044 
3599.000000	97.288386 
3598.000000	97.284509 
3597.000000	97.284386 
3596.000000	97.288979 
3595.000000	97.295556 
3594.000000	97.299048 
3593.000000	97.296917 
3592.000000	97.290053 
3591.000000	97.280137 
3590.000000	97.269183 
3589.000000	97.261137 
3588.000000	97.259755 
3587.000000	97.264987 
3586.000000	97.274880 
3585.000000	97.286389 
3584.000000	97.295215 
3583.000000	97.299636 
3582.000000	97.301294 
3581.000000	97.301902 
3580.000000	97.301479 
3579.000000	97.299818 
3578.000000	97.297304 
3577.000000	97.294906 
3576.000000	97.293285 
3575.000000	97.291783 
3574.000000	97.288952 
3573.000000	97.283611 
3572.000000	97.275741 
3571.000000	97.266376 
3570.000000	97.257175 
3569.000000	97.250412 
3568.000000	97.248732 
3567.000000	97.252688 
3566.000000	97.259908 
3565.000000	97.267135 
3564.000000	97.271133 
3563.000000	97.270764 
3562.000000	97.268303 
3561.000000	97.266787 
3560.000000	97.266866 
3559.000000	97.266959 
3558.000000	97.265531 
3557.000000	97.262552 
3556.000000	97.259483 
3555.000000	97.257675 
3554.000000	97.257018 
3553.000000	97.256251 
3552.000000	97.254522 
3551.000000	97.252167 
3550.000000	97.249690 
3549.000000	97.247139 
3548.000000	97.245310 
3547.000000	97.245627 
3546.000000	97.247893 
3545.000000	97.250125 
3544.000000	97.251126 
3543.000000	97.251415 
3542.000000	97.251698 
3541.000000	97.251792 
3540.000000	97.251378 
3539.000000	97.250546 
3538.000000	97.249549 
3537.000000	97.248605 
3536.000000	97.247907 
3535.000000	97.247532 
3534.000000	97.247116 
3533.000000	97.246274 
3532.000000	97.245260 
3531.000000	97.244853 
3530.000000	97.245201 
3529.000000	97.245362 
3528.000000	97.244413 
3527.000000	97.242618 
3526.000000	97.241086 
3525.000000	97.240633 
3524.000000	97.241420 
3523.000000	97.243137 
3522.000000	97.245134 
3521.000000	97.246576 
3520.000000	97.247002 
3519.000000	97.246640 
3518.000000	97.245993 
3517.000000	97.245201 
3516.000000	97.243898 
3515.000000	97.241900 
3514.000000	97.239834 
3513.000000	97.238682 
3512.000000	97.238691 
3511.000000	97.239148 
3510.000000	97.239150 
3509.000000	97.238494 
3508.000000	97.237666 
3507.000000	97.237062 
3506.000000	97.236460 
3505.000000	97.235544 
3504.000000	97.234593 
3503.000000	97.234255 
3502.000000	97.234821 
3501.000000	97.235949 
3500.000000	97.237026 
3499.000000	97.237640 
3498.000000	97.237656 
3497.000000	97.237083 
3496.000000	97.236003 
3495.000000	97.234564 
3494.000000	97.233027 
3493.000000	97.231761 
3492.000000	97.230990 
3491.000000	97.230610 
3490.000000	97.230312 
3489.000000	97.229818 
3488.000000	97.228967 
3487.000000	97.227613 
3486.000000	97.225693 
3485.000000	97.223515 
3484.000000	97.221753 
3483.000000	97.220952 
3482.000000	97.221076 
3481.000000	97.221649 
3480.000000	97.222238 
3479.000000	97.222564 
3478.000000	97.222278 
3477.000000	97.221070 
3476.000000	97.219031 
3475.000000	97.216661 
3474.000000	97.214569 
3473.000000	97.213192 
3472.000000	97.212613 
3471.000000	97.212486 
3470.000000	97.212270 
3469.000000	97.211683 
3468.000000	97.210893 
3467.000000	97.210217 
3466.000000	97.209751 
3465.000000	97.209254 
3464.000000	97.208327 
3463.000000	97.206734 
3462.000000	97.204559 
3461.000000	97.202112 
3460.000000	97.199708 
3459.000000	97.197462 
3458.000000	97.195350 
3457.000000	97.193357 
3456.000000	97.191525 
3455.000000	97.190037 
3454.000000	97.189063 
3453.000000	97.188575 
3452.000000	97.188379 
3451.000000	97.188272 
3450.000000	97.187988 
3449.000000	97.187103 
3448.000000	97.185312 
3447.000000	97.182754 
3446.000000	97.179946 
3445.000000	97.177356 
3444.000000	97.175216 
3443.000000	97.173679 
3442.000000	97.172754 
3441.000000	97.171967 
3440.000000	97.170554 
3439.000000	97.168138 
3438.000000	97.165098 
3437.000000	97.162151 
3436.000000	97.159769 
3435.000000	97.158210 
3434.000000	97.157557 
3433.000000	97.157478 
3432.000000	97.157307 
3431.000000	97.156698 
3430.000000	97.155945 
3429.000000	97.155451 
3428.000000	97.155004 
3427.000000	97.153836 
3426.000000	97.151585 
3425.000000	97.149017 
3424.000000	97.147419 
3423.000000	97.147154 
3422.000000	97.147235 
3421.000000	97.146568 
3420.000000	97.145243 
3419.000000	97.144072 
3418.000000	97.143210 
3417.000000	97.142070 
3416.000000	97.140500 
3415.000000	97.139112 
3414.000000	97.138169 
3413.000000	97.136976 
3412.000000	97.134861 
3411.000000	97.132288 
3410.000000	97.130497 
3409.000000	97.130327 
3408.000000	97.131695 
3407.000000	97.133727 
3406.000000	97.135238 
3405.000000	97.135463 
3404.000000	97.134506 
3403.000000	97.133039 
3402.000000	97.131662 
3401.000000	97.130743 
3400.000000	97.130567 
3399.000000	97.131195 
3398.000000	97.132234 
3397.000000	97.133149 
3396.000000	97.133745 
3395.000000	97.134131 
3394.000000	97.134367 
3393.000000	97.134438 
3392.000000	97.134473 
3391.000000	97.134682 
3390.000000	97.135138 
3389.000000	97.135828 
3388.000000	97.136887 
3387.000000	97.138482 
3386.000000	97.140443 
3385.000000	97.142206 
3384.000000	97.143184 
3383.000000	97.143271 
3382.000000	97.143081 
3381.000000	97.143644 
3380.000000	97.145484 
3379.000000	97.148073 
3378.000000	97.150436 
3377.000000	97.152338 
3376.000000	97.154329 
3375.000000	97.156511 
3374.000000	97.157992 
3373.000000	97.157981 
3372.000000	97.156976 
3371.000000	97.156484 
3370.000000	97.157550 
3369.000000	97.159996 
3368.000000	97.162858 
3367.000000	97.165241 
3366.000000	97.166810 
3365.000000	97.167768 
3364.000000	97.168576 
3363.000000	97.169549 
3362.000000	97.170651 
3361.000000	97.171765 
3360.000000	97.173040 
3359.000000	97.174701 
3358.000000	97.176589 
3357.000000	97.178246 
3356.000000	97.179535 
3355.000000	97.180902 
3354.000000	97.182902 
3353.000000	97.185703 
3352.000000	97.189106 
3351.000000	97.192768 
3350.000000	97.196291 
3349.000000	97.199219 
3348.000000	97.201252 
3347.000000	97.202508 
3346.000000	97.203469 
3345.000000	97.204566 
3344.000000	97.205727 
3343.000000	97.206377 
3342.000000	97.206079 
3341.000000	97.205186 
3340.000000	97.204617 
3339.000000	97.204898 
3338.000000	97.205820 
3337.000000	97.207019 
3336.000000	97.208490 
3335.000000	97.210316 
3334.000000	97.212171 
3333.000000	97.213498 
3332.000000	97.214151 
3331.000000	97.214573 
3330.000000	97.215311 
3329.000000	97.216501 
3328.000000	97.217908 
3327.000000	97.219297 
3326.000000	97.220638 
3325.000000	97.222025 
3324.000000	97.223401 
3323.000000	97.224488 
3322.000000	97.225116 
3321.000000	97.225516 
3320.000000	97.226141 
3319.000000	97.227208 
3318.000000	97.228568 
3317.000000	97.229961 
3316.000000	97.231227 
3315.000000	97.232304 
3314.000000	97.233170 
3313.000000	97.233896 
3312.000000	97.234617 
3311.000000	97.235426 
3310.000000	97.236320 
3309.000000	97.237241 
3308.000000	97.238139 
3307.000000	97.239000 
3306.000000	97.239852 
3305.000000	97.240729 
3304.000000	97.241640 
3303.000000	97.242577 
3302.000000	97.243534 
3301.000000	97.244506 
3300.000000	97.245482 
3299.000000	97.246453 
3298.000000	97.247412 
3297.000000	97.248358 
3296.000000	97.249300 
3295.000000	97.250247 
3294.000000	97.251203 
3293.000000	97.252169 
3292.000000	97.253147 
3291.000000	97.254138 
3290.000000	97.255138 
3289.000000	97.256134 
3288.000000	97.257120 
3287.000000	97.258093 
3286.000000	97.259057 
3285.000000	97.260020 
3284.000000	97.260984 
3283.000000	97.261953 
3282.000000	97.262928 
3281.000000	97.263912 
3280.000000	97.264906 
3279.000000	97.265908 
3278.000000	97.266915 
3277.000000	97.267926 
3276.000000	97.268940 
3275.000000	97.269957 
3274.000000	97.270977 
3273.000000	97.272005 
3272.000000	97.273043 
3271.000000	97.274092 
3270.000000	97.275147 
3269.000000	97.276197 
3268.000000	97.277237 
3267.000000	97.278265 
3266.000000	97.279292 
3265.000000	97.280329 
3264.000000	97.281379 
3263.000000	97.282438 
3262.000000	97.283495 
3261.000000	97.284542 
3260.000000	97.285575 
3259.000000	97.286596 
3258.000000	97.287611 
3257.000000	97.288628 
3256.000000	97.289654 
3255.000000	97.290691 
3254.000000	97.291736 
3253.000000	97.292784 
3252.000000	97.293833 
3251.000000	97.294883 
3250.000000	97.295933 
3249.000000	97.296976 
3248.000000	97.298008 
3247.000000	97.299030 
3246.000000	97.300049 
3245.000000	97.301073 
3244.000000	97.302103 
3243.000000	97.303138 
3242.000000	97.304172 
3241.000000	97.305207 
3240.000000	97.306246 
3239.000000	97.307293 
3238.000000	97.308347 
3237.000000	97.309409 
3236.000000	97.310484 
3235.000000	97.311575 
3234.000000	97.312673 
3233.000000	97.313752 
3232.000000	97.314775 
3231.000000	97.315739 
3230.000000	97.316697 
3229.000000	97.317719 
3228.000000	97.318818 
3227.000000	97.319951 
3226.000000	97.321130 
3225.000000	97.322459 
3224.000000	97.323983 
3223.000000	97.325550 
3222.000000	97.326936 
3221.000000	97.328123 
3220.000000	97.329303 
3219.000000	97.330528 
3218.000000	97.331617 
3217.000000	97.332443 
3216.000000	97.333118 
3215.000000	97.333869 
3214.000000	97.334854 
3213.000000	97.336136 
3212.000000	97.337686 
3211.000000	97.339332 
3210.000000	97.340808 
3209.000000	97.341939 
3208.000000	97.342741 
3207.000000	97.343287 
3206.000000	97.343662 
3205.000000	97.344141 
3204.000000	97.345183 
3203.000000	97.347062 
3202.000000	97.349583 
3201.000000	97.352190 
3200.000000	97.354383 
3199.000000	97.356007 
3198.000000	97.357315 
3197.000000	97.358688 
3196.000000	97.360153 
3195.000000	97.361285 
3194.000000	97.361808 
3193.000000	97.362193 
3192.000000	97.363283 
3191.000000	97.365305 
3190.000000	97.367536 
3189.000000	97.369093 
3188.000000	97.369845 
3187.000000	97.370465 
3186.000000	97.371817 
3185.000000	97.374297 
3184.000000	97.377518 
3183.000000	97.380639 
3182.000000	97.383146 
3181.000000	97.385117 
3180.000000	97.386752 
3179.000000	97.387970 
3178.000000	97.388748 
3177.000000	97.389520 
3176.000000	97.390841 
3175.000000	97.392811 
3174.000000	97.395155 
3173.000000	97.397642 
3172.000000	97.400026 
3171.000000	97.401837 
3170.000000	97.402801 
3169.000000	97.403335 
3168.000000	97.404130 
3167.000000	97.405266 
3166.000000	97.406277 
3165.000000	97.406953 
3164.000000	97.407526 
3163.000000	97.408174 
3162.000000	97.408819 
3161.000000	97.409432 
3160.000000	97.410170 
3159.000000	97.411138 
3158.000000	97.412330 
3157.000000	97.413785 
3156.000000	97.415517 
3155.000000	97.417297 
3154.000000	97.418801 
3153.000000	97.420030 
3152.000000	97.421307 
3151.000000	97.422791 
3150.000000	97.424247 
3149.000000	97.425365 
3148.000000	97.426134 
3147.000000	97.426827 
3146.000000	97.427763 
3145.000000	97.429097 
3144.000000	97.430706 
3143.000000	97.432191 
3142.000000	97.433180 
3141.000000	97.433679 
3140.000000	97.434096 
3139.000000	97.434854 
3138.000000	97.436027 
3137.000000	97.437409 
3136.000000	97.438732 
3135.000000	97.439782 
3134.000000	97.440461 
3133.000000	97.440898 
3132.000000	97.441423 
3131.000000	97.442277 
3130.000000	97.443421 
3129.000000	97.444713 
3128.000000	97.446160 
3127.000000	97.447866 
3126.000000	97.449812 
3125.000000	97.451775 
3124.000000	97.453453 
3123.000000	97.454628 
3122.000000	97.455251 
3121.000000	97.455544 
3120.000000	97.455920 
3119.000000	97.456654 
3118.000000	97.457725 
3117.000000	97.459012 
3116.000000	97.460475 
3115.000000	97.462036 
3114.000000	97.463455 
3113.000000	97.464532 
3112.000000	97.465414 
3111.000000	97.466500 
3110.000000	97.468000 
3109.000000	97.469737 
3108.000000	97.471412 
3107.000000	97.472941 
3106.000000	97.474397 
3105.000000	97.475705 
3104.000000	97.476580 
3103.000000	97.476774 
3102.000000	97.476372 
3101.000000	97.475841 
3100.000000	97.475670 
3099.000000	97.475935 
3098.000000	97.476478 
3097.000000	97.477505 
3096.000000	97.479566 
3095.000000	97.482683 
3094.000000	97.485860 
3093.000000	97.487868 
3092.000000	97.488372 
3091.000000	97.487876 
3090.000000	97.486840 
3089.000000	97.485317 
3088.000000	97.483459 
3087.000000	97.481967 
3086.000000	97.481844 
3085.000000	97.483592 
3084.000000	97.486449 
3083.000000	97.488566 
3082.000000	97.488636 
3081.000000	97.487476 
3080.000000	97.487169 
3079.000000	97.488401 
3078.000000	97.490047 
3077.000000	97.491682 
3076.000000	97.494505 
3075.000000	97.498688 
3074.000000	97.501751 
3073.000000	97.501486 
3072.000000	97.499092 
3071.000000	97.497239 
3070.000000	97.496218 
3069.000000	97.494580 
3068.000000	97.492678 
3067.000000	97.492633 
3066.000000	97.494824 
3065.000000	97.497157 
3064.000000	97.498028 
3063.000000	97.497487 
3062.000000	97.495324 
3061.000000	97.490725 
3060.000000	97.484560 
3059.000000	97.479862 
3058.000000	97.479086 
3057.000000	97.482187 
3056.000000	97.487297 
3055.000000	97.491676 
3054.000000	97.492260 
3053.000000	97.487865 
3052.000000	97.481705 
3051.000000	97.479240 
3050.000000	97.482168 
3049.000000	97.486259 
3048.000000	97.486111 
3047.000000	97.480324 
3046.000000	97.471055 
3045.000000	97.460786 
3044.000000	97.451462 
3043.000000	97.445365 
3042.000000	97.444266 
3041.000000	97.447099 
3040.000000	97.449744 
3039.000000	97.448010 
3038.000000	97.440592 
3037.000000	97.429259 
3036.000000	97.416599 
3035.000000	97.403811 
3034.000000	97.390900 
3033.000000	97.378373 
3032.000000	97.367586 
3031.000000	97.359161 
3030.000000	97.351770 
3029.000000	97.343027 
3028.000000	97.331001 
3027.000000	97.314753 
3026.000000	97.294633 
3025.000000	97.272874 
3024.000000	97.252782 
3023.000000	97.235814 
3022.000000	97.220031 
3021.000000	97.202824 
3020.000000	97.184450 
3019.000000	97.167118 
3018.000000	97.150995 
3017.000000	97.133373 
3016.000000	97.112141 
3015.000000	97.088347 
3014.000000	97.064920 
3013.000000	97.044196 
3012.000000	97.026657 
3011.000000	97.010449 
3010.000000	96.991874 
3009.000000	96.968032 
3008.000000	96.939665 
3007.000000	96.910421 
3006.000000	96.883063 
3005.000000	96.857516 
3004.000000	96.832718 
3003.000000	96.808757 
3002.000000	96.786483 
3001.000000	96.766338 
3000.000000	96.748133 
2999.000000	96.730781 
2998.000000	96.712193 
2997.000000	96.691057 
2996.000000	96.668962 
2995.000000	96.648599 
2994.000000	96.628583 
2993.000000	96.602297 
2992.000000	96.564573 
2991.000000	96.519220 
2990.000000	96.477897 
2989.000000	96.451122 
2988.000000	96.441460 
2987.000000	96.444567 
2986.000000	96.454467 
2985.000000	96.467037 
2984.000000	96.479631 
2983.000000	96.489783 
2982.000000	96.495646 
2981.000000	96.497238 
2980.000000	96.496165 
2979.000000	96.493597 
2978.000000	96.489147 
2977.000000	96.482207 
2976.000000	96.473823 
2975.000000	96.466435 
2974.000000	96.462125 
2973.000000	96.461985 
2972.000000	96.466694 
2971.000000	96.476321 
2970.000000	96.489420 
2969.000000	96.503653 
2968.000000	96.517897 
2967.000000	96.532853 
2966.000000	96.549189 
2965.000000	96.566051 
2964.000000	96.581976 
2963.000000	96.596366 
2962.000000	96.609414 
2961.000000	96.621403 
2960.000000	96.633045 
2959.000000	96.645954 
2958.000000	96.661671 
2957.000000	96.679944 
2956.000000	96.698284 
2955.000000	96.713376 
2954.000000	96.723460 
2953.000000	96.730198 
2952.000000	96.738168 
2951.000000	96.751166 
2950.000000	96.767991 
2949.000000	96.782638 
2948.000000	96.789634 
2947.000000	96.788723 
2946.000000	96.784219 
2945.000000	96.780786 
2944.000000	96.780586 
2943.000000	96.783548 
2942.000000	96.788201 
2941.000000	96.791808 
2940.000000	96.791731 
2939.000000	96.788167 
2938.000000	96.784636 
2937.000000	96.784499 
2936.000000	96.787209 
2935.000000	96.788795 
2934.000000	96.785927 
2933.000000	96.778801 
2932.000000	96.770378 
2931.000000	96.763690 
2930.000000	96.760086 
2929.000000	96.759094 
2928.000000	96.759050 
2927.000000	96.758012 
2926.000000	96.755002 
2925.000000	96.750948 
2924.000000	96.748141 
2923.000000	96.748201 
2922.000000	96.750481 
2921.000000	96.752744 
2920.000000	96.753607 
2919.000000	96.753985 
2918.000000	96.755560 
2917.000000	96.757738 
2916.000000	96.756902 
2915.000000	96.749679 
2914.000000	96.737165 
2913.000000	96.725104 
2912.000000	96.719100 
2911.000000	96.719802 
2910.000000	96.723085 
2909.000000	96.724653 
2908.000000	96.723758 
2907.000000	96.722216 
2906.000000	96.720627 
2905.000000	96.716416 
2904.000000	96.706250 
2903.000000	96.691025 
2902.000000	96.678107 
2901.000000	96.676995 
2900.000000	96.691622 
2899.000000	96.716848 
2898.000000	96.742461 
2897.000000	96.761257 
2896.000000	96.772594 
2895.000000	96.779067 
2894.000000	96.782959 
2893.000000	96.786562 
2892.000000	96.792966 
2891.000000	96.803592 
2890.000000	96.815789 
2889.000000	96.825294 
2888.000000	96.830946 
2887.000000	96.835096 
2886.000000	96.839685 
2885.000000	96.844551 
2884.000000	96.850208 
2883.000000	96.859426 
2882.000000	96.874038 
2881.000000	96.891740 
2880.000000	96.908364 
2879.000000	96.922802 
2878.000000	96.937416 
2877.000000	96.953677 
2876.000000	96.969632 
2875.000000	96.982444 
2874.000000	96.991778 
2873.000000	96.999474 
2872.000000	97.006991 
2871.000000	97.014562 
2870.000000	97.022375 
2869.000000	97.031068 
2868.000000	97.040822 
2867.000000	97.051024 
2866.000000	97.061274 
2865.000000	97.072098 
2864.000000	97.084436 
2863.000000	97.099003 
2862.000000	97.116273 
2861.000000	97.136119 
2860.000000	97.156960 
2859.000000	97.176236 
2858.000000	97.192723 
2857.000000	97.207980 
2856.000000	97.224437 
2855.000000	97.242125 
2854.000000	97.258453 
2853.000000	97.271099 
2852.000000	97.279951 
2851.000000	97.286550 
2850.000000	97.293002 
2849.000000	97.301503 
2848.000000	97.313342 
2847.000000	97.327433 
2846.000000	97.340713 
2845.000000	97.350951 
2844.000000	97.358733 
2843.000000	97.366228 
2842.000000	97.374710 
2841.000000	97.383903 
2840.000000	97.392988 
2839.000000	97.401330 
2838.000000	97.408588 
2837.000000	97.414956 
2836.000000	97.421227 
2835.000000	97.428038 
2834.000000	97.435234 
2833.000000	97.442490 
2832.000000	97.449993 
2831.000000	97.457683 
2830.000000	97.464170 
2829.000000	97.467601 
2828.000000	97.467882 
2827.000000	97.467300 
2826.000000	97.468624 
2825.000000	97.472860 
2824.000000	97.478929 
2823.000000	97.484902 
2822.000000	97.489299 
2821.000000	97.491707 
2820.000000	97.492676 
2819.000000	97.493067 
2818.000000	97.493416 
2817.000000	97.493978 
2816.000000	97.495208 
2815.000000	97.497717 
2814.000000	97.501470 
2813.000000	97.505203 
2812.000000	97.507080 
2811.000000	97.506282 
2810.000000	97.504064 
2809.000000	97.503065 
2808.000000	97.505273 
2807.000000	97.510637 
2806.000000	97.517511 
2805.000000	97.523958 
2804.000000	97.528425 
2803.000000	97.529871 
2802.000000	97.528455 
2801.000000	97.526228 
2800.000000	97.526032 
2799.000000	97.528897 
2798.000000	97.533017 
2797.000000	97.535730 
2796.000000	97.536157 
2795.000000	97.535486 
2794.000000	97.535291 
2793.000000	97.536226 
2792.000000	97.538095 
2791.000000	97.540350 
2790.000000	97.542331 
2789.000000	97.543558 
2788.000000	97.544117 
2787.000000	97.544617 
2786.000000	97.545663 
2785.000000	97.547388 
2784.000000	97.549478 
2783.000000	97.551498 
2782.000000	97.553205 
2781.000000	97.554648 
2780.000000	97.556002 
2779.000000	97.557369 
2778.000000	97.558726 
2777.000000	97.560006 
2776.000000	97.561183 
2775.000000	97.562288 
2774.000000	97.563382 
2773.000000	97.564503 
2772.000000	97.565648 
2771.000000	97.566790 
2770.000000	97.567930 
2769.000000	97.569108 
2768.000000	97.570351 
2767.000000	97.571616 
2766.000000	97.572808 
2765.000000	97.573880 
2764.000000	97.574893 
2763.000000	97.575930 
2762.000000	97.576985 
2761.000000	97.577991 
2760.000000	97.578933 
2759.000000	97.579884 
2758.000000	97.580923 
2757.000000	97.582037 
2756.000000	97.583110 
2755.000000	97.584075 
2754.000000	97.585005 
2753.000000	97.586026 
2752.000000	97.587159 
2751.000000	97.588275 
2750.000000	97.589260 
2749.000000	97.590152 
2748.000000	97.591060 
2747.000000	97.591959 
2746.000000	97.592735 
2745.000000	97.593385 
2744.000000	97.594037 
2743.000000	97.594797 
2742.000000	97.595652 
2741.000000	97.596528 
2740.000000	97.597390 
2739.000000	97.598246 
2738.000000	97.599090 
2737.000000	97.599906 
2736.000000	97.600701 
2735.000000	97.601502 
2734.000000	97.602323 
2733.000000	97.603160 
2732.000000	97.604000 
2731.000000	97.604833 
2730.000000	97.605657 
2729.000000	97.606473 
2728.000000	97.607277 
2727.000000	97.608062 
2726.000000	97.608827 
2725.000000	97.609571 
2724.000000	97.610300 
2723.000000	97.611020 
2722.000000	97.611735 
2721.000000	97.612446 
2720.000000	97.613154 
2719.000000	97.613864 
2718.000000	97.614576 
2717.000000	97.615287 
2716.000000	97.615988 
2715.000000	97.616674 
2714.000000	97.617345 
2713.000000	97.618007 
2712.000000	97.618663 
2711.000000	97.619313 
2710.000000	97.619956 
2709.000000	97.620589 
2708.000000	97.621217 
2707.000000	97.621845 
2706.000000	97.622473 
2705.000000	97.623099 
2704.000000	97.623720 
2703.000000	97.624334 
2702.000000	97.624937 
2701.000000	97.625525 
2700.000000	97.626096 
2699.000000	97.626652 
2698.000000	97.627187 
2697.000000	97.627695 
2696.000000	97.628167 
2695.000000	97.628599 
2694.000000	97.628997 
2693.000000	97.629368 
2692.000000	97.629717 
2691.000000	97.630047 
2690.000000	97.630358 
2689.000000	97.630647 
2688.000000	97.630910 
2687.000000	97.631143 
2686.000000	97.631342 
2685.000000	97.631515 
2684.000000	97.631682 
2683.000000	97.631866 
2682.000000	97.632046 
2681.000000	97.632174 
2680.000000	97.632241 
2679.000000	97.632323 
2678.000000	97.632507 
2677.000000	97.632786 
2676.000000	97.633029 
2675.000000	97.633074 
2674.000000	97.632837 
2673.000000	97.632419 
2672.000000	97.632084 
2671.000000	97.632007 
2670.000000	97.632066 
2669.000000	97.631970 
2668.000000	97.631650 
2667.000000	97.631338 
2666.000000	97.631203 
2665.000000	97.631090 
2664.000000	97.630800 
2663.000000	97.630415 
2662.000000	97.630140 
2661.000000	97.629917 
2660.000000	97.629479 
2659.000000	97.628765 
2658.000000	97.628054 
2657.000000	97.627615 
2656.000000	97.627395 
2655.000000	97.627098 
2654.000000	97.626494 
2653.000000	97.625608 
2652.000000	97.624721 
2651.000000	97.624191 
2650.000000	97.624196 
2649.000000	97.624542 
2648.000000	97.624742 
2647.000000	97.624381 
2646.000000	97.623388 
2645.000000	97.622075 
2644.000000	97.620952 
2643.000000	97.620390 
2642.000000	97.620387 
2641.000000	97.620577 
2640.000000	97.620565 
2639.000000	97.620323 
2638.000000	97.620155 
2637.000000	97.620307 
2636.000000	97.620739 
2635.000000	97.621271 
2634.000000	97.621785 
2633.000000	97.622180 
2632.000000	97.622279 
2631.000000	97.621973 
2630.000000	97.621426 
2629.000000	97.620949 
2628.000000	97.620670 
2627.000000	97.620482 
2626.000000	97.620365 
2625.000000	97.620517 
2624.000000	97.621071 
2623.000000	97.621825 
2622.000000	97.622365 
2621.000000	97.622382 
2620.000000	97.621746 
2619.000000	97.620478 
2618.000000	97.618923 
2617.000000	97.617838 
2616.000000	97.617845 
2615.000000	97.618866 
2614.000000	97.620145 
2613.000000	97.621002 
2612.000000	97.621461 
2611.000000	97.621914 
2610.000000	97.622577 
2609.000000	97.623349 
2608.000000	97.623989 
2607.000000	97.624281 
2606.000000	97.624207 
2605.000000	97.624047 
2604.000000	97.624159 
2603.000000	97.624550 
2602.000000	97.624876 
2601.000000	97.624913 
2600.000000	97.624780 
2599.000000	97.624609 
2598.000000	97.624336 
2597.000000	97.623987 
2596.000000	97.623857 
2595.000000	97.624080 
2594.000000	97.624274 
2593.000000	97.624039 
2592.000000	97.623693 
2591.000000	97.623964 
2590.000000	97.624979 
2589.000000	97.626040 
2588.000000	97.626524 
2587.000000	97.626610 
2586.000000	97.626869 
2585.000000	97.627523 
2584.000000	97.628350 
2583.000000	97.629048 
2582.000000	97.629465 
2581.000000	97.629596 
2580.000000	97.629592 
2579.000000	97.629716 
2578.000000	97.630189 
2577.000000	97.631002 
2576.000000	97.631854 
2575.000000	97.632271 
2574.000000	97.631951 
2573.000000	97.631084 
2572.000000	97.630275 
2571.000000	97.629926 
2570.000000	97.629895 
2569.000000	97.629857 
2568.000000	97.629841 
2567.000000	97.630129 
2566.000000	97.630699 
2565.000000	97.631160 
2564.000000	97.631234 
2563.000000	97.631053 
2562.000000	97.630939 
2561.000000	97.631116 
2560.000000	97.631673 
2559.000000	97.632595 
2558.000000	97.633686 
2557.000000	97.634593 
2556.000000	97.635084 
2555.000000	97.635229 
2554.000000	97.635254 
2553.000000	97.635238 
2552.000000	97.635088 
2551.000000	97.634823 
2550.000000	97.634683 
2549.000000	97.634818 
2548.000000	97.635018 
2547.000000	97.634930 
2546.000000	97.634518 
2545.000000	97.634152 
2544.000000	97.634164 
2543.000000	97.634471 
2542.000000	97.634723 
2541.000000	97.634766 
2540.000000	97.634768 
2539.000000	97.634892 
2538.000000	97.635073 
2537.000000	97.635186 
2536.000000	97.635281 
2535.000000	97.635476 
2534.000000	97.635711 
2533.000000	97.635789 
2532.000000	97.635660 
2531.000000	97.635505 
2530.000000	97.635511 
2529.000000	97.635642 
2528.000000	97.635706 
2527.000000	97.635614 
2526.000000	97.635509 
2525.000000	97.635609 
2524.000000	97.635972 
2523.000000	97.636450 
2522.000000	97.636844 
2521.000000	97.637109 
2520.000000	97.637342 
2519.000000	97.637600 
2518.000000	97.637789 
2517.000000	97.637778 
2516.000000	97.637545 
2515.000000	97.637198 
2514.000000	97.636918 
2513.000000	97.636908 
2512.000000	97.637308 
2511.000000	97.638073 
2510.000000	97.638973 
2509.000000	97.639772 
2508.000000	97.640359 
2507.000000	97.640708 
2506.000000	97.640864 
2505.000000	97.641037 
2504.000000	97.641517 
2503.000000	97.642367 
2502.000000	97.643260 
2501.000000	97.643794 
2500.000000	97.643921 
2499.000000	97.643926 
2498.000000	97.644063 
2497.000000	97.644361 
2496.000000	97.644805 
2495.000000	97.645446 
2494.000000	97.646197 
2493.000000	97.646762 
2492.000000	97.646958 
2491.000000	97.647004 
2490.000000	97.647326 
2489.000000	97.648029 
2488.000000	97.648751 
2487.000000	97.649106 
2486.000000	97.649119 
2485.000000	97.649165 
2484.000000	97.649577 
2483.000000	97.650343 
2482.000000	97.651111 
2481.000000	97.651536 
2480.000000	97.651639 
2479.000000	97.651762 
2478.000000	97.652184 
2477.000000	97.652805 
2476.000000	97.653213 
2475.000000	97.652993 
2474.000000	97.651992 
2473.000000	97.650480 
2472.000000	97.648980 
2471.000000	97.647861 
2470.000000	97.647212 
2469.000000	97.647114 
2468.000000	97.647696 
2467.000000	97.648770 
2466.000000	97.649712 
2465.000000	97.650032 
2464.000000	97.649916 
2463.000000	97.649926 
2462.000000	97.650334 
2461.000000	97.651064 
2460.000000	97.652054 
2459.000000	97.653207 
2458.000000	97.653980 
2457.000000	97.653595 
2456.000000	97.651819 
2455.000000	97.649334 
2454.000000	97.647225 
2453.000000	97.646038 
2452.000000	97.645489 
2451.000000	97.645043 
2450.000000	97.644737 
2449.000000	97.645215 
2448.000000	97.646814 
2447.000000	97.648883 
2446.000000	97.650254 
2445.000000	97.650479 
2444.000000	97.650149 
2443.000000	97.650035 
2442.000000	97.650262 
2441.000000	97.650479 
2440.000000	97.650557 
2439.000000	97.650842 
2438.000000	97.651783 
2437.000000	97.653492 
2436.000000	97.655554 
2435.000000	97.657210 
2434.000000	97.657906 
2433.000000	97.657734 
2432.000000	97.657328 
2431.000000	97.657281 
2430.000000	97.657780 
2429.000000	97.658779 
2428.000000	97.660170 
2427.000000	97.661707 
2426.000000	97.662857 
2425.000000	97.662877 
2424.000000	97.661513 
2423.000000	97.659651 
2422.000000	97.658493 
2421.000000	97.658767 
2420.000000	97.660693 
2419.000000	97.663645 
2418.000000	97.666294 
2417.000000	97.668108 
2416.000000	97.670111 
2415.000000	97.673075 
2414.000000	97.675818 
2413.000000	97.676736 
2412.000000	97.676202 
2411.000000	97.675731 
2410.000000	97.675554 
2409.000000	97.674942 
2408.000000	97.674480 
2407.000000	97.675814 
2406.000000	97.678916 
2405.000000	97.681379 
2404.000000	97.681046 
2403.000000	97.678203 
2402.000000	97.674845 
2401.000000	97.672852 
2400.000000	97.673189 
2399.000000	97.675920 
2398.000000	97.680410 
2397.000000	97.685701 
2396.000000	97.690599 
2395.000000	97.693385 
2394.000000	97.692523 
2393.000000	97.688789 
2392.000000	97.685781 
2391.000000	97.686890 
2390.000000	97.692002 
2389.000000	97.698310 
2388.000000	97.703975 
2387.000000	97.709606 
2386.000000	97.716362 
2385.000000	97.724127 
2384.000000	97.731621 
2383.000000	97.736672 
2382.000000	97.735936 
2381.000000	97.726343 
2380.000000	97.708028 
2379.000000	97.685004 
2378.000000	97.662057 
2377.000000	97.642143 
2376.000000	97.628096 
2375.000000	97.624247 
2374.000000	97.632635 
2373.000000	97.648706 
2372.000000	97.664110 
2371.000000	97.674932 
2370.000000	97.683209 
2369.000000	97.689999 
2368.000000	97.691896 
2367.000000	97.686360 
2366.000000	97.676321 
2365.000000	97.667049 
2364.000000	97.661044 
2363.000000	97.658720 
2362.000000	97.660727 
2361.000000	97.666627 
2360.000000	97.674322 
2359.000000	97.681434 
2358.000000	97.685755 
2357.000000	97.686567 
2356.000000	97.684199 
2355.000000	97.680178 
2354.000000	97.673602 
2353.000000	97.665963 
2352.000000	97.663155 
2351.000000	97.667825 
2350.000000	97.676079 
2349.000000	97.681612 
2348.000000	97.682801 
2347.000000	97.681952 
2346.000000	97.682103 
2345.000000	97.685877 
2344.000000	97.692359 
2343.000000	97.699002 
2342.000000	97.702048 
2341.000000	97.700760 
2340.000000	97.697613 
2339.000000	97.695012 
2338.000000	97.693047 
2337.000000	97.690210 
2336.000000	97.688409 
2335.000000	97.689911 
2334.000000	97.694181 
2333.000000	97.696984 
2332.000000	97.698984 
2331.000000	97.701957 
2330.000000	97.707705 
2329.000000	97.712968 
2328.000000	97.718532 
2327.000000	97.725000 
2326.000000	97.731337 
2325.000000	97.735209 
2324.000000	97.737346 
2323.000000	97.740867 
2322.000000	97.744642 
2321.000000	97.744201 
2320.000000	97.739912 
2319.000000	97.735575 
2318.000000	97.735142 
2317.000000	97.734910 
2316.000000	97.733508 
2315.000000	97.730543 
2314.000000	97.730607 
2313.000000	97.733483 
2312.000000	97.740575 
2311.000000	97.749844 
2310.000000	97.759893 
2309.000000	97.765644 
2308.000000	97.766545 
2307.000000	97.763785 
2306.000000	97.760616 
2305.000000	97.757275 
2304.000000	97.755582 
2303.000000	97.756346 
2302.000000	97.760861 
2301.000000	97.766252 
2300.000000	97.770236 
2299.000000	97.769009 
2298.000000	97.761624 
2297.000000	97.747621 
2296.000000	97.731294 
2295.000000	97.717713 
2294.000000	97.710278 
2293.000000	97.706834 
2292.000000	97.703444 
2291.000000	97.697670 
2290.000000	97.689731 
2289.000000	97.681631 
2288.000000	97.675342 
2287.000000	97.671459 
2286.000000	97.668053 
2285.000000	97.663506 
2284.000000	97.658470 
2283.000000	97.655058 
2282.000000	97.652889 
2281.000000	97.649296 
2280.000000	97.642519 
2279.000000	97.633568 
2278.000000	97.624517 
2277.000000	97.617265 
2276.000000	97.614051 
2275.000000	97.615798 
2274.000000	97.620324 
2273.000000	97.624091 
2272.000000	97.626416 
2271.000000	97.628517 
2270.000000	97.629716 
2269.000000	97.628237 
2268.000000	97.625706 
2267.000000	97.626003 
2266.000000	97.629335 
2265.000000	97.631387 
2264.000000	97.629281 
2263.000000	97.624408 
2262.000000	97.618686 
2261.000000	97.612320 
2260.000000	97.606042 
2259.000000	97.602004 
2258.000000	97.600507 
2257.000000	97.599430 
2256.000000	97.598029 
2255.000000	97.598233 
2254.000000	97.600643 
2253.000000	97.601990 
2252.000000	97.599195 
2251.000000	97.593002 
2250.000000	97.585991 
2249.000000	97.579104 
2248.000000	97.572586 
2247.000000	97.568092 
2246.000000	97.567079 
2245.000000	97.568115 
2244.000000	97.568129 
2243.000000	97.566050 
2242.000000	97.563364 
2241.000000	97.561633 
2240.000000	97.561071 
2239.000000	97.561170 
2238.000000	97.561278 
2237.000000	97.560760 
2236.000000	97.559449 
2235.000000	97.557736 
2234.000000	97.555951 
2233.000000	97.554051 
2232.000000	97.552009 
2231.000000	97.550036 
2230.000000	97.548217 
2229.000000	97.546312 
2228.000000	97.544157 
2227.000000	97.541952 
2226.000000	97.539937 
2225.000000	97.538053 
2224.000000	97.536151 
2223.000000	97.534219 
2222.000000	97.532320 
2221.000000	97.530456 
2220.000000	97.528614 
2219.000000	97.526781 
2218.000000	97.524935 
2217.000000	97.523072 
2216.000000	97.521201 
2215.000000	97.519332 
2214.000000	97.517464 
2213.000000	97.515597 
2212.000000	97.513742 
2211.000000	97.511927 
2210.000000	97.510171 
2209.000000	97.508469 
2208.000000	97.506794 
2207.000000	97.505115 
2206.000000	97.503409 
2205.000000	97.501660 
2204.000000	97.499852 
2203.000000	97.497972 
2202.000000	97.496019 
2201.000000	97.494011 
2200.000000	97.492071 
2199.000000	97.490075 
2198.000000	97.487797 
2197.000000	97.485195 
2196.000000	97.482598 
2195.000000	97.480540 
2194.000000	97.479181 
2193.000000	97.478026 
2192.000000	97.476565 
2191.000000	97.474872 
2190.000000	97.473219 
2189.000000	97.471647 
2188.000000	97.470326 
2187.000000	97.469464 
2186.000000	97.468214 
2185.000000	97.464804 
2184.000000	97.459038 
2183.000000	97.453984 
2182.000000	97.453163 
2181.000000	97.456662 
2180.000000	97.460806 
2179.000000	97.461930 
2178.000000	97.459376 
2177.000000	97.455009 
2176.000000	97.451626 
2175.000000	97.451267 
2174.000000	97.453707 
2173.000000	97.456719 
2172.000000	97.459068 
2171.000000	97.462175 
2170.000000	97.466972 
2169.000000	97.470598 
2168.000000	97.469163 
2167.000000	97.463171 
2166.000000	97.456986 
2165.000000	97.452513 
2164.000000	97.446828 
2163.000000	97.437702 
2162.000000	97.428799 
2161.000000	97.426823 
2160.000000	97.434867 
2159.000000	97.450052 
2158.000000	97.466202 
2157.000000	97.478396 
2156.000000	97.485562 
2155.000000	97.489664 
2154.000000	97.493432 
2153.000000	97.498740 
2152.000000	97.505708 
2151.000000	97.512110 
2150.000000	97.514591 
2149.000000	97.512628 
2148.000000	97.511012 
2147.000000	97.515572 
2146.000000	97.526163 
2145.000000	97.536729 
2144.000000	97.543247 
2143.000000	97.548200 
2142.000000	97.555392 
2141.000000	97.563920 
2140.000000	97.570309 
2139.000000	97.574237 
2138.000000	97.578618 
2137.000000	97.584736 
2136.000000	97.590151 
2135.000000	97.591382 
2134.000000	97.587295 
2133.000000	97.580733 
2132.000000	97.577442 
2131.000000	97.581450 
2130.000000	97.590893 
2129.000000	97.599614 
2128.000000	97.603584 
2127.000000	97.604365 
2126.000000	97.605886 
2125.000000	97.609842 
2124.000000	97.615056 
2123.000000	97.619266 
2122.000000	97.620261 
2121.000000	97.616961 
2120.000000	97.610687 
2119.000000	97.604366 
2118.000000	97.599923 
2117.000000	97.597467 
2116.000000	97.596651 
2115.000000	97.596958 
2114.000000	97.596568 
2113.000000	97.593463 
2112.000000	97.588596 
2111.000000	97.585656 
2110.000000	97.586519 
2109.000000	97.589064 
2108.000000	97.590527 
2107.000000	97.590869 
2106.000000	97.591367 
2105.000000	97.592230 
2104.000000	97.593301 
2103.000000	97.594979 
2102.000000	97.596531 
2101.000000	97.595408 
2100.000000	97.590473 
2099.000000	97.584602 
2098.000000	97.582178 
2097.000000	97.584474 
2096.000000	97.589255 
2095.000000	97.593616 
2094.000000	97.595921 
2093.000000	97.595684 
2092.000000	97.593287 
2091.000000	97.590184 
2090.000000	97.588137 
2089.000000	97.587712 
2088.000000	97.587873 
2087.000000	97.586959 
2086.000000	97.583848 
2085.000000	97.578690 
2084.000000	97.573110 
2083.000000	97.569110 
2082.000000	97.567232 
2081.000000	97.566292 
2080.000000	97.565201 
2079.000000	97.564325 
2078.000000	97.564262 
2077.000000	97.564111 
2076.000000	97.562356 
2075.000000	97.559090 
2074.000000	97.555804 
2073.000000	97.553010 
2072.000000	97.549629 
2071.000000	97.544998 
2070.000000	97.540028 
2069.000000	97.536017 
2068.000000	97.533392 
2067.000000	97.531712 
2066.000000	97.530166 
2065.000000	97.527868 
2064.000000	97.524365 
2063.000000	97.520070 
2062.000000	97.515960 
2061.000000	97.512837 
2060.000000	97.510910 
2059.000000	97.509999 
2058.000000	97.509511 
2057.000000	97.508420 
2056.000000	97.505919 
2055.000000	97.501969 
2054.000000	97.497283 
2053.000000	97.492874 
2052.000000	97.489440 
2051.000000	97.487008 
2050.000000	97.484971 
2049.000000	97.482640 
2048.000000	97.480023 
2047.000000	97.477763 
2046.000000	97.476208 
2045.000000	97.474967 
2044.000000	97.473569 
2043.000000	97.472124 
2042.000000	97.470985 
2041.000000	97.470132 
2040.000000	97.469344 
2039.000000	97.468780 
2038.000000	97.468705 
2037.000000	97.468690 
2036.000000	97.467794 
2035.000000	97.465691 
2034.000000	97.463195 
2033.000000	97.461632 
2032.000000	97.461762 
2031.000000	97.463156 
2030.000000	97.464147 
2029.000000	97.463007 
2028.000000	97.459587 
2027.000000	97.455674 
2026.000000	97.453025 
2025.000000	97.451714 
2024.000000	97.451251 
2023.000000	97.452406 
2022.000000	97.456433 
2021.000000	97.462546 
2020.000000	97.467475 
2019.000000	97.468339 
2018.000000	97.464726 
2017.000000	97.458503 
2016.000000	97.452519 
2015.000000	97.448756 
2014.000000	97.447077 
2013.000000	97.445474 
2012.000000	97.442627 
2011.000000	97.440301 
2010.000000	97.441482 
2009.000000	97.446394 
2008.000000	97.452098 
2007.000000	97.456301 
2006.000000	97.459343 
2005.000000	97.461981 
2004.000000	97.463692 
2003.000000	97.464276 
2002.000000	97.465295 
2001.000000	97.467705 
2000.000000	97.469601 
1999.000000	97.467669 
1998.000000	97.460532 
1997.000000	97.450418 
1996.000000	97.441624 
1995.000000	97.437256 
1994.000000	97.437321 
1993.000000	97.439325 
1992.000000	97.440398 
1991.000000	97.439760 
1990.000000	97.439003 
1989.000000	97.440030 
1988.000000	97.442891 
1987.000000	97.445286 
1986.000000	97.444283 
1985.000000	97.439197 
1984.000000	97.432748 
1983.000000	97.428693 
1982.000000	97.428299 
1981.000000	97.429751 
1980.000000	97.431163 
1979.000000	97.432483 
1978.000000	97.433853 
1977.000000	97.434300 
1976.000000	97.433265 
1975.000000	97.432338 
1974.000000	97.433736 
1973.000000	97.437927 
1972.000000	97.443480 
1971.000000	97.448646 
1970.000000	97.452324 
1969.000000	97.453955 
1968.000000	97.453447 
1967.000000	97.451482 
1966.000000	97.449608 
1965.000000	97.449558 
1964.000000	97.452191 
1963.000000	97.457069 
1962.000000	97.462742 
1961.000000	97.467529 
1960.000000	97.470520 
1959.000000	97.471894 
1958.000000	97.472684 
1957.000000	97.474194 
1956.000000	97.477036 
1955.000000	97.480660 
1954.000000	97.483820 
1953.000000	97.485858 
1952.000000	97.487166 
1951.000000	97.488477 
1950.000000	97.490130 
1949.000000	97.492254 
1948.000000	97.495199 
1947.000000	97.499055 
1946.000000	97.502984 
1945.000000	97.505822 
1944.000000	97.507339 
1943.000000	97.508335 
1942.000000	97.509599 
1941.000000	97.511210 
1940.000000	97.513025 
1939.000000	97.515029 
1938.000000	97.517129 
1937.000000	97.519184 
1936.000000	97.521293 
1935.000000	97.523628 
1934.000000	97.525983 
1933.000000	97.528072 
1932.000000	97.530117 
1931.000000	97.532735 
1930.000000	97.535989 
1929.000000	97.538871 
1928.000000	97.540670 
1927.000000	97.541755 
1926.000000	97.542898 
1925.000000	97.544127 
1924.000000	97.545185 
1923.000000	97.546801 
1922.000000	97.549629 
1921.000000	97.552815 
1920.000000	97.554983 
1919.000000	97.556075 
1918.000000	97.556726 
1917.000000	97.556605 
1916.000000	97.555497 
1915.000000	97.554557 
1914.000000	97.554737 
1913.000000	97.555415 
1912.000000	97.555264 
1911.000000	97.554384 
1910.000000	97.554102 
1909.000000	97.555003 
1908.000000	97.556744 
1907.000000	97.558570 
1906.000000	97.559795 
1905.000000	97.559851 
1904.000000	97.558776 
1903.000000	97.557814 
1902.000000	97.557895 
1901.000000	97.558517 
1900.000000	97.558825 
1899.000000	97.558770 
1898.000000	97.558851 
1897.000000	97.559217 
1896.000000	97.559585 
1895.000000	97.559862 
1894.000000	97.560085 
1893.000000	97.560145 
1892.000000	97.560006 
1891.000000	97.559940 
1890.000000	97.560206 
1889.000000	97.560680 
1888.000000	97.561116 
1887.000000	97.561515 
1886.000000	97.561953 
1885.000000	97.562365 
1884.000000	97.562675 
1883.000000	97.562948 
1882.000000	97.563331 
1881.000000	97.563892 
1880.000000	97.564601 
1879.000000	97.565375 
1878.000000	97.566153 
1877.000000	97.566942 
1876.000000	97.567789 
1875.000000	97.568749 
1874.000000	97.569857 
1873.000000	97.571061 
1872.000000	97.572245 
1871.000000	97.573353 
1870.000000	97.574402 
1869.000000	97.575347 
1868.000000	97.576170 
1867.000000	97.577160 
1866.000000	97.578548 
1865.000000	97.580056 
1864.000000	97.581207 
1863.000000	97.582039 
1862.000000	97.583109 
1861.000000	97.584675 
1860.000000	97.586425 
1859.000000	97.588195 
1858.000000	97.590188 
1857.000000	97.592349 
1856.000000	97.594303 
1855.000000	97.595992 
1854.000000	97.597619 
1853.000000	97.598869 
1852.000000	97.599626 
1851.000000	97.600547 
1850.000000	97.602268 
1849.000000	97.604828 
1848.000000	97.607700 
1847.000000	97.610563 
1846.000000	97.613288 
1845.000000	97.615677 
1844.000000	97.617515 
1843.000000	97.619315 
1842.000000	97.621558 
1841.000000	97.623346 
1840.000000	97.624306 
1839.000000	97.625330 
1838.000000	97.627135 
1837.000000	97.628869 
1836.000000	97.629384 
1835.000000	97.629277 
1834.000000	97.629905 
1833.000000	97.631374 
1832.000000	97.632872 
1831.000000	97.633715 
1830.000000	97.633972 
1829.000000	97.634453 
1828.000000	97.635675 
1827.000000	97.637332 
1826.000000	97.639025 
1825.000000	97.640698 
1824.000000	97.642095 
1823.000000	97.643090 
1822.000000	97.643779 
1821.000000	97.644099 
1820.000000	97.643977 
1819.000000	97.643682 
1818.000000	97.644062 
1817.000000	97.645282 
1816.000000	97.646311 
1815.000000	97.646589 
1814.000000	97.646578 
1813.000000	97.646921 
1812.000000	97.647316 
1811.000000	97.647213 
1810.000000	97.647133 
1809.000000	97.647517 
1808.000000	97.647961 
1807.000000	97.648096 
1806.000000	97.648071 
1805.000000	97.648027 
1804.000000	97.647888 
1803.000000	97.647906 
1802.000000	97.648307 
1801.000000	97.648864 
1800.000000	97.648962 
1799.000000	97.648447 
1798.000000	97.648037 
1797.000000	97.648126 
1796.000000	97.648443 
1795.000000	97.648672 
1794.000000	97.648824 
1793.000000	97.649000 
1792.000000	97.649015 
1791.000000	97.649042 
1790.000000	97.649622 
1789.000000	97.650457 
1788.000000	97.650976 
1787.000000	97.651209 
1786.000000	97.651609 
1785.000000	97.652235 
1784.000000	97.652764 
1783.000000	97.653213 
1782.000000	97.653645 
1781.000000	97.654196 
1780.000000	97.654928 
1779.000000	97.655726 
1778.000000	97.656538 
1777.000000	97.657323 
1776.000000	97.658102 
1775.000000	97.658833 
1774.000000	97.659474 
1773.000000	97.660076 
1772.000000	97.660696 
1771.000000	97.661348 
1770.000000	97.662029 
1769.000000	97.662740 
1768.000000	97.663466 
1767.000000	97.664187 
1766.000000	97.664886 
1765.000000	97.665561 
1764.000000	97.666218 
1763.000000	97.666866 
1762.000000	97.667510 
1761.000000	97.668146 
1760.000000	97.668772 
1759.000000	97.669386 
1758.000000	97.669991 
1757.000000	97.670591 
1756.000000	97.671187 
1755.000000	97.671768 
1754.000000	97.672321 
1753.000000	97.672841 
1752.000000	97.673342 
1751.000000	97.673837 
1750.000000	97.674323 
1749.000000	97.674787 
1748.000000	97.675215 
1747.000000	97.675605 
1746.000000	97.675961 
1745.000000	97.676293 
1744.000000	97.676608 
1743.000000	97.676907 
1742.000000	97.677183 
1741.000000	97.677421 
1740.000000	97.677619 
1739.000000	97.677780 
1738.000000	97.677908 
1737.000000	97.677996 
1736.000000	97.678046 
1735.000000	97.678072 
1734.000000	97.678092 
1733.000000	97.678012 
1732.000000	97.677869 
1731.000000	97.677765 
1730.000000	97.677816 
1729.000000	97.678062 
1728.000000	97.678325 
1727.000000	97.678317 
1726.000000	97.677846 
1725.000000	97.677140 
1724.000000	97.676311 
1723.000000	97.675387 
1722.000000	97.674819 
1721.000000	97.674639 
1720.000000	97.674200 
1719.000000	97.673148 
1718.000000	97.672235 
1717.000000	97.671519 
1716.000000	97.669957 
1715.000000	97.667934 
1714.000000	97.666851 
1713.000000	97.666554 
1712.000000	97.665423 
1711.000000	97.663246 
1710.000000	97.661321 
1709.000000	97.660173 
1708.000000	97.658906 
1707.000000	97.656694 
1706.000000	97.654245 
1705.000000	97.652261 
1704.000000	97.650396 
1703.000000	97.648089 
1702.000000	97.645712 
1701.000000	97.644449 
1700.000000	97.642138 
1699.000000	97.638041 
1698.000000	97.635231 
1697.000000	97.632603 
1696.000000	97.629062 
1695.000000	97.625279 
1694.000000	97.622628 
1693.000000	97.620298 
1692.000000	97.616978 
1691.000000	97.613093 
1690.000000	97.609386 
1689.000000	97.606034 
1688.000000	97.602997 
1687.000000	97.599970 
1686.000000	97.596896 
1685.000000	97.593848 
1684.000000	97.590713 
1683.000000	97.587578 
1682.000000	97.584477 
1681.000000	97.581354 
1680.000000	97.578227 
1679.000000	97.575110 
1678.000000	97.572000 
1677.000000	97.568887 
1676.000000	97.565768 
1675.000000	97.562644 
1674.000000	97.559513 
1673.000000	97.556373 
1672.000000	97.553229 
1671.000000	97.550085 
1670.000000	97.546950 
1669.000000	97.543830 
1668.000000	97.540733 
1667.000000	97.537656 
1666.000000	97.534586 
1665.000000	97.531510 
1664.000000	97.528425 
1663.000000	97.525335 
1662.000000	97.522241 
1661.000000	97.519146 
1660.000000	97.516064 
1659.000000	97.513001 
1658.000000	97.509956 
1657.000000	97.506934 
1656.000000	97.503942 
1655.000000	97.500978 
1654.000000	97.498036 
1653.000000	97.495090 
1652.000000	97.492143 
1651.000000	97.489241 
1650.000000	97.486402 
1649.000000	97.483634 
1648.000000	97.480948 
1647.000000	97.478338 
1646.000000	97.475780 
1645.000000	97.473306 
1644.000000	97.470901 
1643.000000	97.468547 
1642.000000	97.466225 
1641.000000	97.463883 
1640.000000	97.461670 
1639.000000	97.459672 
1638.000000	97.457813 
1637.000000	97.455976 
1636.000000	97.454094 
1635.000000	97.451404 
1634.000000	97.448700 
1633.000000	97.447027 
1632.000000	97.444960 
1631.000000	97.442746 
1630.000000	97.440934 
1629.000000	97.438693 
1628.000000	97.435480 
1627.000000	97.433090 
1626.000000	97.431847 
1625.000000	97.429630 
1624.000000	97.425921 
1623.000000	97.422925 
1622.000000	97.421859 
1621.000000	97.421952 
1620.000000	97.423029 
1619.000000	97.425218 
1618.000000	97.428278 
1617.000000	97.427468 
1616.000000	97.421282 
1615.000000	97.418395 
1614.000000	97.421123 
1613.000000	97.422728 
1612.000000	97.421315 
1611.000000	97.420987 
1610.000000	97.422488 
1609.000000	97.423791 
1608.000000	97.427240 
1607.000000	97.435765 
1606.000000	97.444105 
1605.000000	97.446766 
1604.000000	97.447514 
1603.000000	97.450706 
1602.000000	97.455284 
1601.000000	97.458652 
1600.000000	97.461884 
1599.000000	97.466348 
1598.000000	97.470115 
1597.000000	97.471761 
1596.000000	97.473118 
1595.000000	97.476460 
1594.000000	97.480860 
1593.000000	97.484195 
1592.000000	97.486911 
1591.000000	97.490582 
1590.000000	97.494632 
1589.000000	97.497725 
1588.000000	97.500706 
1587.000000	97.505238 
1586.000000	97.510624 
1585.000000	97.514525 
1584.000000	97.518080 
1583.000000	97.523054 
1582.000000	97.527577 
1581.000000	97.530311 
1580.000000	97.533442 
1579.000000	97.538426 
1578.000000	97.543670 
1577.000000	97.547784 
1576.000000	97.550459 
1575.000000	97.553623 
1574.000000	97.558405 
1573.000000	97.562744 
1572.000000	97.566010 
1571.000000	97.569641 
1570.000000	97.573012 
1569.000000	97.574020 
1568.000000	97.575362 
1567.000000	97.578355 
1566.000000	97.580343 
1565.000000	97.580481 
1564.000000	97.581355 
1563.000000	97.584048 
1562.000000	97.585714 
1561.000000	97.584624 
1560.000000	97.587641 
1559.000000	97.595313 
1558.000000	97.596129 
1557.000000	97.594821 
1556.000000	97.594611 
1555.000000	97.595584 
1554.000000	97.596942 
1553.000000	97.597904 
1552.000000	97.598209 
1551.000000	97.597655 
1550.000000	97.597616 
1549.000000	97.598015 
1548.000000	97.597564 
1547.000000	97.595834 
1546.000000	97.593032 
1545.000000	97.590610 
1544.000000	97.589641 
1543.000000	97.589440 
1542.000000	97.589191 
1541.000000	97.588047 
1540.000000	97.583665 
1539.000000	97.577306 
1538.000000	97.573528 
1537.000000	97.571383 
1536.000000	97.567792 
1535.000000	97.563466 
1534.000000	97.560224 
1533.000000	97.558106 
1532.000000	97.555732 
1531.000000	97.552125 
1530.000000	97.547593 
1529.000000	97.542706 
1528.000000	97.537922 
1527.000000	97.533988 
1526.000000	97.531098 
1525.000000	97.528434 
1524.000000	97.524830 
1523.000000	97.520001 
1522.000000	97.515082 
1521.000000	97.510547 
1520.000000	97.505665 
1519.000000	97.499692 
1518.000000	97.492627 
1517.000000	97.486179 
1516.000000	97.481511 
1515.000000	97.477968 
1514.000000	97.474164 
1513.000000	97.469573 
1512.000000	97.464089 
1511.000000	97.457725 
1510.000000	97.451179 
1509.000000	97.445437 
1508.000000	97.441735 
1507.000000	97.439647 
1506.000000	97.435854 
1505.000000	97.429533 
1504.000000	97.422566 
1503.000000	97.415229 
1502.000000	97.407636 
1501.000000	97.400609 
1500.000000	97.394379 
1499.000000	97.388101 
1498.000000	97.381671 
1497.000000	97.376557 
1496.000000	97.372737 
1495.000000	97.369794 
1494.000000	97.367885 
1493.000000	97.366108 
1492.000000	97.363341 
1491.000000	97.359975 
1490.000000	97.357686 
1489.000000	97.356194 
1488.000000	97.352333 
1487.000000	97.345748 
1486.000000	97.339146 
1485.000000	97.331834 
1484.000000	97.323179 
1483.000000	97.314702 
1482.000000	97.308784 
1481.000000	97.305728 
1480.000000	97.302206 
1479.000000	97.296158 
1478.000000	97.289073 
1477.000000	97.283555 
1476.000000	97.278998 
1475.000000	97.274509 
1474.000000	97.270660 
1473.000000	97.268747 
1472.000000	97.267886 
1471.000000	97.265751 
1470.000000	97.262197 
1469.000000	97.256730 
1468.000000	97.248945 
1467.000000	97.240814 
1466.000000	97.235421 
1465.000000	97.233702 
1464.000000	97.233762 
1463.000000	97.231517 
1462.000000	97.225642 
1461.000000	97.217183 
1460.000000	97.208147 
1459.000000	97.200364 
1458.000000	97.196374 
1457.000000	97.196411 
1456.000000	97.195323 
1455.000000	97.190546 
1454.000000	97.181267 
1453.000000	97.170996 
1452.000000	97.164844 
1451.000000	97.163720 
1450.000000	97.166861 
1449.000000	97.174659 
1448.000000	97.185011 
1447.000000	97.193003 
1446.000000	97.193860 
1445.000000	97.189845 
1444.000000	97.187084 
1443.000000	97.185423 
1442.000000	97.183255 
1441.000000	97.181158 
1440.000000	97.179738 
1439.000000	97.175492 
1438.000000	97.170047 
1437.000000	97.171551 
1436.000000	97.179082 
1435.000000	97.181826 
1434.000000	97.176296 
1433.000000	97.168563 
1432.000000	97.164699 
1431.000000	97.164066 
1430.000000	97.162825 
1429.000000	97.161379 
1428.000000	97.159845 
1427.000000	97.157194 
1426.000000	97.151550 
1425.000000	97.147157 
1424.000000	97.149889 
1423.000000	97.153259 
1422.000000	97.148479 
1421.000000	97.137240 
1420.000000	97.129441 
1419.000000	97.125553 
1418.000000	97.118188 
1417.000000	97.108419 
1416.000000	97.099410 
1415.000000	97.089799 
1414.000000	97.076648 
1413.000000	97.061346 
1412.000000	97.048494 
1411.000000	97.038654 
1410.000000	97.029919 
1409.000000	97.022750 
1408.000000	97.017977 
1407.000000	97.017069 
1406.000000	97.021235 
1405.000000	97.032773 
1404.000000	97.052296 
1403.000000	97.072284 
1402.000000	97.086042 
1401.000000	97.096278 
1400.000000	97.111277 
1399.000000	97.131115 
1398.000000	97.144151 
1397.000000	97.140586 
1396.000000	97.123328 
1395.000000	97.107499 
1394.000000	97.107422 
1393.000000	97.126537 
1392.000000	97.157177 
1391.000000	97.186570 
1390.000000	97.206182 
1389.000000	97.215339 
1388.000000	97.218271 
1387.000000	97.218972 
1386.000000	97.218887 
1385.000000	97.219524 
1384.000000	97.223727 
1383.000000	97.231797 
1382.000000	97.241113 
1381.000000	97.249104 
1380.000000	97.256694 
1379.000000	97.267157 
1378.000000	97.281007 
1377.000000	97.295398 
1376.000000	97.308447 
1375.000000	97.321784 
1374.000000	97.337334 
1373.000000	97.354926 
1372.000000	97.372829 
1371.000000	97.390006 
1370.000000	97.406057 
1369.000000	97.421323 
1368.000000	97.436629 
1367.000000	97.450323 
1366.000000	97.460220 
1365.000000	97.467308 
1364.000000	97.476093 
1363.000000	97.489810 
1362.000000	97.506338 
1361.000000	97.521257 
1360.000000	97.533822 
1359.000000	97.546291 
1358.000000	97.559257 
1357.000000	97.571257 
1356.000000	97.581782 
1355.000000	97.591319 
1354.000000	97.600226 
1353.000000	97.608805 
1352.000000	97.616940 
1351.000000	97.625573 
1350.000000	97.634422 
1349.000000	97.641786 
1348.000000	97.647287 
1347.000000	97.651190 
1346.000000	97.654451 
1345.000000	97.657481 
1344.000000	97.659711 
1343.000000	97.659432 
1342.000000	97.656197 
1341.000000	97.653055 
1340.000000	97.654877 
1339.000000	97.662492 
1338.000000	97.671430 
1337.000000	97.677772 
1336.000000	97.681191 
1335.000000	97.682264 
1334.000000	97.681148 
1333.000000	97.679145 
1332.000000	97.678445 
1331.000000	97.679282 
1330.000000	97.679616 
1329.000000	97.678756 
1328.000000	97.678632 
1327.000000	97.680664 
1326.000000	97.683060 
1325.000000	97.683435 
1324.000000	97.681585 
1323.000000	97.677589 
1322.000000	97.671258 
1321.000000	97.664413 
1320.000000	97.661072 
1319.000000	97.663094 
1318.000000	97.667844 
1317.000000	97.671400 
1316.000000	97.672108 
1315.000000	97.670161 
1314.000000	97.666740 
1313.000000	97.664729 
1312.000000	97.667105 
1311.000000	97.672951 
1310.000000	97.677483 
1309.000000	97.677637 
1308.000000	97.675384 
1307.000000	97.674843 
1306.000000	97.677331 
1305.000000	97.681341 
1304.000000	97.685274 
1303.000000	97.687518 
1302.000000	97.686355 
1301.000000	97.681827 
1300.000000	97.676991 
1299.000000	97.675267 
1298.000000	97.677150 
1297.000000	97.680180 
1296.000000	97.681631 
1295.000000	97.680562 
1294.000000	97.678267 
1293.000000	97.677364 
1292.000000	97.679092 
1291.000000	97.681460 
1290.000000	97.681560 
1289.000000	97.679398 
1288.000000	97.677384 
1287.000000	97.676249 
1286.000000	97.674174 
1285.000000	97.670562 
1284.000000	97.667602 
1283.000000	97.666787 
1282.000000	97.666200 
1281.000000	97.662902 
1280.000000	97.656789 
1279.000000	97.650308 
1278.000000	97.645594 
1277.000000	97.643304 
1276.000000	97.642678 
1275.000000	97.641497 
1274.000000	97.637203 
1273.000000	97.629517 
1272.000000	97.620848 
1271.000000	97.613243 
1270.000000	97.606124 
1269.000000	97.598080 
1268.000000	97.589268 
1267.000000	97.580320 
1266.000000	97.570555 
1265.000000	97.559273 
1264.000000	97.547633 
1263.000000	97.537477 
1262.000000	97.528880 
1261.000000	97.520473 
1260.000000	97.512075 
1259.000000	97.505089 
1258.000000	97.500003 
1257.000000	97.494760 
1256.000000	97.486130 
1255.000000	97.472855 
1254.000000	97.457153 
1253.000000	97.442474 
1252.000000	97.429712 
1251.000000	97.417152 
1250.000000	97.404895 
1249.000000	97.397331 
1248.000000	97.398695 
1247.000000	97.406564 
1246.000000	97.412178 
1245.000000	97.407512 
1244.000000	97.391115 
1243.000000	97.369239 
1242.000000	97.353281 
1241.000000	97.352972 
1240.000000	97.367261 
1239.000000	97.382397 
1238.000000	97.383415 
1237.000000	97.367703 
1236.000000	97.344139 
1235.000000	97.320608 
1234.000000	97.297465 
1233.000000	97.272978 
1232.000000	97.248496 
1231.000000	97.225600 
1230.000000	97.203299 
1229.000000	97.181113 
1228.000000	97.160888 
1227.000000	97.142518 
1226.000000	97.121276 
1225.000000	97.092617 
1224.000000	97.057062 
1223.000000	97.017757 
1222.000000	96.975677 
1221.000000	96.929874 
1220.000000	96.880404 
1219.000000	96.828385 
1218.000000	96.774581 
1217.000000	96.719560 
1216.000000	96.663235 
1215.000000	96.603070 
1214.000000	96.535777 
1213.000000	96.462853 
1212.000000	96.391065 
1211.000000	96.324502 
1210.000000	96.259081 
1209.000000	96.188389 
1208.000000	96.112202 
1207.000000	96.035287 
1206.000000	95.959848 
1205.000000	95.883489 
1204.000000	95.803816 
1203.000000	95.721356 
1202.000000	95.638345 
1201.000000	95.557145 
1200.000000	95.479108 
1199.000000	95.402897 
1198.000000	95.325214 
1197.000000	95.245143 
1196.000000	95.165836 
1195.000000	95.089892 
1194.000000	95.015288 
1193.000000	94.938344 
1192.000000	94.858379 
1191.000000	94.776563 
1190.000000	94.692568 
1189.000000	94.605556 
1188.000000	94.516379 
1187.000000	94.425654 
1186.000000	94.331822 
1185.000000	94.234164 
1184.000000	94.135139 
1183.000000	94.036384 
1182.000000	93.935174 
1181.000000	93.828684 
1180.000000	93.718806 
1179.000000	93.608104 
1178.000000	93.493895 
1177.000000	93.371876 
1176.000000	93.243385 
1175.000000	93.113452 
1174.000000	92.983500 
1173.000000	92.851963 
1172.000000	92.720416 
1171.000000	92.592281 
1170.000000	92.466445 
1169.000000	92.339293 
1168.000000	92.213166 
1167.000000	92.096574 
1166.000000	91.996560 
1165.000000	91.917683 
1164.000000	91.867745 
1163.000000	91.855673 
1162.000000	91.880988 
1161.000000	91.930365 
1160.000000	91.985206 
1159.000000	92.028069 
1158.000000	92.043818 
1157.000000	92.023089 
1156.000000	91.966920 
1155.000000	91.883841 
1154.000000	91.781928 
1153.000000	91.667096 
1152.000000	91.547271 
1151.000000	91.431077 
1150.000000	91.321300 
1149.000000	91.215252 
1148.000000	91.111948 
1147.000000	91.013014 
1146.000000	90.916530 
1145.000000	90.816922 
1144.000000	90.712396 
1143.000000	90.606843 
1142.000000	90.503493 
1141.000000	90.402043 
1140.000000	90.302253 
1139.000000	90.204538 
1138.000000	90.106701 
1137.000000	90.005898 
1136.000000	89.903775 
1135.000000	89.803829 
1134.000000	89.704257 
1133.000000	89.599937 
1132.000000	89.490850 
1131.000000	89.381497 
1130.000000	89.272557 
1129.000000	89.160702 
1128.000000	89.046416 
1127.000000	88.933942 
1126.000000	88.823159 
1125.000000	88.709428 
1124.000000	88.592006 
1123.000000	88.474837 
1122.000000	88.358876 
1121.000000	88.241869 
1120.000000	88.125734 
1119.000000	88.014954 
1118.000000	87.907271 
1117.000000	87.795738 
1116.000000	87.680732 
1115.000000	87.570180 
1114.000000	87.466907 
1113.000000	87.365867 
1112.000000	87.264982 
1111.000000	87.167709 
1110.000000	87.073607 
1109.000000	86.977098 
1108.000000	86.876223 
1107.000000	86.774086 
1106.000000	86.671652 
1105.000000	86.568013 
1104.000000	86.467451 
1103.000000	86.375923 
1102.000000	86.290603 
1101.000000	86.203059 
1100.000000	86.112469 
1099.000000	86.025767 
1098.000000	85.945512 
1097.000000	85.868199 
1096.000000	85.793440 
1095.000000	85.722911 
1094.000000	85.650600 
1093.000000	85.566690 
1092.000000	85.472401 
1091.000000	85.379899 
1090.000000	85.296717 
1089.000000	85.220824 
1088.000000	85.150333 
1087.000000	85.085915 
1086.000000	85.023613 
1085.000000	84.957856 
1084.000000	84.892326 
1083.000000	84.836051 
1082.000000	84.788785 
1081.000000	84.742589 
1080.000000	84.697443 
1079.000000	84.661720 
1078.000000	84.636683 
1077.000000	84.614145 
1076.000000	84.590357 
1075.000000	84.568499 
1074.000000	84.546565 
1073.000000	84.516251 
1072.000000	84.473354 
1071.000000	84.414042 
1070.000000	84.321496 
1069.000000	84.175845 
1068.000000	83.983171 
1067.000000	83.780793 
1066.000000	83.605730 
1065.000000	83.466940 
1064.000000	83.351843 
1063.000000	83.243236 
1062.000000	83.122566 
1061.000000	82.973380 
1060.000000	82.795419 
1059.000000	82.609349 
1058.000000	82.439330 
1057.000000	82.294654 
1056.000000	82.170360 
1055.000000	82.056271 
1054.000000	81.941763 
1053.000000	81.821130 
1052.000000	81.699014 
1051.000000	81.583745 
1050.000000	81.474144 
1049.000000	81.361788 
1048.000000	81.244813 
1047.000000	81.127567 
1046.000000	81.008945 
1045.000000	80.884111 
1044.000000	80.755715 
1043.000000	80.630926 
1042.000000	80.508960 
1041.000000	80.383800 
1040.000000	80.258084 
1039.000000	80.142226 
1038.000000	80.041206 
1037.000000	79.954013 
1036.000000	79.883064 
1035.000000	79.830913 
1034.000000	79.790758 
1033.000000	79.753241 
1032.000000	79.717819 
1031.000000	79.683834 
1030.000000	79.639283 
1029.000000	79.578231 
1028.000000	79.522859 
1027.000000	79.504759 
1026.000000	79.525844 
1025.000000	79.557800 
1024.000000	79.578795 
1023.000000	79.589529 
1022.000000	79.594003 
1021.000000	79.589156 
1020.000000	79.577312 
1019.000000	79.568044 
1018.000000	79.562638 
1017.000000	79.553426 
1016.000000	79.540803 
1015.000000	79.534169 
1014.000000	79.534897 
1013.000000	79.535648 
1012.000000	79.537053 
1011.000000	79.547218 
1010.000000	79.564308 
1009.000000	79.578128 
1008.000000	79.589948 
1007.000000	79.612486 
1006.000000	79.649382 
1005.000000	79.692772 
1004.000000	79.741331 
1003.000000	79.801342 
1002.000000	79.868792 
1001.000000	79.930487 
1000.000000	79.985939 
999.000000	 80.049239 
998.000000	 80.125855 
997.000000	 80.205523 
996.000000	 80.281407 
995.000000	 80.359318 
994.000000	 80.444351 
993.000000	 80.534429 
992.000000	 80.629729 
991.000000	 80.732982 
990.000000	 80.838701 
989.000000	 80.937948 
988.000000	 81.035360 
987.000000	 81.145515 
986.000000	 81.271609 
985.000000	 81.403991 
984.000000	 81.539995 
983.000000	 81.687453 
982.000000	 81.847495 
981.000000	 82.011490 
980.000000	 82.177178 
979.000000	 82.351155 
978.000000	 82.532800 
977.000000	 82.712568 
976.000000	 82.889318 
975.000000	 83.073375 
974.000000	 83.269255 
973.000000	 83.470294 
972.000000	 83.672869 
971.000000	 83.880982 
970.000000	 84.093777 
969.000000	 84.302866 
968.000000	 84.505370 
967.000000	 84.706927 
966.000000	 84.909614 
965.000000	 85.109342 
964.000000	 85.306514 
963.000000	 85.506482 
962.000000	 85.707829 
961.000000	 85.902571 
960.000000	 86.089119 
959.000000	 86.272985 
958.000000	 86.454057 
957.000000	 86.625561 
956.000000	 86.786729 
955.000000	 86.944640 
954.000000	 87.102580 
953.000000	 87.257615 
952.000000	 87.409678 
951.000000	 87.561155 
950.000000	 87.707472 
949.000000	 87.840368 
948.000000	 87.961011 
947.000000	 88.078554 
946.000000	 88.195600 
945.000000	 88.306481 
944.000000	 88.409799 
943.000000	 88.510835 
942.000000	 88.611325 
941.000000	 88.708660 
940.000000	 88.805631 
939.000000	 88.909029 
938.000000	 89.017682 
937.000000	 89.123118 
936.000000	 89.222664 
935.000000	 89.321073 
934.000000	 89.419513 
933.000000	 89.514511 
932.000000	 89.607896 
931.000000	 89.706207 
930.000000	 89.809332 
929.000000	 89.910138 
928.000000	 90.005859 
927.000000	 90.099871 
926.000000	 90.192570 
925.000000	 90.280486 
924.000000	 90.363711 
923.000000	 90.444333 
922.000000	 90.519063 
921.000000	 90.584148 
920.000000	 90.645740 
919.000000	 90.713706 
918.000000	 90.786043 
917.000000	 90.851025 
916.000000	 90.904933 
915.000000	 90.957043 
914.000000	 91.017113 
913.000000	 91.088099 
912.000000	 91.170575 
911.000000	 91.263650 
910.000000	 91.361621 
909.000000	 91.459764 
908.000000	 91.562702 
907.000000	 91.677883 
906.000000	 91.803474 
905.000000	 91.932430 
904.000000	 92.064746 
903.000000	 92.203963 
902.000000	 92.345014 
901.000000	 92.478782 
900.000000	 92.607096 
899.000000	 92.740897 
898.000000	 92.884008 
897.000000	 93.029061 
896.000000	 93.167550 
895.000000	 93.293567 
894.000000	 93.401402 
893.000000	 93.492048 
892.000000	 93.579945 
891.000000	 93.680379 
890.000000	 93.790434 
889.000000	 93.893858 
888.000000	 93.982616 
887.000000	 94.061631 
886.000000	 94.135425 
885.000000	 94.203896 
884.000000	 94.269729 
883.000000	 94.335535 
882.000000	 94.394972 
881.000000	 94.442728 
880.000000	 94.493146 
879.000000	 94.570814 
878.000000	 94.679375 
877.000000	 94.796099 
876.000000	 94.900923 
875.000000	 94.994827 
874.000000	 95.086354 
873.000000	 95.178796 
872.000000	 95.276779 
871.000000	 95.387978 
870.000000	 95.509389 
869.000000	 95.625167 
868.000000	 95.725454 
867.000000	 95.816405 
866.000000	 95.906970 
865.000000	 95.997384 
864.000000	 96.086183 
863.000000	 96.177270 
862.000000	 96.272821 
861.000000	 96.367676 
860.000000	 96.456875 
859.000000	 96.541942 
858.000000	 96.625687 
857.000000	 96.707362 
856.000000	 96.785702 
855.000000	 96.859871 
854.000000	 96.925659 
853.000000	 96.978527 
852.000000	 97.022374 
851.000000	 97.068068 
850.000000	 97.121908 
849.000000	 97.182087 
848.000000	 97.245321 
847.000000	 97.307980 
846.000000	 97.362284 
845.000000	 97.402369 
844.000000	 97.434066 
843.000000	 97.468036 
842.000000	 97.503117 
841.000000	 97.527439 
840.000000	 97.535948 
839.000000	 97.534793 
838.000000	 97.528124 
837.000000	 97.513803 
836.000000	 97.494966 
835.000000	 97.482987 
834.000000	 97.483599 
833.000000	 97.490385 
832.000000	 97.496587 
831.000000	 97.503223 
830.000000	 97.511070 
829.000000	 97.515791 
828.000000	 97.518443 
827.000000	 97.531727 
826.000000	 97.566846 
825.000000	 97.619295 
824.000000	 97.673091 
823.000000	 97.713381 
822.000000	 97.732622 
821.000000	 97.732607 
820.000000	 97.723287 
819.000000	 97.712686 
818.000000	 97.696265 
817.000000	 97.661311 
816.000000	 97.600478 
815.000000	 97.514423 
814.000000	 97.402873 
813.000000	 97.261142 
812.000000	 97.084023 
811.000000	 96.863161 
810.000000	 96.581005 
809.000000	 96.219379 
808.000000	 95.778196 
807.000000	 95.278200 
806.000000	 94.743520 
805.000000	 94.190472 
804.000000	 93.635052 
803.000000	 93.098749 
802.000000	 92.602165 
801.000000	 92.164640 
800.000000	 91.813177 
799.000000	 91.575920 
798.000000	 91.459269 
797.000000	 91.442445 
796.000000	 91.496783 
795.000000	 91.597298 
794.000000	 91.717610 
793.000000	 91.834737 
792.000000	 91.943431 
791.000000	 92.049161 
790.000000	 92.143516 
789.000000	 92.201753 
788.000000	 92.206590 
787.000000	 92.158386 
786.000000	 92.060198 
785.000000	 91.910546 
784.000000	 91.715920 
783.000000	 91.495255 
782.000000	 91.267557 
781.000000	 91.049791 
780.000000	 90.869244 
779.000000	 90.758670 
778.000000	 90.731948 
777.000000	 90.779356 
776.000000	 90.889613 
775.000000	 91.057917 
774.000000	 91.268760 
773.000000	 91.492912 
772.000000	 91.710682 
771.000000	 91.921849 
770.000000	 92.126509 
769.000000	 92.313171 
768.000000	 92.472676 
767.000000	 92.608210 
766.000000	 92.725158 
765.000000	 92.826048 
764.000000	 92.920899 
763.000000	 93.026039 
762.000000	 93.144481 
761.000000	 93.261460 
760.000000	 93.366408 
759.000000	 93.466047 
758.000000	 93.570406 
757.000000	 93.680754 
756.000000	 93.797657 
755.000000	 93.925086 
754.000000	 94.057240 
753.000000	 94.174892 
752.000000	 94.264802 
751.000000	 94.334063 
750.000000	 94.400054 
749.000000	 94.474937 
748.000000	 94.562561 
747.000000	 94.658760 
746.000000	 94.750687 
745.000000	 94.828418 
744.000000	 94.901543 
743.000000	 94.991884 
742.000000	 95.106014 
741.000000	 95.227828 
740.000000	 95.340923 
739.000000	 95.443988 
738.000000	 95.540952 
737.000000	 95.630561 
736.000000	 95.711080 
735.000000	 95.782983 
734.000000	 95.843574 
733.000000	 95.890698 
732.000000	 95.932811 
731.000000	 95.981276 
730.000000	 96.031584 
729.000000	 96.068455 
728.000000	 96.087939 
727.000000	 96.101153 
726.000000	 96.121131 
725.000000	 96.158224 
724.000000	 96.224569 
723.000000	 96.325002 
722.000000	 96.441165 
721.000000	 96.540918 
720.000000	 96.609089 
719.000000	 96.657804 
718.000000	 96.704646 
717.000000	 96.756741 
716.000000	 96.818883 
715.000000	 96.893991 
714.000000	 96.968509 
713.000000	 97.019545 
712.000000	 97.044880 
711.000000	 97.068137 
710.000000	 97.105683 
709.000000	 97.152338 
708.000000	 97.194659 
707.000000	 97.224953 
706.000000	 97.239661 
705.000000	 97.233355 
704.000000	 97.202876 
703.000000	 97.150853 
702.000000	 97.072875 
701.000000	 96.950865 
700.000000	 96.770831 
699.000000	 96.537185 
698.000000	 96.272225 
697.000000	 96.011584 
696.000000	 95.799293 
695.000000	 95.675305 
694.000000	 95.650760 
693.000000	 95.704097 
692.000000	 95.807825 
691.000000	 95.944666 
690.000000	 96.101087 
689.000000	 96.258012 
688.000000	 96.396064 
687.000000	 96.506429 
686.000000	 96.587554 
685.000000	 96.643811 
684.000000	 96.691711 
683.000000	 96.748644 
682.000000	 96.814411 
681.000000	 96.874856 
680.000000	 96.924815 
679.000000	 96.969985 
678.000000	 97.011732 
677.000000	 97.051087 
676.000000	 97.093336 
675.000000	 97.141679 
674.000000	 97.186218 
673.000000	 97.203362 
672.000000	 97.179937 
671.000000	 97.110292 
670.000000	 96.994819 
669.000000	 96.845551 
668.000000	 96.779937 
667.000000	 96.917656 
666.000000	 97.149720 
665.000000	 97.324015 
664.000000	 97.430644 
663.000000	 97.495648 
662.000000	 97.539643 
661.000000	 97.572265 
660.000000	 97.597107 
659.000000	 97.619387 
658.000000	 97.644189 
657.000000	 97.674616 
656.000000	 97.702810 
655.000000	 97.715887 
654.000000	 97.708681 
653.000000	 97.685995 
652.000000	 97.658844 
651.000000	 97.643454 
650.000000	 97.653485 

