4000.000000	95.858240 
3999.000000	95.858270 
3998.000000	95.858304 
3997.000000	95.858328 
3996.000000	95.858341 
3995.000000	95.858355 
3994.000000	95.858376 
3993.000000	95.858402 
3992.000000	95.858421 
3991.000000	95.858425 
3990.000000	95.858437 
3989.000000	95.858487 
3988.000000	95.858575 
3987.000000	95.858635 
3986.000000	95.858642 
3985.000000	95.858634 
3984.000000	95.858628 
3983.000000	95.858622 
3982.000000	95.858608 
3981.000000	95.858583 
3980.000000	95.858552 
3979.000000	95.858523 
3978.000000	95.858492 
3977.000000	95.858451 
3976.000000	95.858400 
3975.000000	95.858334 
3974.000000	95.858247 
3973.000000	95.858150 
3972.000000	95.858075 
3971.000000	95.858029 
3970.000000	95.857996 
3969.000000	95.857973 
3968.000000	95.857980 
3967.000000	95.858019 
3966.000000	95.858057 
3965.000000	95.858045 
3964.000000	95.857947 
3963.000000	95.857758 
3962.000000	95.857529 
3961.000000	95.857354 
3960.000000	95.857262 
3959.000000	95.857171 
3958.000000	95.856993 
3957.000000	95.856742 
3956.000000	95.856514 
3955.000000	95.856364 
3954.000000	95.856285 
3953.000000	95.856232 
3952.000000	95.856144 
3951.000000	95.855968 
3950.000000	95.855691 
3949.000000	95.855383 
3948.000000	95.855183 
3947.000000	95.855179 
3946.000000	95.855245 
3945.000000	95.855086 
3944.000000	95.854531 
3943.000000	95.853698 
3942.000000	95.852983 
3941.000000	95.852654 
3940.000000	95.852604 
3939.000000	95.852514 
3938.000000	95.852400 
3937.000000	95.852473 
3936.000000	95.852749 
3935.000000	95.852987 
3934.000000	95.853010 
3933.000000	95.852858 
3932.000000	95.852628 
3931.000000	95.852357 
3930.000000	95.852055 
3929.000000	95.851782 
3928.000000	95.851561 
3927.000000	95.851359 
3926.000000	95.851170 
3925.000000	95.851014 
3924.000000	95.850903 
3923.000000	95.850816 
3922.000000	95.850727 
3921.000000	95.850626 
3920.000000	95.850531 
3919.000000	95.850460 
3918.000000	95.850413 
3917.000000	95.850380 
3916.000000	95.850356 
3915.000000	95.850353 
3914.000000	95.850376 
3913.000000	95.850417 
3912.000000	95.850459 
3911.000000	95.850495 
3910.000000	95.850533 
3909.000000	95.850584 
3908.000000	95.850635 
3907.000000	95.850658 
3906.000000	95.850637 
3905.000000	95.850580 
3904.000000	95.850503 
3903.000000	95.850424 
3902.000000	95.850350 
3901.000000	95.850281 
3900.000000	95.850215 
3899.000000	95.850153 
3898.000000	95.850099 
3897.000000	95.850045 
3896.000000	95.849972 
3895.000000	95.849847 
3894.000000	95.849651 
3893.000000	95.849394 
3892.000000	95.849099 
3891.000000	95.848792 
3890.000000	95.848503 
3889.000000	95.848244 
3888.000000	95.848011 
3887.000000	95.847798 
3886.000000	95.847614 
3885.000000	95.847470 
3884.000000	95.847351 
3883.000000	95.847217 
3882.000000	95.847032 
3881.000000	95.846816 
3880.000000	95.846619 
3879.000000	95.846482 
3878.000000	95.846394 
3877.000000	95.846311 
3876.000000	95.846197 
3875.000000	95.846042 
3874.000000	95.845859 
3873.000000	95.845653 
3872.000000	95.845416 
3871.000000	95.845149 
3870.000000	95.844877 
3869.000000	95.844637 
3868.000000	95.844434 
3867.000000	95.844235 
3866.000000	95.844027 
3865.000000	95.843845 
3864.000000	95.843727 
3863.000000	95.843670 
3862.000000	95.843654 
3861.000000	95.843676 
3860.000000	95.843743 
3859.000000	95.843837 
3858.000000	95.843928 
3857.000000	95.844008 
3856.000000	95.844107 
3855.000000	95.844255 
3854.000000	95.844447 
3853.000000	95.844678 
3852.000000	95.844988 
3851.000000	95.845404 
3850.000000	95.845903 
3849.000000	95.846459 
3848.000000	95.847065 
3847.000000	95.847720 
3846.000000	95.848409 
3845.000000	95.849106 
3844.000000	95.849775 
3843.000000	95.850396 
3842.000000	95.850972 
3841.000000	95.851525 
3840.000000	95.852072 
3839.000000	95.852607 
3838.000000	95.853108 
3837.000000	95.853553 
3836.000000	95.853939 
3835.000000	95.854278 
3834.000000	95.854589 
3833.000000	95.854896 
3832.000000	95.855221 
3831.000000	95.855577 
3830.000000	95.855963 
3829.000000	95.856360 
3828.000000	95.856744 
3827.000000	95.857096 
3826.000000	95.857412 
3825.000000	95.857706 
3824.000000	95.857987 
3823.000000	95.858239 
3822.000000	95.858435 
3821.000000	95.858568 
3820.000000	95.858666 
3819.000000	95.858740 
3818.000000	95.858761 
3817.000000	95.858719 
3816.000000	95.858659 
3815.000000	95.858632 
3814.000000	95.858638 
3813.000000	95.858628 
3812.000000	95.858581 
3811.000000	95.858522 
3810.000000	95.858476 
3809.000000	95.858416 
3808.000000	95.858301 
3807.000000	95.858120 
3806.000000	95.857887 
3805.000000	95.857606 
3804.000000	95.857259 
3803.000000	95.856845 
3802.000000	95.856399 
3801.000000	95.855973 
3800.000000	95.855590 
3799.000000	95.855221 
3798.000000	95.854835 
3797.000000	95.854450 
3796.000000	95.854109 
3795.000000	95.853836 
3794.000000	95.853627 
3793.000000	95.853471 
3792.000000	95.853369 
3791.000000	95.853323 
3790.000000	95.853323 
3789.000000	95.853344 
3788.000000	95.853357 
3787.000000	95.853339 
3786.000000	95.853285 
3785.000000	95.853217 
3784.000000	95.853176 
3783.000000	95.853174 
3782.000000	95.853191 
3781.000000	95.853213 
3780.000000	95.853258 
3779.000000	95.853362 
3778.000000	95.853542 
3777.000000	95.853787 
3776.000000	95.854088 
3775.000000	95.854436 
3774.000000	95.854811 
3773.000000	95.855177 
3772.000000	95.855511 
3771.000000	95.855818 
3770.000000	95.856117 
3769.000000	95.856409 
3768.000000	95.856677 
3767.000000	95.856907 
3766.000000	95.857114 
3765.000000	95.857331 
3764.000000	95.857573 
3763.000000	95.857822 
3762.000000	95.858053 
3761.000000	95.858260 
3760.000000	95.858446 
3759.000000	95.858599 
3758.000000	95.858700 
3757.000000	95.858755 
3756.000000	95.858791 
3755.000000	95.858832 
3754.000000	95.858872 
3753.000000	95.858883 
3752.000000	95.858834 
3751.000000	95.858678 
3750.000000	95.858377 
3749.000000	95.857920 
3748.000000	95.857315 
3747.000000	95.856563 
3746.000000	95.855680 
3745.000000	95.854700 
3744.000000	95.853659 
3743.000000	95.852559 
3742.000000	95.851334 
3741.000000	95.849896 
3740.000000	95.848223 
3739.000000	95.846353 
3738.000000	95.844410 
3737.000000	95.842503 
3736.000000	95.840379 
3735.000000	95.837769 
3734.000000	95.834581 
3733.000000	95.830594 
3732.000000	95.826028 
3731.000000	95.822034 
3730.000000	95.819353 
3729.000000	95.816966 
3728.000000	95.813408 
3727.000000	95.808989 
3726.000000	95.805270 
3725.000000	95.802408 
3724.000000	95.798476 
3723.000000	95.792516 
3722.000000	95.785867 
3721.000000	95.780091 
3720.000000	95.774950 
3719.000000	95.769030 
3718.000000	95.762450 
3717.000000	95.757054 
3716.000000	95.754025 
3715.000000	95.752255 
3714.000000	95.750562 
3713.000000	95.749144 
3712.000000	95.745938 
3711.000000	95.736681 
3710.000000	95.721160 
3709.000000	95.703402 
3708.000000	95.687603 
3707.000000	95.675955 
3706.000000	95.668288 
3705.000000	95.662176 
3704.000000	95.654188 
3703.000000	95.641884 
3702.000000	95.624701 
3701.000000	95.605368 
3700.000000	95.588831 
3699.000000	95.575361 
3698.000000	95.561396 
3697.000000	95.547718 
3696.000000	95.539411 
3695.000000	95.537690 
3694.000000	95.536927 
3693.000000	95.532548 
3692.000000	95.525912 
3691.000000	95.519041 
3690.000000	95.508853 
3689.000000	95.492049 
3688.000000	95.475529 
3687.000000	95.467935 
3686.000000	95.464689 
3685.000000	95.456506 
3684.000000	95.445074 
3683.000000	95.438089 
3682.000000	95.435802 
3681.000000	95.429696 
3680.000000	95.415509 
3679.000000	95.399528 
3678.000000	95.387305 
3677.000000	95.375340 
3676.000000	95.354941 
3675.000000	95.329197 
3674.000000	95.313107 
3673.000000	95.303367 
3672.000000	95.285362 
3671.000000	95.260888 
3670.000000	95.239295 
3669.000000	95.222848 
3668.000000	95.208563 
3667.000000	95.191959 
3666.000000	95.173345 
3665.000000	95.157633 
3664.000000	95.146420 
3663.000000	95.135366 
3662.000000	95.119961 
3661.000000	95.100488 
3660.000000	95.081120 
3659.000000	95.064349 
3658.000000	95.047576 
3657.000000	95.027029 
3656.000000	95.004905 
3655.000000	94.990850 
3654.000000	94.984061 
3653.000000	94.971419 
3652.000000	94.951688 
3651.000000	94.939315 
3650.000000	94.935963 
3649.000000	94.920286 
3648.000000	94.881655 
3647.000000	94.837656 
3646.000000	94.808485 
3645.000000	94.795268 
3644.000000	94.787360 
3643.000000	94.777824 
3642.000000	94.767988 
3641.000000	94.759007 
3640.000000	94.747502 
3639.000000	94.730556 
3638.000000	94.712564 
3637.000000	94.699536 
3636.000000	94.687865 
3635.000000	94.668852 
3634.000000	94.643017 
3633.000000	94.620895 
3632.000000	94.606419 
3631.000000	94.594541 
3630.000000	94.579575 
3629.000000	94.555599 
3628.000000	94.531808 
3627.000000	94.525366 
3626.000000	94.521489 
3625.000000	94.503945 
3624.000000	94.485852 
3623.000000	94.481044 
3622.000000	94.484444 
3621.000000	94.484853 
3620.000000	94.481323 
3619.000000	94.480588 
3618.000000	94.490307 
3617.000000	94.510686 
3616.000000	94.531783 
3615.000000	94.546197 
3614.000000	94.556719 
3613.000000	94.570595 
3612.000000	94.591404 
3611.000000	94.615181 
3610.000000	94.634873 
3609.000000	94.648424 
3608.000000	94.657867 
3607.000000	94.664944 
3606.000000	94.669418 
3605.000000	94.671404 
3604.000000	94.675427 
3603.000000	94.685248 
3602.000000	94.697769 
3601.000000	94.708386 
3600.000000	94.718495 
3599.000000	94.730928 
3598.000000	94.743128 
3597.000000	94.751089 
3596.000000	94.753335 
3595.000000	94.752339 
3594.000000	94.752069 
3593.000000	94.756916 
3592.000000	94.767151 
3591.000000	94.779242 
3590.000000	94.789699 
3589.000000	94.796535 
3588.000000	94.795846 
3587.000000	94.786975 
3586.000000	94.777943 
3585.000000	94.774978 
3584.000000	94.777179 
3583.000000	94.783101 
3582.000000	94.791676 
3581.000000	94.800253 
3580.000000	94.805980 
3579.000000	94.808846 
3578.000000	94.810212 
3577.000000	94.811590 
3576.000000	94.813396 
3575.000000	94.815424 
3574.000000	94.817409 
3573.000000	94.819397 
3572.000000	94.822202 
3571.000000	94.826744 
3570.000000	94.833159 
3569.000000	94.839608 
3568.000000	94.841837 
3567.000000	94.836425 
3566.000000	94.826555 
3565.000000	94.819170 
3564.000000	94.816485 
3563.000000	94.816802 
3562.000000	94.818122 
3561.000000	94.818907 
3560.000000	94.818420 
3559.000000	94.817291 
3558.000000	94.816573 
3557.000000	94.816815 
3556.000000	94.818375 
3555.000000	94.821134 
3554.000000	94.824103 
3553.000000	94.825879 
3552.000000	94.826268 
3551.000000	94.826322 
3550.000000	94.826604 
3549.000000	94.826916 
3548.000000	94.827649 
3547.000000	94.829223 
3546.000000	94.830608 
3545.000000	94.830341 
3544.000000	94.828500 
3543.000000	94.826574 
3542.000000	94.825881 
3541.000000	94.826558 
3540.000000	94.827936 
3539.000000	94.829030 
3538.000000	94.829250 
3537.000000	94.828781 
3536.000000	94.828453 
3535.000000	94.828914 
3534.000000	94.830018 
3533.000000	94.831520 
3532.000000	94.833492 
3531.000000	94.835899 
3530.000000	94.837787 
3529.000000	94.838246 
3528.000000	94.837701 
3527.000000	94.837427 
3526.000000	94.837448 
3525.000000	94.836291 
3524.000000	94.833164 
3523.000000	94.829311 
3522.000000	94.826755 
3521.000000	94.826275 
3520.000000	94.827233 
3519.000000	94.828751 
3518.000000	94.830414 
3517.000000	94.831930 
3516.000000	94.832874 
3515.000000	94.833325 
3514.000000	94.834224 
3513.000000	94.836491 
3512.000000	94.839696 
3511.000000	94.842306 
3510.000000	94.843238 
3509.000000	94.843054 
3508.000000	94.843124 
3507.000000	94.843886 
3506.000000	94.844546 
3505.000000	94.844629 
3504.000000	94.844379 
3503.000000	94.843656 
3502.000000	94.841646 
3501.000000	94.838117 
3500.000000	94.834208 
3499.000000	94.831545 
3498.000000	94.831027 
3497.000000	94.832615 
3496.000000	94.835689 
3495.000000	94.839080 
3494.000000	94.841331 
3493.000000	94.841626 
3492.000000	94.840370 
3491.000000	94.838680 
3490.000000	94.837275 
3489.000000	94.836136 
3488.000000	94.835056 
3487.000000	94.833919 
3486.000000	94.832483 
3485.000000	94.830462 
3484.000000	94.827994 
3483.000000	94.825742 
3482.000000	94.824233 
3481.000000	94.823399 
3480.000000	94.822681 
3479.000000	94.821632 
3478.000000	94.820377 
3477.000000	94.819477 
3476.000000	94.819147 
3475.000000	94.818676 
3474.000000	94.817149 
3473.000000	94.814644 
3472.000000	94.812257 
3471.000000	94.810838 
3470.000000	94.810081 
3469.000000	94.808999 
3468.000000	94.806914 
3467.000000	94.803748 
3466.000000	94.799826 
3465.000000	94.795769 
3464.000000	94.792454 
3463.000000	94.790499 
3462.000000	94.789660 
3461.000000	94.788903 
3460.000000	94.787263 
3459.000000	94.784625 
3458.000000	94.781617 
3457.000000	94.778890 
3456.000000	94.776630 
3455.000000	94.774702 
3454.000000	94.772928 
3453.000000	94.771306 
3452.000000	94.769967 
3451.000000	94.768940 
3450.000000	94.767796 
3449.000000	94.765877 
3448.000000	94.762953 
3447.000000	94.759512 
3446.000000	94.756193 
3445.000000	94.753041 
3444.000000	94.749720 
3443.000000	94.746403 
3442.000000	94.743853 
3441.000000	94.742469 
3440.000000	94.741732 
3439.000000	94.740699 
3438.000000	94.738961 
3437.000000	94.736859 
3436.000000	94.734972 
3435.000000	94.733561 
3434.000000	94.732321 
3433.000000	94.730823 
3432.000000	94.729045 
3431.000000	94.727349 
3430.000000	94.725772 
3429.000000	94.723928 
3428.000000	94.721655 
3427.000000	94.719285 
3426.000000	94.717143 
3425.000000	94.715157 
3424.000000	94.713141 
3423.000000	94.711040 
3422.000000	94.708802 
3421.000000	94.706264 
3420.000000	94.703232 
3419.000000	94.699597 
3418.000000	94.695623 
3417.000000	94.692415 
3416.000000	94.691426 
3415.000000	94.693003 
3414.000000	94.695613 
3413.000000	94.697147 
3412.000000	94.696946 
3411.000000	94.695863 
3410.000000	94.694892 
3409.000000	94.694451 
3408.000000	94.694535 
3407.000000	94.694622 
3406.000000	94.693855 
3405.000000	94.692043 
3404.000000	94.690201 
3403.000000	94.689389 
3402.000000	94.689380 
3401.000000	94.689183 
3400.000000	94.688480 
3399.000000	94.687975 
3398.000000	94.688398 
3397.000000	94.689696 
3396.000000	94.691115 
3395.000000	94.691847 
3394.000000	94.691681 
3393.000000	94.691092 
3392.000000	94.690584 
3391.000000	94.690108 
3390.000000	94.689509 
3389.000000	94.689285 
3388.000000	94.690166 
3387.000000	94.691949 
3386.000000	94.693579 
3385.000000	94.694557 
3384.000000	94.695492 
3383.000000	94.697003 
3382.000000	94.698854 
3381.000000	94.700552 
3380.000000	94.702051 
3379.000000	94.703515 
3378.000000	94.704820 
3377.000000	94.705696 
3376.000000	94.706047 
3375.000000	94.706008 
3374.000000	94.706016 
3373.000000	94.706801 
3372.000000	94.708850 
3371.000000	94.711738 
3370.000000	94.714323 
3369.000000	94.715812 
3368.000000	94.716372 
3367.000000	94.716568 
3366.000000	94.716666 
3365.000000	94.716764 
3364.000000	94.717256 
3363.000000	94.718652 
3362.000000	94.720969 
3361.000000	94.723647 
3360.000000	94.726096 
3359.000000	94.728115 
3358.000000	94.729790 
3357.000000	94.731239 
3356.000000	94.732516 
3355.000000	94.733643 
3354.000000	94.734695 
3353.000000	94.735867 
3352.000000	94.737370 
3351.000000	94.739183 
3350.000000	94.741009 
3349.000000	94.742583 
3348.000000	94.743987 
3347.000000	94.745539 
3346.000000	94.747487 
3345.000000	94.749861 
3344.000000	94.752471 
3343.000000	94.754929 
3342.000000	94.756809 
3341.000000	94.757983 
3340.000000	94.758688 
3339.000000	94.759216 
3338.000000	94.759638 
3337.000000	94.760006 
3336.000000	94.760643 
3335.000000	94.761956 
3334.000000	94.764020 
3333.000000	94.766498 
3332.000000	94.768921 
3331.000000	94.770910 
3330.000000	94.772189 
3329.000000	94.772711 
3328.000000	94.772896 
3327.000000	94.773475 
3326.000000	94.774898 
3325.000000	94.776940 
3324.000000	94.778936 
3323.000000	94.780463 
3322.000000	94.781754 
3321.000000	94.783436 
3320.000000	94.785872 
3319.000000	94.788795 
3318.000000	94.791540 
3317.000000	94.793648 
3316.000000	94.795188 
3315.000000	94.796632 
3314.000000	94.798458 
3313.000000	94.800771 
3312.000000	94.803119 
3311.000000	94.804771 
3310.000000	94.805412 
3309.000000	94.805555 
3308.000000	94.806118 
3307.000000	94.807456 
3306.000000	94.809080 
3305.000000	94.810340 
3304.000000	94.811142 
3303.000000	94.811903 
3302.000000	94.813033 
3301.000000	94.814578 
3300.000000	94.816277 
3299.000000	94.817815 
3298.000000	94.819093 
3297.000000	94.820335 
3296.000000	94.821861 
3295.000000	94.823760 
3294.000000	94.825863 
3293.000000	94.827960 
3292.000000	94.829849 
3291.000000	94.831243 
3290.000000	94.831929 
3289.000000	94.832115 
3288.000000	94.832447 
3287.000000	94.833425 
3286.000000	94.834964 
3285.000000	94.836670 
3284.000000	94.838345 
3283.000000	94.840052 
3282.000000	94.841850 
3281.000000	94.843698 
3280.000000	94.845536 
3279.000000	94.847335 
3278.000000	94.849106 
3277.000000	94.850901 
3276.000000	94.852703 
3275.000000	94.854282 
3274.000000	94.855359 
3273.000000	94.855940 
3272.000000	94.856385 
3271.000000	94.857094 
3270.000000	94.858247 
3269.000000	94.859888 
3268.000000	94.862018 
3267.000000	94.864437 
3266.000000	94.866705 
3265.000000	94.868507 
3264.000000	94.869925 
3263.000000	94.871256 
3262.000000	94.872665 
3261.000000	94.874136 
3260.000000	94.875642 
3259.000000	94.877225 
3258.000000	94.878959 
3257.000000	94.880915 
3256.000000	94.883086 
3255.000000	94.885285 
3254.000000	94.887248 
3253.000000	94.888916 
3252.000000	94.890513 
3251.000000	94.892295 
3250.000000	94.894291 
3249.000000	94.896379 
3248.000000	94.898482 
3247.000000	94.900596 
3246.000000	94.902695 
3245.000000	94.904727 
3244.000000	94.906670 
3243.000000	94.908550 
3242.000000	94.910418 
3241.000000	94.912323 
3240.000000	94.914294 
3239.000000	94.916327 
3238.000000	94.918400 
3237.000000	94.920502 
3236.000000	94.922632 
3235.000000	94.924776 
3234.000000	94.926907 
3233.000000	94.928999 
3232.000000	94.931046 
3231.000000	94.933090 
3230.000000	94.935177 
3229.000000	94.937311 
3228.000000	94.939447 
3227.000000	94.941520 
3226.000000	94.943516 
3225.000000	94.945541 
3224.000000	94.947760 
3223.000000	94.950206 
3222.000000	94.952679 
3221.000000	94.954925 
3220.000000	94.956911 
3219.000000	94.958868 
3218.000000	94.961085 
3217.000000	94.963650 
3216.000000	94.966387 
3215.000000	94.969007 
3214.000000	94.971350 
3213.000000	94.973519 
3212.000000	94.975750 
3211.000000	94.978150 
3210.000000	94.980590 
3209.000000	94.982865 
3208.000000	94.984846 
3207.000000	94.986507 
3206.000000	94.988012 
3205.000000	94.989794 
3204.000000	94.992301 
3203.000000	94.995556 
3202.000000	94.999105 
3201.000000	95.002490 
3200.000000	95.005608 
3199.000000	95.008439 
3198.000000	95.010756 
3197.000000	95.012362 
3196.000000	95.013507 
3195.000000	95.014760 
3194.000000	95.016523 
3193.000000	95.018887 
3192.000000	95.021858 
3191.000000	95.025394 
3190.000000	95.029272 
3189.000000	95.033194 
3188.000000	95.036975 
3187.000000	95.040469 
3186.000000	95.043456 
3185.000000	95.045877 
3184.000000	95.048179 
3183.000000	95.051078 
3182.000000	95.054839 
3181.000000	95.058949 
3180.000000	95.062596 
3179.000000	95.065402 
3178.000000	95.067578 
3177.000000	95.069651 
3176.000000	95.072084 
3175.000000	95.075015 
3174.000000	95.078163 
3173.000000	95.081033 
3172.000000	95.083431 
3171.000000	95.085770 
3170.000000	95.088665 
3169.000000	95.092238 
3168.000000	95.095969 
3167.000000	95.099310 
3166.000000	95.102296 
3165.000000	95.105408 
3164.000000	95.108932 
3163.000000	95.112622 
3162.000000	95.115992 
3161.000000	95.118826 
3160.000000	95.121387 
3159.000000	95.124182 
3158.000000	95.127547 
3157.000000	95.131406 
3156.000000	95.135336 
3155.000000	95.138878 
3154.000000	95.141911 
3153.000000	95.144729 
3152.000000	95.147653 
3151.000000	95.150534 
3150.000000	95.152796 
3149.000000	95.154114 
3148.000000	95.154966 
3147.000000	95.156363 
3146.000000	95.158986 
3145.000000	95.162775 
3144.000000	95.167288 
3143.000000	95.172224 
3142.000000	95.177506 
3141.000000	95.182972 
3140.000000	95.188183 
3139.000000	95.192680 
3138.000000	95.196433 
3137.000000	95.199803 
3136.000000	95.203085 
3135.000000	95.206262 
3134.000000	95.209206 
3133.000000	95.211821 
3132.000000	95.213876 
3131.000000	95.215061 
3130.000000	95.215548 
3129.000000	95.216313 
3128.000000	95.218458 
3127.000000	95.222260 
3126.000000	95.227061 
3125.000000	95.231958 
3124.000000	95.236522 
3123.000000	95.240707 
3122.000000	95.244396 
3121.000000	95.247386 
3120.000000	95.249686 
3119.000000	95.251620 
3118.000000	95.253638 
3117.000000	95.256072 
3116.000000	95.258970 
3115.000000	95.262083 
3114.000000	95.265070 
3113.000000	95.267841 
3112.000000	95.270681 
3111.000000	95.273957 
3110.000000	95.277657 
3109.000000	95.281281 
3108.000000	95.284262 
3107.000000	95.286483 
3106.000000	95.288352 
3105.000000	95.290417 
3104.000000	95.292897 
3103.000000	95.295566 
3102.000000	95.298106 
3101.000000	95.300531 
3100.000000	95.303170 
3099.000000	95.306173 
3098.000000	95.309231 
3097.000000	95.311915 
3096.000000	95.314218 
3095.000000	95.316554 
3094.000000	95.319288 
3093.000000	95.322409 
3092.000000	95.325605 
3091.000000	95.328478 
3090.000000	95.330732 
3089.000000	95.332390 
3088.000000	95.333947 
3087.000000	95.336058 
3086.000000	95.338973 
3085.000000	95.342341 
3084.000000	95.345582 
3083.000000	95.348369 
3082.000000	95.350723 
3081.000000	95.352851 
3080.000000	95.355026 
3079.000000	95.357390 
3078.000000	95.359719 
3077.000000	95.361496 
3076.000000	95.362431 
3075.000000	95.362915 
3074.000000	95.363814 
3073.000000	95.365770 
3072.000000	95.368588 
3071.000000	95.371252 
3070.000000	95.372798 
3069.000000	95.373388 
3068.000000	95.374189 
3067.000000	95.375913 
3066.000000	95.378131 
3065.000000	95.380486 
3064.000000	95.383624 
3063.000000	95.387756 
3062.000000	95.391159 
3061.000000	95.391871 
3060.000000	95.390684 
3059.000000	95.390712 
3058.000000	95.393453 
3057.000000	95.396643 
3056.000000	95.397001 
3055.000000	95.394286 
3054.000000	95.391543 
3053.000000	95.391719 
3052.000000	95.394769 
3051.000000	95.398037 
3050.000000	95.398976 
3049.000000	95.397428 
3048.000000	95.395550 
3047.000000	95.395688 
3046.000000	95.398335 
3045.000000	95.402084 
3044.000000	95.405226 
3043.000000	95.407221 
3042.000000	95.408652 
3041.000000	95.409824 
3040.000000	95.409854 
3039.000000	95.407617 
3038.000000	95.403601 
3037.000000	95.400001 
3036.000000	95.398205 
3035.000000	95.396919 
3034.000000	95.394004 
3033.000000	95.389545 
3032.000000	95.385521 
3031.000000	95.382569 
3030.000000	95.378895 
3029.000000	95.373112 
3028.000000	95.366566 
3027.000000	95.361692 
3026.000000	95.358864 
3025.000000	95.356023 
3024.000000	95.351017 
3023.000000	95.343289 
3022.000000	95.333802 
3021.000000	95.324495 
3020.000000	95.317510 
3019.000000	95.313678 
3018.000000	95.311681 
3017.000000	95.309299 
3016.000000	95.305317 
3015.000000	95.299671 
3014.000000	95.292450 
3013.000000	95.283727 
3012.000000	95.273981 
3011.000000	95.263751 
3010.000000	95.253134 
3009.000000	95.242253 
3008.000000	95.231663 
3007.000000	95.221535 
3006.000000	95.211098 
3005.000000	95.199946 
3004.000000	95.189281 
3003.000000	95.180486 
3002.000000	95.172877 
3001.000000	95.164465 
3000.000000	95.154835 
2999.000000	95.145768 
2998.000000	95.138960 
2997.000000	95.134470 
2996.000000	95.131454 
2995.000000	95.128622 
2994.000000	95.123303 
2993.000000	95.111969 
2992.000000	95.093634 
2991.000000	95.072377 
2990.000000	95.055056 
2989.000000	95.046155 
2988.000000	95.045242 
2987.000000	95.048751 
2986.000000	95.053194 
2985.000000	95.056828 
2984.000000	95.059677 
2983.000000	95.063060 
2982.000000	95.068604 
2981.000000	95.076489 
2980.000000	95.084406 
2979.000000	95.088973 
2978.000000	95.088616 
2977.000000	95.084714 
2976.000000	95.079773 
2975.000000	95.075213 
2974.000000	95.071632 
2973.000000	95.070550 
2972.000000	95.074375 
2971.000000	95.084153 
2970.000000	95.098068 
2969.000000	95.112725 
2968.000000	95.125723 
2967.000000	95.136944 
2966.000000	95.147889 
2965.000000	95.160115 
2964.000000	95.173870 
2963.000000	95.187752 
2962.000000	95.199821 
2961.000000	95.209249 
2960.000000	95.216791 
2959.000000	95.223864 
2958.000000	95.231671 
2957.000000	95.241078 
2956.000000	95.252312 
2955.000000	95.264279 
2954.000000	95.274881 
2953.000000	95.282741 
2952.000000	95.288416 
2951.000000	95.293583 
2950.000000	95.299309 
2949.000000	95.305399 
2948.000000	95.311027 
2947.000000	95.315572 
2946.000000	95.319117 
2945.000000	95.322431 
2944.000000	95.326276 
2943.000000	95.330648 
2942.000000	95.335061 
2941.000000	95.339667 
2940.000000	95.345495 
2939.000000	95.353269 
2938.000000	95.362552 
2937.000000	95.372528 
2936.000000	95.383115 
2935.000000	95.394703 
2934.000000	95.407019 
2933.000000	95.418655 
2932.000000	95.427655 
2931.000000	95.432461 
2930.000000	95.432863 
2929.000000	95.430603 
2928.000000	95.428849 
2927.000000	95.430435 
2926.000000	95.436282 
2925.000000	95.445059 
2924.000000	95.453923 
2923.000000	95.459998 
2922.000000	95.462170 
2921.000000	95.461737 
2920.000000	95.460568 
2919.000000	95.458536 
2918.000000	95.453689 
2917.000000	95.445116 
2916.000000	95.434404 
2915.000000	95.423735 
2914.000000	95.413654 
2913.000000	95.403671 
2912.000000	95.394087 
2911.000000	95.385909 
2910.000000	95.379493 
2909.000000	95.374628 
2908.000000	95.371669 
2907.000000	95.371122 
2906.000000	95.371625 
2905.000000	95.369535 
2904.000000	95.362012 
2903.000000	95.350861 
2902.000000	95.342763 
2901.000000	95.344152 
2900.000000	95.355699 
2899.000000	95.371711 
2898.000000	95.384286 
2897.000000	95.389413 
2896.000000	95.388429 
2895.000000	95.385216 
2894.000000	95.383120 
2893.000000	95.383940 
2892.000000	95.387839 
2891.000000	95.393200 
2890.000000	95.397564 
2889.000000	95.399715 
2888.000000	95.400444 
2887.000000	95.400975 
2886.000000	95.401595 
2885.000000	95.402488 
2884.000000	95.404833 
2883.000000	95.409820 
2882.000000	95.417032 
2881.000000	95.424905 
2880.000000	95.432614 
2879.000000	95.440630 
2878.000000	95.449498 
2877.000000	95.458914 
2876.000000	95.468091 
2875.000000	95.476538 
2874.000000	95.484414 
2873.000000	95.492361 
2872.000000	95.500639 
2871.000000	95.508092 
2870.000000	95.512548 
2869.000000	95.513067 
2868.000000	95.511680 
2867.000000	95.512286 
2866.000000	95.517793 
2865.000000	95.528616 
2864.000000	95.543371 
2863.000000	95.560255 
2862.000000	95.577874 
2861.000000	95.595465 
2860.000000	95.612672 
2859.000000	95.629056 
2858.000000	95.644042 
2857.000000	95.657396 
2856.000000	95.669153 
2855.000000	95.678864 
2854.000000	95.685770 
2853.000000	95.690012 
2852.000000	95.692796 
2851.000000	95.694808 
2850.000000	95.695105 
2849.000000	95.692276 
2848.000000	95.686429 
2847.000000	95.679709 
2846.000000	95.675225 
2845.000000	95.675475 
2844.000000	95.680818 
2843.000000	95.688832 
2842.000000	95.695809 
2841.000000	95.699563 
2840.000000	95.700380 
2839.000000	95.699293 
2838.000000	95.696792 
2837.000000	95.693800 
2836.000000	95.692241 
2835.000000	95.693006 
2834.000000	95.694385 
2833.000000	95.694202 
2832.000000	95.692868 
2831.000000	95.692559 
2830.000000	95.693790 
2829.000000	95.694867 
2828.000000	95.694886 
2827.000000	95.695363 
2826.000000	95.698104 
2825.000000	95.702853 
2824.000000	95.707964 
2823.000000	95.712344 
2822.000000	95.715829 
2821.000000	95.718333 
2820.000000	95.719602 
2819.000000	95.719676 
2818.000000	95.718994 
2817.000000	95.718136 
2816.000000	95.717655 
2815.000000	95.717953 
2814.000000	95.719072 
2813.000000	95.720721 
2812.000000	95.722568 
2811.000000	95.724352 
2810.000000	95.725845 
2809.000000	95.727024 
2808.000000	95.728229 
2807.000000	95.729838 
2806.000000	95.731778 
2805.000000	95.733524 
2804.000000	95.734601 
2803.000000	95.734996 
2802.000000	95.735195 
2801.000000	95.735786 
2800.000000	95.736971 
2799.000000	95.738501 
2798.000000	95.740022 
2797.000000	95.741389 
2796.000000	95.742677 
2795.000000	95.744002 
2794.000000	95.745400 
2793.000000	95.746817 
2792.000000	95.748127 
2791.000000	95.749173 
2790.000000	95.749886 
2789.000000	95.750403 
2788.000000	95.750995 
2787.000000	95.751801 
2786.000000	95.752750 
2785.000000	95.753738 
2784.000000	95.754771 
2783.000000	95.755868 
2782.000000	95.756939 
2781.000000	95.757857 
2780.000000	95.758638 
2779.000000	95.759469 
2778.000000	95.760512 
2777.000000	95.761747 
2776.000000	95.762992 
2775.000000	95.764063 
2774.000000	95.764942 
2773.000000	95.765775 
2772.000000	95.766739 
2771.000000	95.767859 
2770.000000	95.768985 
2769.000000	95.769966 
2768.000000	95.770791 
2767.000000	95.771552 
2766.000000	95.772312 
2765.000000	95.773056 
2764.000000	95.773775 
2763.000000	95.774532 
2762.000000	95.775441 
2761.000000	95.776571 
2760.000000	95.777888 
2759.000000	95.779232 
2758.000000	95.780432 
2757.000000	95.781451 
2756.000000	95.782394 
2755.000000	95.783376 
2754.000000	95.784399 
2753.000000	95.785402 
2752.000000	95.786393 
2751.000000	95.787425 
2750.000000	95.788477 
2749.000000	95.789457 
2748.000000	95.790330 
2747.000000	95.791186 
2746.000000	95.792127 
2745.000000	95.793137 
2744.000000	95.794128 
2743.000000	95.795089 
2742.000000	95.796091 
2741.000000	95.797145 
2740.000000	95.798147 
2739.000000	95.799007 
2738.000000	95.799806 
2737.000000	95.800758 
2736.000000	95.801964 
2735.000000	95.803276 
2734.000000	95.804429 
2733.000000	95.805332 
2732.000000	95.806109 
2731.000000	95.806901 
2730.000000	95.807725 
2729.000000	95.808579 
2728.000000	95.809534 
2727.000000	95.810624 
2726.000000	95.811754 
2725.000000	95.812826 
2724.000000	95.813860 
2723.000000	95.814934 
2722.000000	95.816034 
2721.000000	95.817050 
2720.000000	95.817872 
2719.000000	95.818431 
2718.000000	95.818781 
2717.000000	95.819192 
2716.000000	95.819996 
2715.000000	95.821172 
2714.000000	95.822195 
2713.000000	95.822525 
2712.000000	95.822157 
2711.000000	95.821598 
2710.000000	95.821334 
2709.000000	95.821531 
2708.000000	95.822288 
2707.000000	95.823727 
2706.000000	95.825623 
2705.000000	95.827238 
2704.000000	95.827900 
2703.000000	95.827719 
2702.000000	95.827607 
2701.000000	95.828485 
2700.000000	95.830378 
2699.000000	95.832290 
2698.000000	95.833114 
2697.000000	95.832764 
2696.000000	95.832187 
2695.000000	95.832168 
2694.000000	95.832502 
2693.000000	95.832554 
2692.000000	95.832108 
2691.000000	95.831291 
2690.000000	95.830118 
2689.000000	95.828674 
2688.000000	95.827499 
2687.000000	95.827257 
2686.000000	95.828092 
2685.000000	95.829652 
2684.000000	95.831545 
2683.000000	95.833357 
2682.000000	95.834421 
2681.000000	95.834168 
2680.000000	95.832783 
2679.000000	95.831175 
2678.000000	95.830174 
2677.000000	95.829943 
2676.000000	95.830118 
2675.000000	95.830279 
2674.000000	95.830318 
2673.000000	95.830456 
2672.000000	95.830764 
2671.000000	95.830705 
2670.000000	95.829596 
2669.000000	95.827672 
2668.000000	95.826085 
2667.000000	95.825458 
2666.000000	95.824994 
2665.000000	95.823503 
2664.000000	95.820758 
2663.000000	95.817276 
2662.000000	95.813283 
2661.000000	95.808778 
2660.000000	95.804494 
2659.000000	95.801837 
2658.000000	95.801516 
2657.000000	95.802581 
2656.000000	95.802985 
2655.000000	95.801079 
2654.000000	95.796720 
2653.000000	95.791413 
2652.000000	95.787378 
2651.000000	95.785974 
2650.000000	95.786767 
2649.000000	95.787955 
2648.000000	95.787788 
2647.000000	95.785801 
2646.000000	95.782976 
2645.000000	95.780932 
2644.000000	95.780623 
2643.000000	95.781482 
2642.000000	95.781903 
2641.000000	95.780826 
2640.000000	95.778686 
2639.000000	95.776772 
2638.000000	95.776047 
2637.000000	95.776679 
2636.000000	95.778237 
2635.000000	95.779910 
2634.000000	95.780972 
2633.000000	95.781410 
2632.000000	95.781755 
2631.000000	95.782096 
2630.000000	95.781791 
2629.000000	95.780502 
2628.000000	95.779009 
2627.000000	95.778446 
2626.000000	95.778998 
2625.000000	95.779874 
2624.000000	95.780351 
2623.000000	95.780422 
2622.000000	95.780478 
2621.000000	95.780780 
2620.000000	95.781253 
2619.000000	95.781575 
2618.000000	95.781439 
2617.000000	95.780853 
2616.000000	95.780167 
2615.000000	95.779751 
2614.000000	95.779717 
2613.000000	95.779980 
2612.000000	95.780387 
2611.000000	95.780741 
2610.000000	95.780916 
2609.000000	95.781002 
2608.000000	95.781213 
2607.000000	95.781635 
2606.000000	95.782197 
2605.000000	95.782840 
2604.000000	95.783520 
2603.000000	95.784145 
2602.000000	95.784636 
2601.000000	95.785025 
2600.000000	95.785393 
2599.000000	95.785790 
2598.000000	95.786220 
2597.000000	95.786670 
2596.000000	95.787139 
2595.000000	95.787621 
2594.000000	95.788107 
2593.000000	95.788590 
2592.000000	95.789071 
2591.000000	95.789558 
2590.000000	95.790056 
2589.000000	95.790571 
2588.000000	95.791104 
2587.000000	95.791652 
2586.000000	95.792209 
2585.000000	95.792764 
2584.000000	95.793314 
2583.000000	95.793857 
2582.000000	95.794401 
2581.000000	95.794954 
2580.000000	95.795521 
2579.000000	95.796105 
2578.000000	95.796703 
2577.000000	95.797315 
2576.000000	95.797944 
2575.000000	95.798588 
2574.000000	95.799245 
2573.000000	95.799910 
2572.000000	95.800578 
2571.000000	95.801247 
2570.000000	95.801918 
2569.000000	95.802594 
2568.000000	95.803281 
2567.000000	95.803979 
2566.000000	95.804676 
2565.000000	95.805355 
2564.000000	95.806007 
2563.000000	95.806631 
2562.000000	95.807233 
2561.000000	95.807820 
2560.000000	95.808401 
2559.000000	95.808979 
2558.000000	95.809554 
2557.000000	95.810118 
2556.000000	95.810667 
2555.000000	95.811198 
2554.000000	95.811710 
2553.000000	95.812208 
2552.000000	95.812698 
2551.000000	95.813198 
2550.000000	95.813727 
2549.000000	95.814251 
2548.000000	95.814707 
2547.000000	95.815082 
2546.000000	95.815430 
2545.000000	95.815791 
2544.000000	95.816181 
2543.000000	95.816610 
2542.000000	95.817071 
2541.000000	95.817538 
2540.000000	95.818041 
2539.000000	95.818643 
2538.000000	95.819225 
2537.000000	95.819501 
2536.000000	95.819427 
2535.000000	95.819353 
2534.000000	95.819614 
2533.000000	95.820174 
2532.000000	95.820742 
2531.000000	95.821018 
2530.000000	95.820820 
2529.000000	95.820249 
2528.000000	95.819756 
2527.000000	95.819739 
2526.000000	95.819989 
2525.000000	95.819846 
2524.000000	95.818988 
2523.000000	95.817796 
2522.000000	95.816922 
2521.000000	95.816710 
2520.000000	95.817153 
2519.000000	95.818003 
2518.000000	95.818766 
2517.000000	95.818997 
2516.000000	95.818798 
2515.000000	95.818816 
2514.000000	95.819597 
2513.000000	95.821065 
2512.000000	95.822621 
2511.000000	95.823560 
2510.000000	95.823454 
2509.000000	95.822474 
2508.000000	95.821460 
2507.000000	95.821159 
2506.000000	95.821384 
2505.000000	95.821368 
2504.000000	95.820895 
2503.000000	95.820458 
2502.000000	95.820227 
2501.000000	95.819683 
2500.000000	95.818614 
2499.000000	95.817842 
2498.000000	95.818425 
2497.000000	95.820501 
2496.000000	95.823137 
2495.000000	95.825011 
2494.000000	95.825310 
2493.000000	95.824379 
2492.000000	95.823690 
2491.000000	95.824638 
2490.000000	95.827205 
2489.000000	95.830024 
2488.000000	95.831831 
2487.000000	95.832479 
2486.000000	95.832479 
2485.000000	95.832229 
2484.000000	95.831877 
2483.000000	95.831408 
2482.000000	95.830674 
2481.000000	95.829858 
2480.000000	95.829903 
2479.000000	95.831726 
2478.000000	95.834926 
2477.000000	95.837930 
2476.000000	95.839644 
2475.000000	95.840149 
2474.000000	95.839786 
2473.000000	95.838612 
2472.000000	95.836962 
2471.000000	95.835520 
2470.000000	95.834441 
2469.000000	95.833297 
2468.000000	95.832144 
2467.000000	95.831601 
2466.000000	95.831554 
2465.000000	95.830922 
2464.000000	95.829209 
2463.000000	95.827401 
2462.000000	95.826785 
2461.000000	95.827541 
2460.000000	95.828800 
2459.000000	95.829395 
2458.000000	95.828449 
2457.000000	95.826084 
2456.000000	95.823851 
2455.000000	95.823398 
2454.000000	95.824319 
2453.000000	95.824318 
2452.000000	95.822101 
2451.000000	95.819114 
2450.000000	95.817556 
2449.000000	95.817864 
2448.000000	95.819143 
2447.000000	95.820894 
2446.000000	95.823202 
2445.000000	95.825634 
2444.000000	95.827221 
2443.000000	95.827499 
2442.000000	95.826839 
2441.000000	95.826002 
2440.000000	95.825794 
2439.000000	95.826706 
2438.000000	95.828405 
2437.000000	95.829808 
2436.000000	95.830119 
2435.000000	95.829588 
2434.000000	95.829024 
2433.000000	95.829010 
2432.000000	95.829732 
2431.000000	95.831064 
2430.000000	95.832483 
2429.000000	95.833340 
2428.000000	95.833527 
2427.000000	95.833596 
2426.000000	95.834085 
2425.000000	95.835093 
2424.000000	95.836546 
2423.000000	95.838390 
2422.000000	95.840425 
2421.000000	95.842366 
2420.000000	95.844161 
2419.000000	95.845846 
2418.000000	95.847131 
2417.000000	95.847748 
2416.000000	95.848156 
2415.000000	95.849199 
2414.000000	95.850948 
2413.000000	95.852567 
2412.000000	95.853492 
2411.000000	95.854060 
2410.000000	95.854763 
2409.000000	95.855581 
2408.000000	95.856318 
2407.000000	95.856968 
2406.000000	95.857506 
2405.000000	95.857772 
2404.000000	95.857810 
2403.000000	95.857940 
2402.000000	95.858260 
2401.000000	95.858454 
2400.000000	95.858427 
2399.000000	95.858704 
2398.000000	95.859838 
2397.000000	95.861737 
2396.000000	95.863736 
2395.000000	95.865170 
2394.000000	95.865843 
2393.000000	95.866068 
2392.000000	95.866438 
2391.000000	95.867338 
2390.000000	95.868534 
2389.000000	95.869305 
2388.000000	95.869226 
2387.000000	95.868825 
2386.000000	95.869241 
2385.000000	95.871108 
2384.000000	95.873852 
2383.000000	95.876086 
2382.000000	95.876786 
2381.000000	95.876032 
2380.000000	95.874757 
2379.000000	95.873866 
2378.000000	95.873549 
2377.000000	95.873364 
2376.000000	95.872852 
2375.000000	95.871947 
2374.000000	95.871001 
2373.000000	95.870575 
2372.000000	95.870962 
2371.000000	95.871806 
2370.000000	95.872268 
2369.000000	95.871793 
2368.000000	95.870669 
2367.000000	95.869688 
2366.000000	95.869208 
2365.000000	95.868657 
2364.000000	95.867300 
2363.000000	95.865102 
2362.000000	95.862056 
2361.000000	95.858784 
2360.000000	95.857015 
2359.000000	95.857556 
2358.000000	95.859930 
2357.000000	95.862093 
2356.000000	95.862588 
2355.000000	95.862326 
2354.000000	95.861676 
2353.000000	95.859545 
2352.000000	95.854889 
2351.000000	95.849899 
2350.000000	95.846967 
2349.000000	95.844762 
2348.000000	95.842559 
2347.000000	95.840566 
2346.000000	95.838519 
2345.000000	95.834805 
2344.000000	95.830136 
2343.000000	95.827928 
2342.000000	95.827328 
2341.000000	95.825877 
2340.000000	95.822320 
2339.000000	95.817799 
2338.000000	95.814005 
2337.000000	95.811132 
2336.000000	95.808790 
2335.000000	95.807008 
2334.000000	95.805885 
2333.000000	95.805413 
2332.000000	95.805551 
2331.000000	95.806500 
2330.000000	95.807546 
2329.000000	95.805814 
2328.000000	95.800296 
2327.000000	95.790621 
2326.000000	95.778459 
2325.000000	95.766459 
2324.000000	95.757955 
2323.000000	95.755570 
2322.000000	95.757201 
2321.000000	95.759391 
2320.000000	95.760211 
2319.000000	95.761418 
2318.000000	95.764020 
2317.000000	95.766493 
2316.000000	95.767006 
2315.000000	95.764937 
2314.000000	95.760999 
2313.000000	95.755683 
2312.000000	95.750413 
2311.000000	95.746433 
2310.000000	95.744065 
2309.000000	95.742171 
2308.000000	95.740583 
2307.000000	95.740250 
2306.000000	95.741612 
2305.000000	95.743584 
2304.000000	95.744871 
2303.000000	95.745064 
2302.000000	95.743798 
2301.000000	95.740685 
2300.000000	95.736463 
2299.000000	95.732499 
2298.000000	95.729238 
2297.000000	95.725791 
2296.000000	95.722107 
2295.000000	95.718689 
2294.000000	95.715120 
2293.000000	95.709948 
2292.000000	95.703274 
2291.000000	95.696870 
2290.000000	95.691252 
2289.000000	95.684947 
2288.000000	95.677342 
2287.000000	95.670392 
2286.000000	95.666056 
2285.000000	95.664553 
2284.000000	95.665625 
2283.000000	95.669534 
2282.000000	95.675479 
2281.000000	95.681499 
2280.000000	95.686548 
2279.000000	95.690631 
2278.000000	95.692244 
2277.000000	95.689344 
2276.000000	95.683491 
2275.000000	95.679525 
2274.000000	95.679702 
2273.000000	95.681128 
2272.000000	95.680605 
2271.000000	95.678804 
2270.000000	95.678175 
2269.000000	95.679604 
2268.000000	95.682725 
2267.000000	95.686765 
2266.000000	95.689528 
2265.000000	95.688381 
2264.000000	95.683691 
2263.000000	95.678794 
2262.000000	95.675513 
2261.000000	95.671990 
2260.000000	95.666417 
2259.000000	95.660148 
2258.000000	95.655485 
2257.000000	95.652798 
2256.000000	95.651202 
2255.000000	95.650342 
2254.000000	95.650104 
2253.000000	95.649999 
2252.000000	95.649914 
2251.000000	95.650227 
2250.000000	95.650677 
2249.000000	95.650270 
2248.000000	95.648784 
2247.000000	95.646948 
2246.000000	95.645083 
2245.000000	95.642869 
2244.000000	95.640378 
2243.000000	95.638185 
2242.000000	95.636342 
2241.000000	95.634250 
2240.000000	95.631885 
2239.000000	95.630289 
2238.000000	95.629991 
2237.000000	95.629679 
2236.000000	95.627663 
2235.000000	95.624123 
2234.000000	95.620884 
2233.000000	95.619192 
2232.000000	95.618851 
2231.000000	95.619058 
2230.000000	95.618842 
2229.000000	95.617030 
2228.000000	95.612965 
2227.000000	95.607310 
2226.000000	95.601508 
2225.000000	95.596594 
2224.000000	95.593367 
2223.000000	95.592690 
2222.000000	95.594195 
2221.000000	95.595529 
2220.000000	95.594512 
2219.000000	95.591699 
2218.000000	95.589511 
2217.000000	95.589167 
2216.000000	95.589677 
2215.000000	95.589477 
2214.000000	95.587809 
2213.000000	95.584693 
2212.000000	95.580696 
2211.000000	95.576771 
2210.000000	95.573673 
2209.000000	95.571739 
2208.000000	95.571353 
2207.000000	95.572947 
2206.000000	95.576217 
2205.000000	95.580289 
2204.000000	95.584770 
2203.000000	95.589099 
2202.000000	95.590898 
2201.000000	95.587543 
2200.000000	95.579489 
2199.000000	95.570320 
2198.000000	95.562519 
2197.000000	95.555684 
2196.000000	95.550126 
2195.000000	95.547943 
2194.000000	95.548920 
2193.000000	95.548837 
2192.000000	95.544030 
2191.000000	95.535254 
2190.000000	95.525638 
2189.000000	95.517136 
2188.000000	95.510165 
2187.000000	95.504663 
2186.000000	95.500552 
2185.000000	95.498945 
2184.000000	95.502527 
2183.000000	95.511833 
2182.000000	95.521536 
2181.000000	95.524453 
2180.000000	95.519519 
2179.000000	95.511830 
2178.000000	95.505606 
2177.000000	95.502171 
2176.000000	95.503924 
2175.000000	95.513275 
2174.000000	95.526175 
2173.000000	95.533201 
2172.000000	95.529913 
2171.000000	95.520774 
2170.000000	95.511037 
2169.000000	95.500610 
2168.000000	95.488676 
2167.000000	95.478264 
2166.000000	95.471484 
2165.000000	95.464481 
2164.000000	95.452131 
2163.000000	95.435758 
2162.000000	95.423675 
2161.000000	95.426978 
2160.000000	95.455106 
2159.000000	95.508593 
2158.000000	95.571758 
2157.000000	95.620666 
2156.000000	95.644281 
2155.000000	95.649296 
2154.000000	95.646467 
2153.000000	95.640586 
2152.000000	95.633699 
2151.000000	95.629444 
2150.000000	95.629514 
2149.000000	95.631552 
2148.000000	95.634994 
2147.000000	95.644132 
2146.000000	95.661077 
2145.000000	95.680388 
2144.000000	95.695589 
2143.000000	95.706890 
2142.000000	95.717374 
2141.000000	95.725212 
2140.000000	95.725498 
2139.000000	95.718280 
2138.000000	95.710329 
2137.000000	95.709268 
2136.000000	95.718052 
2135.000000	95.733912 
2134.000000	95.750433 
2133.000000	95.762091 
2132.000000	95.768610 
2131.000000	95.773553 
2130.000000	95.778066 
2129.000000	95.778723 
2128.000000	95.772760 
2127.000000	95.762665 
2126.000000	95.753821 
2125.000000	95.749288 
2124.000000	95.748282 
2123.000000	95.748200 
2122.000000	95.746804 
2121.000000	95.743642 
2120.000000	95.740102 
2119.000000	95.736974 
2118.000000	95.732316 
2117.000000	95.723946 
2116.000000	95.713859 
2115.000000	95.706855 
2114.000000	95.704961 
2113.000000	95.706270 
2112.000000	95.709505 
2111.000000	95.715446 
2110.000000	95.722170 
2109.000000	95.724234 
2108.000000	95.719288 
2107.000000	95.711545 
2106.000000	95.706315 
2105.000000	95.704276 
2104.000000	95.703189 
2103.000000	95.701847 
2102.000000	95.699817 
2101.000000	95.696200 
2100.000000	95.691318 
2099.000000	95.687850 
2098.000000	95.688497 
2097.000000	95.693709 
2096.000000	95.702251 
2095.000000	95.711756 
2094.000000	95.718561 
2093.000000	95.719708 
2092.000000	95.715686 
2091.000000	95.709531 
2090.000000	95.703258 
2089.000000	95.696887 
2088.000000	95.690425 
2087.000000	95.684576 
2086.000000	95.679603 
2085.000000	95.675378 
2084.000000	95.672668 
2083.000000	95.672612 
2082.000000	95.674454 
2081.000000	95.675381 
2080.000000	95.673568 
2079.000000	95.669994 
2078.000000	95.666577 
2077.000000	95.663844 
2076.000000	95.661366 
2075.000000	95.658937 
2074.000000	95.656072 
2073.000000	95.651967 
2072.000000	95.647245 
2071.000000	95.644324 
2070.000000	95.644623 
2069.000000	95.646495 
2068.000000	95.647100 
2067.000000	95.645313 
2066.000000	95.641810 
2065.000000	95.637903 
2064.000000	95.635324 
2063.000000	95.635345 
2062.000000	95.636752 
2061.000000	95.636168 
2060.000000	95.631633 
2059.000000	95.624598 
2058.000000	95.617919 
2057.000000	95.613573 
2056.000000	95.612641 
2055.000000	95.614614 
2054.000000	95.615429 
2053.000000	95.609439 
2052.000000	95.595095 
2051.000000	95.577283 
2050.000000	95.563039 
2049.000000	95.555635 
2048.000000	95.554619 
2047.000000	95.558474 
2046.000000	95.564525 
2045.000000	95.568636 
2044.000000	95.568494 
2043.000000	95.565657 
2042.000000	95.562229 
2041.000000	95.557953 
2040.000000	95.552755 
2039.000000	95.549030 
2038.000000	95.548600 
2037.000000	95.550355 
2036.000000	95.553337 
2035.000000	95.558921 
2034.000000	95.567098 
2033.000000	95.574463 
2032.000000	95.578838 
2031.000000	95.581670 
2030.000000	95.583293 
2029.000000	95.580897 
2028.000000	95.574347 
2027.000000	95.568943 
2026.000000	95.568246 
2025.000000	95.568751 
2024.000000	95.565858 
2023.000000	95.561127 
2022.000000	95.558852 
2021.000000	95.558819 
2020.000000	95.557806 
2019.000000	95.555958 
2018.000000	95.556275 
2017.000000	95.559211 
2016.000000	95.562961 
2015.000000	95.567876 
2014.000000	95.575565 
2013.000000	95.584386 
2012.000000	95.589724 
2011.000000	95.588561 
2010.000000	95.581994 
2009.000000	95.574981 
2008.000000	95.573835 
2007.000000	95.580748 
2006.000000	95.589886 
2005.000000	95.593254 
2004.000000	95.590672 
2003.000000	95.588598 
2002.000000	95.589139 
2001.000000	95.587330 
2000.000000	95.581401 
1999.000000	95.576634 
1998.000000	95.576146 
1997.000000	95.576004 
1996.000000	95.573351 
1995.000000	95.571909 
1994.000000	95.574357 
1993.000000	95.575355 
1992.000000	95.568787 
1991.000000	95.557619 
1990.000000	95.549370 
1989.000000	95.545653 
1988.000000	95.542665 
1987.000000	95.538445 
1986.000000	95.534488 
1985.000000	95.532508 
1984.000000	95.533130 
1983.000000	95.535327 
1982.000000	95.534926 
1981.000000	95.528288 
1980.000000	95.519970 
1979.000000	95.520129 
1978.000000	95.532052 
1977.000000	95.548559 
1976.000000	95.563196 
1975.000000	95.577827 
1974.000000	95.593928 
1973.000000	95.605944 
1972.000000	95.609270 
1971.000000	95.607334 
1970.000000	95.605425 
1969.000000	95.603072 
1968.000000	95.597971 
1967.000000	95.592893 
1966.000000	95.592567 
1965.000000	95.596846 
1964.000000	95.602171 
1963.000000	95.607309 
1962.000000	95.613694 
1961.000000	95.622079 
1960.000000	95.631485 
1959.000000	95.639689 
1958.000000	95.643813 
1957.000000	95.642967 
1956.000000	95.641065 
1955.000000	95.643669 
1954.000000	95.650969 
1953.000000	95.657127 
1952.000000	95.657646 
1951.000000	95.654450 
1950.000000	95.652351 
1949.000000	95.653518 
1948.000000	95.657674 
1947.000000	95.664289 
1946.000000	95.671997 
1945.000000	95.678230 
1944.000000	95.681593 
1943.000000	95.683005 
1942.000000	95.683537 
1941.000000	95.683073 
1940.000000	95.681896 
1939.000000	95.681417 
1938.000000	95.682500 
1937.000000	95.684490 
1936.000000	95.686496 
1935.000000	95.688406 
1934.000000	95.690304 
1933.000000	95.691772 
1932.000000	95.692457 
1931.000000	95.692981 
1930.000000	95.694101 
1929.000000	95.695618 
1928.000000	95.697076 
1927.000000	95.698495 
1926.000000	95.699856 
1925.000000	95.700437 
1924.000000	95.699915 
1923.000000	95.699405 
1922.000000	95.700021 
1921.000000	95.701321 
1920.000000	95.702165 
1919.000000	95.702214 
1918.000000	95.701703 
1917.000000	95.700702 
1916.000000	95.699588 
1915.000000	95.699165 
1914.000000	95.699592 
1913.000000	95.699990 
1912.000000	95.699639 
1911.000000	95.699105 
1910.000000	95.698988 
1909.000000	95.698692 
1908.000000	95.697633 
1907.000000	95.696241 
1906.000000	95.695265 
1905.000000	95.694624 
1904.000000	95.693964 
1903.000000	95.693529 
1902.000000	95.693416 
1901.000000	95.693188 
1900.000000	95.692658 
1899.000000	95.692214 
1898.000000	95.692175 
1897.000000	95.692199 
1896.000000	95.691760 
1895.000000	95.690998 
1894.000000	95.690424 
1893.000000	95.690086 
1892.000000	95.689750 
1891.000000	95.689514 
1890.000000	95.689595 
1889.000000	95.689860 
1888.000000	95.690181 
1887.000000	95.690723 
1886.000000	95.691403 
1885.000000	95.691595 
1884.000000	95.690891 
1883.000000	95.689889 
1882.000000	95.689524 
1881.000000	95.689853 
1880.000000	95.690436 
1879.000000	95.691220 
1878.000000	95.692244 
1877.000000	95.692972 
1876.000000	95.693014 
1875.000000	95.693252 
1874.000000	95.694699 
1873.000000	95.696659 
1872.000000	95.697818 
1871.000000	95.698427 
1870.000000	95.699252 
1869.000000	95.699163 
1868.000000	95.697299 
1867.000000	95.696060 
1866.000000	95.697635 
1865.000000	95.700950 
1864.000000	95.703920 
1863.000000	95.706658 
1862.000000	95.710148 
1861.000000	95.713219 
1860.000000	95.714172 
1859.000000	95.714162 
1858.000000	95.715360 
1857.000000	95.716955 
1856.000000	95.716668 
1855.000000	95.715344 
1854.000000	95.715850 
1853.000000	95.718612 
1852.000000	95.722438 
1851.000000	95.727020 
1850.000000	95.732554 
1849.000000	95.737940 
1848.000000	95.741801 
1847.000000	95.744846 
1846.000000	95.748350 
1845.000000	95.751119 
1844.000000	95.751242 
1843.000000	95.750660 
1842.000000	95.751706 
1841.000000	95.753132 
1840.000000	95.753565 
1839.000000	95.753430 
1838.000000	95.753653 
1837.000000	95.753630 
1836.000000	95.752934 
1835.000000	95.753423 
1834.000000	95.756265 
1833.000000	95.759779 
1832.000000	95.761483 
1831.000000	95.760214 
1830.000000	95.756975 
1829.000000	95.754159 
1828.000000	95.752975 
1827.000000	95.753180 
1826.000000	95.754762 
1825.000000	95.756850 
1824.000000	95.757701 
1823.000000	95.757686 
1822.000000	95.758623 
1821.000000	95.760943 
1820.000000	95.763503 
1819.000000	95.766186 
1818.000000	95.770305 
1817.000000	95.774221 
1816.000000	95.774552 
1815.000000	95.771620 
1814.000000	95.768749 
1813.000000	95.767463 
1812.000000	95.765868 
1811.000000	95.763544 
1810.000000	95.762700 
1809.000000	95.762918 
1808.000000	95.761821 
1807.000000	95.759705 
1806.000000	95.758603 
1805.000000	95.758360 
1804.000000	95.757637 
1803.000000	95.757110 
1802.000000	95.758073 
1801.000000	95.759625 
1800.000000	95.759688 
1799.000000	95.758866 
1798.000000	95.759266 
1797.000000	95.760629 
1796.000000	95.761607 
1795.000000	95.762463 
1794.000000	95.764247 
1793.000000	95.766189 
1792.000000	95.766228 
1791.000000	95.765021 
1790.000000	95.764822 
1789.000000	95.765530 
1788.000000	95.765956 
1787.000000	95.766345 
1786.000000	95.767870 
1785.000000	95.770313 
1784.000000	95.772359 
1783.000000	95.773618 
1782.000000	95.774519 
1781.000000	95.775670 
1780.000000	95.777122 
1779.000000	95.778702 
1778.000000	95.780323 
1777.000000	95.781718 
1776.000000	95.782816 
1775.000000	95.783737 
1774.000000	95.784775 
1773.000000	95.786197 
1772.000000	95.787705 
1771.000000	95.788970 
1770.000000	95.790393 
1769.000000	95.792424 
1768.000000	95.794922 
1767.000000	95.797289 
1766.000000	95.799173 
1765.000000	95.800732 
1764.000000	95.802167 
1763.000000	95.803466 
1762.000000	95.804657 
1761.000000	95.806097 
1760.000000	95.807844 
1759.000000	95.809664 
1758.000000	95.811507 
1757.000000	95.813562 
1756.000000	95.815758 
1755.000000	95.817597 
1754.000000	95.819036 
1753.000000	95.820773 
1752.000000	95.823158 
1751.000000	95.825185 
1750.000000	95.826017 
1749.000000	95.826118 
1748.000000	95.826477 
1747.000000	95.827272 
1746.000000	95.828141 
1745.000000	95.829059 
1744.000000	95.829956 
1743.000000	95.830517 
1742.000000	95.830680 
1741.000000	95.830758 
1740.000000	95.830946 
1739.000000	95.831155 
1738.000000	95.831216 
1737.000000	95.831101 
1736.000000	95.830955 
1735.000000	95.830898 
1734.000000	95.830776 
1733.000000	95.830430 
1732.000000	95.829908 
1731.000000	95.829290 
1730.000000	95.828628 
1729.000000	95.827909 
1728.000000	95.827098 
1727.000000	95.826175 
1726.000000	95.825133 
1725.000000	95.823973 
1724.000000	95.822698 
1723.000000	95.821312 
1722.000000	95.819822 
1721.000000	95.818232 
1720.000000	95.816545 
1719.000000	95.814758 
1718.000000	95.812870 
1717.000000	95.810878 
1716.000000	95.808784 
1715.000000	95.806609 
1714.000000	95.804377 
1713.000000	95.802087 
1712.000000	95.799724 
1711.000000	95.797278 
1710.000000	95.794749 
1709.000000	95.792143 
1708.000000	95.789467 
1707.000000	95.786727 
1706.000000	95.783930 
1705.000000	95.781069 
1704.000000	95.778140 
1703.000000	95.775153 
1702.000000	95.772131 
1701.000000	95.769084 
1700.000000	95.765993 
1699.000000	95.762833 
1698.000000	95.759600 
1697.000000	95.756290 
1696.000000	95.752903 
1695.000000	95.749437 
1694.000000	95.745889 
1693.000000	95.742259 
1692.000000	95.738557 
1691.000000	95.734798 
1690.000000	95.730990 
1689.000000	95.727126 
1688.000000	95.723191 
1687.000000	95.719174 
1686.000000	95.715078 
1685.000000	95.710927 
1684.000000	95.706718 
1683.000000	95.702314 
1682.000000	95.697814 
1681.000000	95.693189 
1680.000000	95.689015 
1679.000000	95.685768 
1678.000000	95.682363 
1677.000000	95.678036 
1676.000000	95.674721 
1675.000000	95.673786 
1674.000000	95.672264 
1673.000000	95.667582 
1672.000000	95.660459 
1671.000000	95.654007 
1670.000000	95.648088 
1669.000000	95.641237 
1668.000000	95.637561 
1667.000000	95.637589 
1666.000000	95.635982 
1665.000000	95.629684 
1664.000000	95.620786 
1663.000000	95.613698 
1662.000000	95.607521 
1661.000000	95.600371 
1660.000000	95.595807 
1659.000000	95.595652 
1658.000000	95.594294 
1657.000000	95.586162 
1656.000000	95.574484 
1655.000000	95.566703 
1654.000000	95.565212 
1653.000000	95.557365 
1652.000000	95.551218 
1651.000000	95.552167 
1650.000000	95.543565 
1649.000000	95.531703 
1648.000000	95.527763 
1647.000000	95.526308 
1646.000000	95.522578 
1645.000000	95.519700 
1644.000000	95.517830 
1643.000000	95.517235 
1642.000000	95.519779 
1641.000000	95.525010 
1640.000000	95.529837 
1639.000000	95.530738 
1638.000000	95.527799 
1637.000000	95.525105 
1636.000000	95.524690 
1635.000000	95.524278 
1634.000000	95.524954 
1633.000000	95.526824 
1632.000000	95.530894 
1631.000000	95.540744 
1630.000000	95.552023 
1629.000000	95.556779 
1628.000000	95.555974 
1627.000000	95.556557 
1626.000000	95.559151 
1625.000000	95.562005 
1624.000000	95.569190 
1623.000000	95.583915 
1622.000000	95.599450 
1621.000000	95.608709 
1620.000000	95.614586 
1619.000000	95.623928 
1618.000000	95.638408 
1617.000000	95.650961 
1616.000000	95.660005 
1615.000000	95.667906 
1614.000000	95.671129 
1613.000000	95.671880 
1612.000000	95.680721 
1611.000000	95.700243 
1610.000000	95.718264 
1609.000000	95.726356 
1608.000000	95.731944 
1607.000000	95.742134 
1606.000000	95.750903 
1605.000000	95.754545 
1604.000000	95.759750 
1603.000000	95.769170 
1602.000000	95.776959 
1601.000000	95.780693 
1600.000000	95.785704 
1599.000000	95.793163 
1598.000000	95.797131 
1597.000000	95.796150 
1596.000000	95.796834 
1595.000000	95.803421 
1594.000000	95.811158 
1593.000000	95.815276 
1592.000000	95.818360 
1591.000000	95.823505 
1590.000000	95.827832 
1589.000000	95.829138 
1588.000000	95.831379 
1587.000000	95.837770 
1586.000000	95.844071 
1585.000000	95.845862 
1584.000000	95.847820 
1583.000000	95.854120 
1582.000000	95.859897 
1581.000000	95.861057 
1580.000000	95.861205 
1579.000000	95.862642 
1578.000000	95.862339 
1577.000000	95.859348 
1576.000000	95.858527 
1575.000000	95.861556 
1574.000000	95.859801 
1573.000000	95.850483 
1572.000000	95.842182 
1571.000000	95.842049 
1570.000000	95.844652 
1569.000000	95.844372 
1568.000000	95.846667 
1567.000000	95.850320 
1566.000000	95.848497 
1565.000000	95.842207 
1564.000000	95.838240 
1563.000000	95.834745 
1562.000000	95.826940 
1561.000000	95.817980 
1560.000000	95.826540 
1559.000000	95.834389 
1558.000000	95.819903 
1557.000000	95.801766 
1556.000000	95.789243 
1555.000000	95.783155 
1554.000000	95.780526 
1553.000000	95.776077 
1552.000000	95.769881 
1551.000000	95.763472 
1550.000000	95.758105 
1549.000000	95.751582 
1548.000000	95.743378 
1547.000000	95.735006 
1546.000000	95.726203 
1545.000000	95.714690 
1544.000000	95.699956 
1543.000000	95.685492 
1542.000000	95.675224 
1541.000000	95.665273 
1540.000000	95.649957 
1539.000000	95.637894 
1538.000000	95.630437 
1537.000000	95.615417 
1536.000000	95.592505 
1535.000000	95.572287 
1534.000000	95.557720 
1533.000000	95.543840 
1532.000000	95.529157 
1531.000000	95.516739 
1530.000000	95.506881 
1529.000000	95.494959 
1528.000000	95.477889 
1527.000000	95.459336 
1526.000000	95.443660 
1525.000000	95.429194 
1524.000000	95.412381 
1523.000000	95.395403 
1522.000000	95.381978 
1521.000000	95.369272 
1520.000000	95.353500 
1519.000000	95.334634 
1518.000000	95.316165 
1517.000000	95.301675 
1516.000000	95.290012 
1515.000000	95.278681 
1514.000000	95.267426 
1513.000000	95.257533 
1512.000000	95.246665 
1511.000000	95.231826 
1510.000000	95.215439 
1509.000000	95.201135 
1508.000000	95.188206 
1507.000000	95.171760 
1506.000000	95.156021 
1505.000000	95.144554 
1504.000000	95.131042 
1503.000000	95.113093 
1502.000000	95.094778 
1501.000000	95.078115 
1500.000000	95.061081 
1499.000000	95.042508 
1498.000000	95.027602 
1497.000000	95.020878 
1496.000000	95.017970 
1495.000000	95.014005 
1494.000000	95.009154 
1493.000000	95.003711 
1492.000000	94.995974 
1491.000000	94.984148 
1490.000000	94.968715 
1489.000000	94.951196 
1488.000000	94.932218 
1487.000000	94.915637 
1486.000000	94.903999 
1485.000000	94.893633 
1484.000000	94.882122 
1483.000000	94.870437 
1482.000000	94.860465 
1481.000000	94.851201 
1480.000000	94.840265 
1479.000000	94.828639 
1478.000000	94.819177 
1477.000000	94.810945 
1476.000000	94.800338 
1475.000000	94.789189 
1474.000000	94.781167 
1473.000000	94.773897 
1472.000000	94.762624 
1471.000000	94.750026 
1470.000000	94.740848 
1469.000000	94.733493 
1468.000000	94.724170 
1467.000000	94.713150 
1466.000000	94.703387 
1465.000000	94.695264 
1464.000000	94.686962 
1463.000000	94.677111 
1462.000000	94.666247 
1461.000000	94.654177 
1460.000000	94.640409 
1459.000000	94.625286 
1458.000000	94.613418 
1457.000000	94.609625 
1456.000000	94.611282 
1455.000000	94.608059 
1454.000000	94.596002 
1453.000000	94.584083 
1452.000000	94.578148 
1451.000000	94.574515 
1450.000000	94.571183 
1449.000000	94.570369 
1448.000000	94.569208 
1447.000000	94.562725 
1446.000000	94.550742 
1445.000000	94.539964 
1444.000000	94.534248 
1443.000000	94.529730 
1442.000000	94.524173 
1441.000000	94.519960 
1440.000000	94.516522 
1439.000000	94.508524 
1438.000000	94.499864 
1437.000000	94.500436 
1436.000000	94.508584 
1435.000000	94.512064 
1434.000000	94.507563 
1433.000000	94.502217 
1432.000000	94.500973 
1431.000000	94.499128 
1430.000000	94.494403 
1429.000000	94.493651 
1428.000000	94.498315 
1427.000000	94.502012 
1426.000000	94.500689 
1425.000000	94.502835 
1424.000000	94.513868 
1423.000000	94.522310 
1422.000000	94.520490 
1421.000000	94.518895 
1420.000000	94.529011 
1419.000000	94.540607 
1418.000000	94.543759 
1417.000000	94.545722 
1416.000000	94.549775 
1415.000000	94.551261 
1414.000000	94.548125 
1413.000000	94.546277 
1412.000000	94.551356 
1411.000000	94.559364 
1410.000000	94.566719 
1409.000000	94.576598 
1408.000000	94.590187 
1407.000000	94.605135 
1406.000000	94.620614 
1405.000000	94.642774 
1404.000000	94.674954 
1403.000000	94.708270 
1402.000000	94.735398 
1401.000000	94.760695 
1400.000000	94.790295 
1399.000000	94.818336 
1398.000000	94.834730 
1397.000000	94.838909 
1396.000000	94.838509 
1395.000000	94.842436 
1394.000000	94.857814 
1393.000000	94.889694 
1392.000000	94.933237 
1391.000000	94.975087 
1390.000000	95.006404 
1389.000000	95.028446 
1388.000000	95.046765 
1387.000000	95.063777 
1386.000000	95.079041 
1385.000000	95.094248 
1384.000000	95.112231 
1383.000000	95.132066 
1382.000000	95.150859 
1381.000000	95.167954 
1380.000000	95.185819 
1379.000000	95.205623 
1378.000000	95.225008 
1377.000000	95.242281 
1376.000000	95.259453 
1375.000000	95.278612 
1374.000000	95.298648 
1373.000000	95.318782 
1372.000000	95.339362 
1371.000000	95.359574 
1370.000000	95.377143 
1369.000000	95.393311 
1368.000000	95.411997 
1367.000000	95.432499 
1366.000000	95.450069 
1365.000000	95.462617 
1364.000000	95.473020 
1363.000000	95.484967 
1362.000000	95.499493 
1361.000000	95.515739 
1360.000000	95.532620 
1359.000000	95.548951 
1358.000000	95.563708 
1357.000000	95.577694 
1356.000000	95.592676 
1355.000000	95.607772 
1354.000000	95.620343 
1353.000000	95.629649 
1352.000000	95.637502 
1351.000000	95.646884 
1350.000000	95.656938 
1349.000000	95.666112 
1348.000000	95.674791 
1347.000000	95.682815 
1346.000000	95.689871 
1345.000000	95.697577 
1344.000000	95.707789 
1343.000000	95.718526 
1342.000000	95.725715 
1341.000000	95.728942 
1340.000000	95.731919 
1339.000000	95.736670 
1338.000000	95.741878 
1337.000000	95.747154 
1336.000000	95.753770 
1335.000000	95.761624 
1334.000000	95.769587 
1333.000000	95.778203 
1332.000000	95.788253 
1331.000000	95.796904 
1330.000000	95.799849 
1329.000000	95.797888 
1328.000000	95.796444 
1327.000000	95.798122 
1326.000000	95.800052 
1325.000000	95.801029 
1324.000000	95.803899 
1323.000000	95.809372 
1322.000000	95.814174 
1321.000000	95.816276 
1320.000000	95.817236 
1319.000000	95.818623 
1318.000000	95.820671 
1317.000000	95.824411 
1316.000000	95.830938 
1315.000000	95.838326 
1314.000000	95.843249 
1313.000000	95.845638 
1312.000000	95.848170 
1311.000000	95.851525 
1310.000000	95.854069 
1309.000000	95.855826 
1308.000000	95.858418 
1307.000000	95.861546 
1306.000000	95.862711 
1305.000000	95.861926 
1304.000000	95.861797 
1303.000000	95.862661 
1302.000000	95.862112 
1301.000000	95.859491 
1300.000000	95.857070 
1299.000000	95.856341 
1298.000000	95.856830 
1297.000000	95.858453 
1296.000000	95.861711 
1295.000000	95.865032 
1294.000000	95.865669 
1293.000000	95.863785 
1292.000000	95.862273 
1291.000000	95.862339 
1290.000000	95.862242 
1289.000000	95.860665 
1288.000000	95.858299 
1287.000000	95.855744 
1286.000000	95.852803 
1285.000000	95.850448 
1284.000000	95.850731 
1283.000000	95.854096 
1282.000000	95.858639 
1281.000000	95.862117 
1280.000000	95.863365 
1279.000000	95.861911 
1278.000000	95.858594 
1277.000000	95.856081 
1276.000000	95.856494 
1275.000000	95.858714 
1274.000000	95.860180 
1273.000000	95.860782 
1272.000000	95.862277 
1271.000000	95.864502 
1270.000000	95.865144 
1269.000000	95.863223 
1268.000000	95.860166 
1267.000000	95.857521 
1266.000000	95.856281 
1265.000000	95.857464 
1264.000000	95.860651 
1263.000000	95.863221 
1262.000000	95.863569 
1261.000000	95.863536 
1260.000000	95.865059 
1259.000000	95.865919 
1258.000000	95.862948 
1257.000000	95.857703 
1256.000000	95.854629 
1255.000000	95.854820 
1254.000000	95.855596 
1253.000000	95.855413 
1252.000000	95.855212 
1251.000000	95.855385 
1250.000000	95.855397 
1249.000000	95.856298 
1248.000000	95.859848 
1247.000000	95.864979 
1246.000000	95.868546 
1245.000000	95.868969 
1244.000000	95.866332 
1243.000000	95.860782 
1242.000000	95.854321 
1241.000000	95.852152 
1240.000000	95.857498 
1239.000000	95.866045 
1238.000000	95.870041 
1237.000000	95.867280 
1236.000000	95.861844 
1235.000000	95.856817 
1234.000000	95.851042 
1233.000000	95.843362 
1232.000000	95.835470 
1231.000000	95.829431 
1230.000000	95.825598 
1229.000000	95.823154 
1228.000000	95.819758 
1227.000000	95.811253 
1226.000000	95.795283 
1225.000000	95.774977 
1224.000000	95.755615 
1223.000000	95.737845 
1222.000000	95.717723 
1221.000000	95.693017 
1220.000000	95.665282 
1219.000000	95.635522 
1218.000000	95.602186 
1217.000000	95.564425 
1216.000000	95.523642 
1215.000000	95.480720 
1214.000000	95.434814 
1213.000000	95.385888 
1212.000000	95.335295 
1211.000000	95.282904 
1210.000000	95.226391 
1209.000000	95.164388 
1208.000000	95.098166 
1207.000000	95.029798 
1206.000000	94.960982 
1205.000000	94.893509 
1204.000000	94.827785 
1203.000000	94.760539 
1202.000000	94.687294 
1201.000000	94.608011 
1200.000000	94.527297 
1199.000000	94.448166 
1198.000000	94.369219 
1197.000000	94.289308 
1196.000000	94.210754 
1195.000000	94.135231 
1194.000000	94.059600 
1193.000000	93.979223 
1192.000000	93.893347 
1191.000000	93.804342 
1190.000000	93.713603 
1189.000000	93.621188 
1188.000000	93.527942 
1187.000000	93.434720 
1186.000000	93.340346 
1185.000000	93.243103 
1184.000000	93.143681 
1183.000000	93.044210 
1182.000000	92.944874 
1181.000000	92.843883 
1180.000000	92.740421 
1179.000000	92.635340 
1178.000000	92.529348 
1177.000000	92.422421 
1176.000000	92.314168 
1175.000000	92.202781 
1174.000000	92.084806 
1173.000000	91.958645 
1172.000000	91.827464 
1171.000000	91.696134 
1170.000000	91.566388 
1169.000000	91.437718 
1168.000000	91.312205 
1167.000000	91.195742 
1166.000000	91.095724 
1165.000000	91.020579 
1164.000000	90.979714 
1163.000000	90.978855 
1162.000000	91.014186 
1161.000000	91.072794 
1160.000000	91.137643 
1159.000000	91.190500 
1158.000000	91.214713 
1157.000000	91.201257 
1156.000000	91.151981 
1155.000000	91.074822 
1154.000000	90.977400 
1153.000000	90.866914 
1152.000000	90.752198 
1151.000000	90.640201 
1150.000000	90.531276 
1149.000000	90.422349 
1148.000000	90.313641 
1147.000000	90.207932 
1146.000000	90.104649 
1145.000000	89.999822 
1144.000000	89.891376 
1143.000000	89.779942 
1142.000000	89.665452 
1141.000000	89.547808 
1140.000000	89.430116 
1139.000000	89.316180 
1138.000000	89.204977 
1137.000000	89.092014 
1136.000000	88.975447 
1135.000000	88.856672 
1134.000000	88.736352 
1133.000000	88.614556 
1132.000000	88.493144 
1131.000000	88.372824 
1130.000000	88.249748 
1129.000000	88.120657 
1128.000000	87.989108 
1127.000000	87.860232 
1126.000000	87.731578 
1125.000000	87.596664 
1124.000000	87.455866 
1123.000000	87.315560 
1122.000000	87.177468 
1121.000000	87.037644 
1120.000000	86.896067 
1119.000000	86.758289 
1118.000000	86.626671 
1117.000000	86.498316 
1116.000000	86.372349 
1115.000000	86.251138 
1114.000000	86.133803 
1113.000000	86.016803 
1112.000000	85.901018 
1111.000000	85.789720 
1110.000000	85.680692 
1109.000000	85.569532 
1108.000000	85.458478 
1107.000000	85.352698 
1106.000000	85.249504 
1105.000000	85.141800 
1104.000000	85.030932 
1103.000000	84.924526 
1102.000000	84.822067 
1101.000000	84.715549 
1100.000000	84.603227 
1099.000000	84.492630 
1098.000000	84.386794 
1097.000000	84.280034 
1096.000000	84.169423 
1095.000000	84.058513 
1094.000000	83.948353 
1093.000000	83.835469 
1092.000000	83.720522 
1091.000000	83.608469 
1090.000000	83.499105 
1089.000000	83.387839 
1088.000000	83.276233 
1087.000000	83.170690 
1086.000000	83.070462 
1085.000000	82.968398 
1084.000000	82.863424 
1083.000000	82.760371 
1082.000000	82.657908 
1081.000000	82.549418 
1080.000000	82.435626 
1079.000000	82.323225 
1078.000000	82.211191 
1077.000000	82.092032 
1076.000000	81.966013 
1075.000000	81.839301 
1074.000000	81.708164 
1073.000000	81.560308 
1072.000000	81.391365 
1071.000000	81.203631 
1070.000000	80.989031 
1069.000000	80.732884 
1068.000000	80.438959 
1067.000000	80.134405 
1066.000000	79.842894 
1065.000000	79.565433 
1064.000000	79.292350 
1063.000000	79.017435 
1062.000000	78.734073 
1061.000000	78.434168 
1060.000000	78.119593 
1059.000000	77.802995 
1058.000000	77.491551 
1057.000000	77.181016 
1056.000000	76.868190 
1055.000000	76.554705 
1054.000000	76.235690 
1053.000000	75.901272 
1052.000000	75.554462 
1051.000000	75.210756 
1050.000000	74.873901 
1049.000000	74.530622 
1048.000000	74.175209 
1047.000000	73.819033 
1046.000000	73.470465 
1045.000000	73.125012 
1044.000000	72.779447 
1043.000000	72.437540 
1042.000000	72.098228 
1041.000000	71.755450 
1040.000000	71.413519 
1039.000000	71.085906 
1038.000000	70.775749 
1037.000000	70.474518 
1036.000000	70.181966 
1035.000000	69.908927 
1034.000000	69.658164 
1033.000000	69.421140 
1032.000000	69.195295 
1031.000000	68.985880 
1030.000000	68.790697 
1029.000000	68.603645 
1028.000000	68.433511 
1027.000000	68.296361 
1026.000000	68.187284 
1025.000000	68.082107 
1024.000000	67.969262 
1023.000000	67.857467 
1022.000000	67.750921 
1021.000000	67.641359 
1020.000000	67.527380 
1019.000000	67.417792 
1018.000000	67.311649 
1017.000000	67.197401 
1016.000000	67.075526 
1015.000000	66.959861 
1014.000000	66.853427 
1013.000000	66.745233 
1012.000000	66.633869 
1011.000000	66.531443 
1010.000000	66.440868 
1009.000000	66.352132 
1008.000000	66.264753 
1007.000000	66.191532 
1006.000000	66.136495 
1005.000000	66.091173 
1004.000000	66.055669 
1003.000000	66.041007 
1002.000000	66.047369 
1001.000000	66.062107 
1000.000000	66.082110 
999.000000	 66.116085 
998.000000	 66.162493 
997.000000	 66.208206 
996.000000	 66.251974 
995.000000	 66.306424 
994.000000	 66.373563 
993.000000	 66.440758 
992.000000	 66.504431 
991.000000	 66.575934 
990.000000	 66.660421 
989.000000	 66.751132 
988.000000	 66.847410 
987.000000	 66.957439 
986.000000	 67.080540 
985.000000	 67.207423 
984.000000	 67.339849 
983.000000	 67.489502 
982.000000	 67.656630 
981.000000	 67.830873 
980.000000	 68.013553 
979.000000	 68.217064 
978.000000	 68.441497 
977.000000	 68.674267 
976.000000	 68.913817 
975.000000	 69.171017 
974.000000	 69.445701 
973.000000	 69.724645 
972.000000	 70.005073 
971.000000	 70.298092 
970.000000	 70.606237 
969.000000	 70.918621 
968.000000	 71.230429 
967.000000	 71.546724 
966.000000	 71.865304 
965.000000	 72.176505 
964.000000	 72.482072 
963.000000	 72.794181 
962.000000	 73.113572 
961.000000	 73.427679 
960.000000	 73.731861 
959.000000	 74.033386 
958.000000	 74.333270 
957.000000	 74.623533 
956.000000	 74.904141 
955.000000	 75.183674 
954.000000	 75.460959 
953.000000	 75.724128 
952.000000	 75.970007 
951.000000	 76.207101 
950.000000	 76.437873 
949.000000	 76.655091 
948.000000	 76.857286 
947.000000	 77.051195 
946.000000	 77.237404 
945.000000	 77.409184 
944.000000	 77.566416 
943.000000	 77.715243 
942.000000	 77.854179 
941.000000	 77.976674 
940.000000	 78.087237 
939.000000	 78.198757 
938.000000	 78.313926 
937.000000	 78.425752 
936.000000	 78.535682 
935.000000	 78.653431 
934.000000	 78.778894 
933.000000	 78.902229 
932.000000	 79.022273 
931.000000	 79.146910 
930.000000	 79.274602 
929.000000	 79.393694 
928.000000	 79.501250 
927.000000	 79.605183 
926.000000	 79.706953 
925.000000	 79.799708 
924.000000	 79.884172 
923.000000	 79.967968 
922.000000	 80.047889 
921.000000	 80.111437 
920.000000	 80.158181 
919.000000	 80.201763 
918.000000	 80.248684 
917.000000	 80.293237 
916.000000	 80.335697 
915.000000	 80.386782 
914.000000	 80.450803 
913.000000	 80.523250 
912.000000	 80.609743 
911.000000	 80.728880 
910.000000	 80.890305 
909.000000	 81.086117 
908.000000	 81.307951 
907.000000	 81.555789 
906.000000	 81.825774 
905.000000	 82.106414 
904.000000	 82.392921 
903.000000	 82.692033 
902.000000	 83.008814 
901.000000	 83.340059 
900.000000	 83.680859 
899.000000	 84.025357 
898.000000	 84.361835 
897.000000	 84.681013 
896.000000	 84.988021 
895.000000	 85.293313 
894.000000	 85.594422 
893.000000	 85.880465 
892.000000	 86.151350 
891.000000	 86.416509 
890.000000	 86.676069 
889.000000	 86.919089 
888.000000	 87.140071 
887.000000	 87.342302 
886.000000	 87.525472 
885.000000	 87.685186 
884.000000	 87.825009 
883.000000	 87.953820 
882.000000	 88.070067 
881.000000	 88.163570 
880.000000	 88.234546 
879.000000	 88.296240 
878.000000	 88.357288 
877.000000	 88.417071 
876.000000	 88.480919 
875.000000	 88.564468 
874.000000	 88.680991 
873.000000	 88.839717 
872.000000	 89.056125 
871.000000	 89.343744 
870.000000	 89.690906 
869.000000	 90.061918 
868.000000	 90.426039 
867.000000	 90.772610 
866.000000	 91.098005 
865.000000	 91.395239 
864.000000	 91.661964 
863.000000	 91.905958 
862.000000	 92.136039 
861.000000	 92.355165 
860.000000	 92.565307 
859.000000	 92.770187 
858.000000	 92.969388 
857.000000	 93.156882 
856.000000	 93.328369 
855.000000	 93.484630 
854.000000	 93.626941 
853.000000	 93.755041 
852.000000	 93.869871 
851.000000	 93.972998 
850.000000	 94.064526 
849.000000	 94.147021 
848.000000	 94.228085 
847.000000	 94.311008 
846.000000	 94.385891 
845.000000	 94.439526 
844.000000	 94.471806 
843.000000	 94.492472 
842.000000	 94.503648 
841.000000	 94.497037 
840.000000	 94.468512 
839.000000	 94.424443 
838.000000	 94.371895 
837.000000	 94.312043 
836.000000	 94.245490 
835.000000	 94.175876 
834.000000	 94.106593 
833.000000	 94.041535 
832.000000	 93.989503 
831.000000	 93.958991 
830.000000	 93.947800 
829.000000	 93.947155 
828.000000	 93.956712 
827.000000	 93.985030 
826.000000	 94.034644 
825.000000	 94.098438 
824.000000	 94.171145 
823.000000	 94.250581 
822.000000	 94.327070 
821.000000	 94.386875 
820.000000	 94.427624 
819.000000	 94.458321 
818.000000	 94.484426 
817.000000	 94.503051 
816.000000	 94.510390 
815.000000	 94.501430 
814.000000	 94.462017 
813.000000	 94.373106 
812.000000	 94.225269 
811.000000	 94.019658 
810.000000	 93.753664 
809.000000	 93.416642 
808.000000	 93.003131 
807.000000	 92.520444 
806.000000	 91.979819 
805.000000	 91.391809 
804.000000	 90.777625 
803.000000	 90.174708 
802.000000	 89.622030 
801.000000	 89.146139 
800.000000	 88.764609 
799.000000	 88.489785 
798.000000	 88.321972 
797.000000	 88.249692 
796.000000	 88.260991 
795.000000	 88.343941 
794.000000	 88.475921 
793.000000	 88.627484 
792.000000	 88.779489 
791.000000	 88.924061 
790.000000	 89.049283 
789.000000	 89.137768 
788.000000	 89.181203 
787.000000	 89.181967 
786.000000	 89.138688 
785.000000	 89.044172 
784.000000	 88.900591 
783.000000	 88.724216 
782.000000	 88.532844 
781.000000	 88.341097 
780.000000	 88.170025 
779.000000	 88.046448 
778.000000	 87.987416 
777.000000	 87.996097 
776.000000	 88.073273 
775.000000	 88.217601 
774.000000	 88.412776 
773.000000	 88.630728 
772.000000	 88.851922 
771.000000	 89.070490 
770.000000	 89.279297 
769.000000	 89.464654 
768.000000	 89.618259 
767.000000	 89.742159 
766.000000	 89.840675 
765.000000	 89.918733 
764.000000	 89.987571 
763.000000	 90.058861 
762.000000	 90.131875 
761.000000	 90.198135 
760.000000	 90.258560 
759.000000	 90.323362 
758.000000	 90.395816 
757.000000	 90.470327 
756.000000	 90.546590 
755.000000	 90.631201 
754.000000	 90.724858 
753.000000	 90.822305 
752.000000	 90.924904 
751.000000	 91.038392 
750.000000	 91.157581 
749.000000	 91.268515 
748.000000	 91.368214 
747.000000	 91.468873 
746.000000	 91.580526 
745.000000	 91.702311 
744.000000	 91.832515 
743.000000	 91.974253 
742.000000	 92.129220 
741.000000	 92.297252 
740.000000	 92.481647 
739.000000	 92.682589 
738.000000	 92.886317 
737.000000	 93.074019 
736.000000	 93.240593 
735.000000	 93.392065 
734.000000	 93.527686 
733.000000	 93.639622 
732.000000	 93.728119 
731.000000	 93.801440 
730.000000	 93.861202 
729.000000	 93.903273 
728.000000	 93.932865 
727.000000	 93.963056 
726.000000	 93.998106 
725.000000	 94.032477 
724.000000	 94.066930 
723.000000	 94.111241 
722.000000	 94.169937 
721.000000	 94.238737 
720.000000	 94.315435 
719.000000	 94.400113 
718.000000	 94.484222 
717.000000	 94.554907 
716.000000	 94.611883 
715.000000	 94.666714 
714.000000	 94.724549 
713.000000	 94.779880 
712.000000	 94.830709 
711.000000	 94.882598 
710.000000	 94.936694 
709.000000	 94.986380 
708.000000	 95.026396 
707.000000	 95.052311 
706.000000	 95.053130 
705.000000	 95.018879 
704.000000	 94.953588 
703.000000	 94.865352 
702.000000	 94.743580 
701.000000	 94.562772 
700.000000	 94.312252 
699.000000	 94.007628 
698.000000	 93.675981 
697.000000	 93.350443 
696.000000	 93.078475 
695.000000	 92.909982 
694.000000	 92.864507 
693.000000	 92.922483 
692.000000	 93.051842 
691.000000	 93.226899 
690.000000	 93.422327 
689.000000	 93.611990 
688.000000	 93.783463 
687.000000	 93.939630 
686.000000	 94.078737 
685.000000	 94.190430 
684.000000	 94.277444 
683.000000	 94.359356 
682.000000	 94.447541 
681.000000	 94.533620 
680.000000	 94.609249 
679.000000	 94.679726 
678.000000	 94.749860 
677.000000	 94.813440 
676.000000	 94.866976 
675.000000	 94.913969 
674.000000	 94.956299 
673.000000	 94.993660 
672.000000	 95.029741 
671.000000	 95.069495 
670.000000	 95.115930 
669.000000	 95.173933 
668.000000	 95.255561 
667.000000	 95.374055 
666.000000	 95.488826 
665.000000	 95.565444 
664.000000	 95.628417 
663.000000	 95.706428 
662.000000	 95.790367 
661.000000	 95.852000 
660.000000	 95.889183 
659.000000	 95.923068 
658.000000	 95.957630 
657.000000	 95.975831 
656.000000	 95.972621 
655.000000	 95.955928 
654.000000	 95.922854 
653.000000	 95.865156 
652.000000	 95.796924 
651.000000	 95.753889 
650.000000	 95.757696 

