4000.000000	97.583184 
3999.000000	97.581958 
3998.000000	97.580054 
3997.000000	97.578380 
3996.000000	97.577525 
3995.000000	97.577521 
3994.000000	97.577948 
3993.000000	97.578277 
3992.000000	97.578272 
3991.000000	97.577999 
3990.000000	97.577696 
3989.000000	97.577559 
3988.000000	97.577513 
3987.000000	97.577293 
3986.000000	97.576754 
3985.000000	97.575989 
3984.000000	97.575220 
3983.000000	97.574597 
3982.000000	97.574151 
3981.000000	97.573852 
3980.000000	97.573634 
3979.000000	97.573428 
3978.000000	97.573185 
3977.000000	97.572887 
3976.000000	97.572534 
3975.000000	97.572116 
3974.000000	97.571629 
3973.000000	97.571118 
3972.000000	97.570672 
3971.000000	97.570348 
3970.000000	97.570138 
3969.000000	97.570018 
3968.000000	97.569957 
3967.000000	97.569897 
3966.000000	97.569760 
3965.000000	97.569484 
3964.000000	97.569094 
3963.000000	97.568729 
3962.000000	97.568539 
3961.000000	97.568580 
3960.000000	97.568765 
3959.000000	97.568868 
3958.000000	97.568675 
3957.000000	97.568223 
3956.000000	97.567762 
3955.000000	97.567492 
3954.000000	97.567383 
3953.000000	97.567237 
3952.000000	97.566892 
3951.000000	97.566395 
3950.000000	97.566127 
3949.000000	97.566539 
3948.000000	97.567537 
3947.000000	97.568393 
3946.000000	97.568438 
3945.000000	97.567582 
3944.000000	97.566222 
3943.000000	97.564995 
3942.000000	97.564375 
3941.000000	97.564419 
3940.000000	97.564867 
3939.000000	97.565341 
3938.000000	97.565570 
3937.000000	97.565636 
3936.000000	97.565794 
3935.000000	97.566043 
3934.000000	97.566141 
3933.000000	97.565959 
3932.000000	97.565584 
3931.000000	97.564912 
3930.000000	97.563683 
3929.000000	97.561887 
3928.000000	97.559890 
3927.000000	97.558307 
3926.000000	97.557416 
3925.000000	97.557181 
3924.000000	97.557939 
3923.000000	97.559846 
3922.000000	97.562110 
3921.000000	97.563611 
3920.000000	97.564277 
3919.000000	97.565095 
3918.000000	97.566394 
3917.000000	97.567215 
3916.000000	97.566719 
3915.000000	97.565259 
3914.000000	97.563724 
3913.000000	97.562620 
3912.000000	97.562138 
3911.000000	97.562319 
3910.000000	97.562795 
3909.000000	97.563057 
3908.000000	97.562988 
3907.000000	97.562849 
3906.000000	97.563042 
3905.000000	97.563607 
3904.000000	97.564374 
3903.000000	97.565035 
3902.000000	97.565252 
3901.000000	97.564938 
3900.000000	97.564241 
3899.000000	97.563541 
3898.000000	97.563170 
3897.000000	97.563052 
3896.000000	97.562921 
3895.000000	97.562666 
3894.000000	97.562362 
3893.000000	97.562148 
3892.000000	97.562050 
3891.000000	97.561950 
3890.000000	97.561798 
3889.000000	97.561677 
3888.000000	97.561627 
3887.000000	97.561516 
3886.000000	97.561249 
3885.000000	97.560903 
3884.000000	97.560613 
3883.000000	97.560355 
3882.000000	97.560017 
3881.000000	97.559617 
3880.000000	97.559289 
3879.000000	97.559089 
3878.000000	97.558949 
3877.000000	97.558765 
3876.000000	97.558435 
3875.000000	97.557893 
3874.000000	97.557220 
3873.000000	97.556704 
3872.000000	97.556559 
3871.000000	97.556564 
3870.000000	97.556251 
3869.000000	97.555650 
3868.000000	97.555291 
3867.000000	97.555233 
3866.000000	97.554705 
3865.000000	97.553380 
3864.000000	97.552443 
3863.000000	97.552759 
3862.000000	97.553489 
3861.000000	97.553634 
3860.000000	97.553403 
3859.000000	97.553207 
3858.000000	97.552904 
3857.000000	97.552119 
3856.000000	97.551166 
3855.000000	97.549551 
3854.000000	97.547385 
3853.000000	97.546154 
3852.000000	97.546210 
3851.000000	97.547227 
3850.000000	97.548625 
3849.000000	97.549631 
3848.000000	97.550699 
3847.000000	97.552637 
3846.000000	97.554728 
3845.000000	97.556156 
3844.000000	97.557217 
3843.000000	97.557909 
3842.000000	97.557992 
3841.000000	97.558050 
3840.000000	97.558506 
3839.000000	97.559406 
3838.000000	97.560598 
3837.000000	97.561376 
3836.000000	97.561373 
3835.000000	97.560605 
3834.000000	97.559567 
3833.000000	97.558764 
3832.000000	97.558293 
3831.000000	97.558209 
3830.000000	97.558439 
3829.000000	97.558622 
3828.000000	97.558587 
3827.000000	97.558296 
3826.000000	97.557879 
3825.000000	97.558178 
3824.000000	97.559838 
3823.000000	97.561884 
3822.000000	97.562832 
3821.000000	97.562477 
3820.000000	97.561740 
3819.000000	97.561360 
3818.000000	97.561137 
3817.000000	97.560169 
3816.000000	97.558321 
3815.000000	97.556797 
3814.000000	97.556497 
3813.000000	97.556680 
3812.000000	97.556176 
3811.000000	97.555422 
3810.000000	97.555777 
3809.000000	97.557477 
3808.000000	97.558949 
3807.000000	97.558553 
3806.000000	97.556702 
3805.000000	97.555268 
3804.000000	97.554739 
3803.000000	97.553785 
3802.000000	97.551397 
3801.000000	97.548542 
3800.000000	97.547117 
3799.000000	97.547344 
3798.000000	97.547796 
3797.000000	97.547491 
3796.000000	97.546947 
3795.000000	97.546816 
3794.000000	97.546594 
3793.000000	97.545154 
3792.000000	97.542378 
3791.000000	97.539740 
3790.000000	97.538204 
3789.000000	97.537129 
3788.000000	97.535759 
3787.000000	97.534746 
3786.000000	97.535047 
3785.000000	97.536367 
3784.000000	97.537531 
3783.000000	97.538328 
3782.000000	97.539121 
3781.000000	97.539820 
3780.000000	97.540498 
3779.000000	97.541702 
3778.000000	97.543495 
3777.000000	97.545560 
3776.000000	97.547422 
3775.000000	97.548191 
3774.000000	97.547740 
3773.000000	97.547237 
3772.000000	97.547734 
3771.000000	97.548612 
3770.000000	97.549211 
3769.000000	97.550199 
3768.000000	97.551826 
3767.000000	97.553364 
3766.000000	97.554072 
3765.000000	97.553935 
3764.000000	97.554339 
3763.000000	97.556383 
3762.000000	97.558551 
3761.000000	97.558474 
3760.000000	97.557227 
3759.000000	97.558586 
3758.000000	97.562110 
3757.000000	97.564026 
3756.000000	97.564321 
3755.000000	97.565469 
3754.000000	97.568135 
3753.000000	97.570848 
3752.000000	97.575095 
3751.000000	97.584284 
3750.000000	97.592316 
3749.000000	97.590742 
3748.000000	97.583139 
3747.000000	97.579995 
3746.000000	97.583703 
3745.000000	97.585011 
3744.000000	97.578073 
3743.000000	97.570263 
3742.000000	97.569247 
3741.000000	97.572033 
3740.000000	97.573469 
3739.000000	97.576610 
3738.000000	97.584306 
3737.000000	97.589444 
3736.000000	97.587051 
3735.000000	97.582228 
3734.000000	97.580252 
3733.000000	97.575811 
3732.000000	97.563200 
3731.000000	97.548014 
3730.000000	97.539036 
3729.000000	97.537859 
3728.000000	97.538397 
3727.000000	97.534901 
3726.000000	97.529144 
3725.000000	97.526128 
3724.000000	97.525724 
3723.000000	97.523785 
3722.000000	97.519139 
3721.000000	97.512939 
3720.000000	97.505037 
3719.000000	97.497173 
3718.000000	97.491216 
3717.000000	97.487698 
3716.000000	97.488441 
3715.000000	97.493573 
3714.000000	97.499315 
3713.000000	97.500373 
3712.000000	97.496234 
3711.000000	97.488358 
3710.000000	97.474537 
3709.000000	97.454252 
3708.000000	97.430480 
3707.000000	97.406682 
3706.000000	97.385363 
3705.000000	97.366582 
3704.000000	97.347655 
3703.000000	97.326099 
3702.000000	97.302988 
3701.000000	97.280616 
3700.000000	97.259419 
3699.000000	97.240153 
3698.000000	97.223431 
3697.000000	97.208403 
3696.000000	97.196669 
3695.000000	97.191338 
3694.000000	97.190636 
3693.000000	97.188509 
3692.000000	97.182344 
3691.000000	97.175262 
3690.000000	97.170004 
3689.000000	97.163315 
3688.000000	97.150797 
3687.000000	97.136434 
3686.000000	97.128113 
3685.000000	97.126538 
3684.000000	97.127262 
3683.000000	97.128307 
3682.000000	97.129720 
3681.000000	97.128020 
3680.000000	97.118606 
3679.000000	97.103405 
3678.000000	97.090741 
3677.000000	97.082046 
3676.000000	97.071260 
3675.000000	97.056881 
3674.000000	97.041296 
3673.000000	97.025763 
3672.000000	97.007085 
3671.000000	96.981256 
3670.000000	96.954274 
3669.000000	96.934569 
3668.000000	96.920709 
3667.000000	96.907826 
3666.000000	96.895591 
3665.000000	96.885465 
3664.000000	96.876287 
3663.000000	96.864976 
3662.000000	96.849069 
3661.000000	96.829288 
3660.000000	96.810042 
3659.000000	96.795168 
3658.000000	96.784459 
3657.000000	96.773777 
3656.000000	96.760339 
3655.000000	96.747638 
3654.000000	96.740782 
3653.000000	96.738080 
3652.000000	96.730493 
3651.000000	96.711945 
3650.000000	96.689586 
3649.000000	96.672393 
3648.000000	96.657006 
3647.000000	96.638742 
3646.000000	96.620874 
3645.000000	96.607426 
3644.000000	96.597791 
3643.000000	96.589490 
3642.000000	96.580047 
3641.000000	96.568854 
3640.000000	96.556331 
3639.000000	96.542464 
3638.000000	96.528143 
3637.000000	96.515229 
3636.000000	96.504788 
3635.000000	96.494398 
3634.000000	96.481619 
3633.000000	96.469357 
3632.000000	96.461731 
3631.000000	96.455921 
3630.000000	96.443114 
3629.000000	96.422656 
3628.000000	96.400884 
3627.000000	96.383129 
3626.000000	96.370734 
3625.000000	96.359977 
3624.000000	96.346773 
3623.000000	96.330512 
3622.000000	96.313443 
3621.000000	96.298487 
3620.000000	96.292071 
3619.000000	96.301192 
3618.000000	96.323000 
3617.000000	96.347967 
3616.000000	96.371847 
3615.000000	96.394462 
3614.000000	96.416277 
3613.000000	96.438318 
3612.000000	96.460637 
3611.000000	96.481030 
3610.000000	96.496100 
3609.000000	96.503951 
3608.000000	96.506690 
3607.000000	96.508089 
3606.000000	96.509102 
3605.000000	96.509125 
3604.000000	96.508126 
3603.000000	96.506852 
3602.000000	96.507141 
3601.000000	96.510340 
3600.000000	96.518226 
3599.000000	96.532100 
3598.000000	96.548936 
3597.000000	96.563301 
3596.000000	96.573832 
3595.000000	96.582918 
3594.000000	96.593349 
3593.000000	96.605367 
3592.000000	96.615556 
3591.000000	96.620374 
3590.000000	96.618296 
3589.000000	96.611778 
3588.000000	96.607553 
3587.000000	96.610016 
3586.000000	96.615391 
3585.000000	96.619122 
3584.000000	96.621125 
3583.000000	96.623308 
3582.000000	96.625847 
3581.000000	96.627149 
3580.000000	96.626233 
3579.000000	96.624219 
3578.000000	96.623481 
3577.000000	96.625786 
3576.000000	96.631629 
3575.000000	96.639570 
3574.000000	96.646152 
3573.000000	96.648428 
3572.000000	96.646061 
3571.000000	96.641628 
3570.000000	96.638649 
3569.000000	96.638393 
3568.000000	96.639985 
3567.000000	96.642391 
3566.000000	96.643940 
3565.000000	96.643826 
3564.000000	96.643605 
3563.000000	96.644600 
3562.000000	96.646104 
3561.000000	96.646741 
3560.000000	96.645898 
3559.000000	96.644240 
3558.000000	96.642522 
3557.000000	96.640716 
3556.000000	96.638699 
3555.000000	96.637350 
3554.000000	96.637791 
3553.000000	96.640102 
3552.000000	96.642981 
3551.000000	96.644936 
3550.000000	96.645749 
3549.000000	96.646247 
3548.000000	96.647265 
3547.000000	96.649366 
3546.000000	96.652253 
3545.000000	96.654817 
3544.000000	96.656226 
3543.000000	96.656698 
3542.000000	96.656987 
3541.000000	96.657479 
3540.000000	96.657922 
3539.000000	96.658082 
3538.000000	96.658246 
3537.000000	96.659041 
3536.000000	96.660738 
3535.000000	96.662800 
3534.000000	96.664443 
3533.000000	96.665363 
3532.000000	96.665812 
3531.000000	96.666180 
3530.000000	96.666722 
3529.000000	96.667683 
3528.000000	96.669295 
3527.000000	96.671545 
3526.000000	96.673998 
3525.000000	96.676062 
3524.000000	96.677477 
3523.000000	96.678440 
3522.000000	96.679293 
3521.000000	96.680298 
3520.000000	96.681600 
3519.000000	96.683250 
3518.000000	96.685129 
3517.000000	96.686964 
3516.000000	96.688512 
3515.000000	96.689718 
3514.000000	96.690822 
3513.000000	96.692223 
3512.000000	96.694140 
3511.000000	96.696414 
3510.000000	96.698622 
3509.000000	96.700306 
3508.000000	96.701211 
3507.000000	96.701493 
3506.000000	96.701703 
3505.000000	96.702517 
3504.000000	96.704269 
3503.000000	96.706600 
3502.000000	96.708583 
3501.000000	96.709525 
3500.000000	96.709498 
3499.000000	96.709115 
3498.000000	96.709021 
3497.000000	96.709574 
3496.000000	96.710798 
3495.000000	96.712326 
3494.000000	96.713498 
3493.000000	96.713815 
3492.000000	96.713286 
3491.000000	96.712352 
3490.000000	96.711583 
3489.000000	96.711320 
3488.000000	96.711511 
3487.000000	96.711781 
3486.000000	96.711672 
3485.000000	96.711004 
3484.000000	96.710048 
3483.000000	96.709339 
3482.000000	96.709219 
3481.000000	96.709516 
3480.000000	96.709656 
3479.000000	96.709210 
3478.000000	96.708291 
3477.000000	96.707410 
3476.000000	96.706912 
3475.000000	96.706621 
3474.000000	96.706074 
3473.000000	96.705075 
3472.000000	96.703858 
3471.000000	96.702752 
3470.000000	96.701866 
3469.000000	96.701121 
3468.000000	96.700333 
3467.000000	96.699225 
3466.000000	96.697572 
3465.000000	96.695439 
3464.000000	96.693255 
3463.000000	96.691497 
3462.000000	96.690280 
3461.000000	96.689314 
3460.000000	96.688195 
3459.000000	96.686796 
3458.000000	96.685256 
3457.000000	96.683769 
3456.000000	96.682429 
3455.000000	96.681225 
3454.000000	96.680095 
3453.000000	96.678913 
3452.000000	96.677512 
3451.000000	96.675757 
3450.000000	96.673673 
3449.000000	96.671531 
3448.000000	96.669733 
3447.000000	96.668499 
3446.000000	96.667652 
3445.000000	96.666795 
3444.000000	96.665758 
3443.000000	96.664670 
3442.000000	96.663660 
3441.000000	96.662652 
3440.000000	96.661511 
3439.000000	96.660237 
3438.000000	96.658909 
3437.000000	96.657486 
3436.000000	96.655786 
3435.000000	96.653718 
3434.000000	96.651505 
3433.000000	96.649601 
3432.000000	96.648385 
3431.000000	96.647831 
3430.000000	96.647400 
3429.000000	96.646370 
3428.000000	96.644403 
3427.000000	96.641849 
3426.000000	96.639432 
3425.000000	96.637595 
3424.000000	96.636223 
3423.000000	96.634992 
3422.000000	96.633881 
3421.000000	96.633221 
3420.000000	96.633196 
3419.000000	96.633427 
3418.000000	96.633247 
3417.000000	96.632280 
3416.000000	96.630685 
3415.000000	96.629006 
3414.000000	96.627850 
3413.000000	96.627562 
3412.000000	96.628000 
3411.000000	96.628559 
3410.000000	96.628626 
3409.000000	96.628063 
3408.000000	96.627195 
3407.000000	96.626382 
3406.000000	96.625839 
3405.000000	96.625860 
3404.000000	96.626748 
3403.000000	96.628296 
3402.000000	96.629588 
3401.000000	96.629709 
3400.000000	96.628620 
3399.000000	96.627160 
3398.000000	96.626253 
3397.000000	96.626163 
3396.000000	96.626568 
3395.000000	96.627159 
3394.000000	96.627988 
3393.000000	96.629237 
3392.000000	96.630737 
3391.000000	96.631899 
3390.000000	96.632210 
3389.000000	96.631748 
3388.000000	96.631184 
3387.000000	96.631287 
3386.000000	96.632420 
3385.000000	96.634433 
3384.000000	96.636799 
3383.000000	96.638905 
3382.000000	96.640423 
3381.000000	96.641494 
3380.000000	96.642532 
3379.000000	96.643785 
3378.000000	96.645140 
3377.000000	96.646351 
3376.000000	96.647295 
3375.000000	96.648016 
3374.000000	96.648711 
3373.000000	96.649716 
3372.000000	96.651335 
3371.000000	96.653550 
3370.000000	96.655988 
3369.000000	96.658235 
3368.000000	96.660079 
3367.000000	96.661394 
3366.000000	96.662063 
3365.000000	96.662233 
3364.000000	96.662484 
3363.000000	96.663380 
3362.000000	96.664847 
3361.000000	96.666247 
3360.000000	96.667217 
3359.000000	96.668210 
3358.000000	96.669979 
3357.000000	96.672657 
3356.000000	96.675559 
3355.000000	96.677793 
3354.000000	96.679030 
3353.000000	96.679757 
3352.000000	96.680870 
3351.000000	96.682878 
3350.000000	96.685499 
3349.000000	96.688122 
3348.000000	96.690565 
3347.000000	96.693248 
3346.000000	96.696582 
3345.000000	96.700364 
3344.000000	96.703871 
3343.000000	96.706370 
3342.000000	96.707525 
3341.000000	96.707491 
3340.000000	96.706783 
3339.000000	96.706011 
3338.000000	96.705693 
3337.000000	96.706251 
3336.000000	96.707977 
3335.000000	96.710761 
3334.000000	96.713956 
3333.000000	96.716733 
3332.000000	96.718582 
3331.000000	96.719405 
3330.000000	96.719339 
3329.000000	96.718807 
3328.000000	96.718641 
3327.000000	96.719710 
3326.000000	96.722160 
3325.000000	96.725169 
3324.000000	96.727703 
3323.000000	96.729491 
3322.000000	96.731177 
3321.000000	96.733629 
3320.000000	96.737207 
3319.000000	96.741628 
3318.000000	96.746299 
3317.000000	96.750632 
3316.000000	96.754263 
3315.000000	96.757202 
3314.000000	96.759851 
3313.000000	96.762649 
3312.000000	96.765572 
3311.000000	96.768210 
3310.000000	96.770468 
3309.000000	96.772851 
3308.000000	96.775717 
3307.000000	96.778411 
3306.000000	96.779650 
3305.000000	96.778863 
3304.000000	96.776906 
3303.000000	96.775485 
3302.000000	96.775879 
3301.000000	96.778238 
3300.000000	96.781730 
3299.000000	96.785183 
3298.000000	96.787996 
3297.000000	96.790542 
3296.000000	96.793561 
3295.000000	96.797180 
3294.000000	96.800728 
3293.000000	96.803495 
3292.000000	96.805347 
3291.000000	96.806618 
3290.000000	96.807764 
3289.000000	96.809191 
3288.000000	96.811123 
3287.000000	96.813447 
3286.000000	96.815833 
3285.000000	96.818095 
3284.000000	96.820325 
3283.000000	96.822670 
3282.000000	96.825162 
3281.000000	96.827806 
3280.000000	96.830602 
3279.000000	96.833438 
3278.000000	96.836117 
3277.000000	96.838517 
3276.000000	96.840601 
3275.000000	96.842275 
3274.000000	96.843469 
3273.000000	96.844387 
3272.000000	96.845467 
3271.000000	96.846987 
3270.000000	96.848896 
3269.000000	96.851054 
3268.000000	96.853451 
3267.000000	96.856080 
3266.000000	96.858787 
3265.000000	96.861372 
3264.000000	96.863768 
3263.000000	96.865963 
3262.000000	96.867876 
3261.000000	96.869466 
3260.000000	96.870861 
3259.000000	96.872331 
3258.000000	96.874121 
3257.000000	96.876355 
3256.000000	96.879032 
3255.000000	96.881939 
3254.000000	96.884678 
3253.000000	96.886953 
3252.000000	96.888823 
3251.000000	96.890628 
3250.000000	96.892677 
3249.000000	96.895007 
3248.000000	96.897436 
3247.000000	96.899748 
3246.000000	96.901805 
3245.000000	96.903581 
3244.000000	96.905191 
3243.000000	96.906862 
3242.000000	96.908799 
3241.000000	96.911046 
3240.000000	96.913471 
3239.000000	96.915890 
3238.000000	96.918249 
3237.000000	96.920645 
3236.000000	96.923176 
3235.000000	96.925814 
3234.000000	96.928420 
3233.000000	96.930857 
3232.000000	96.933083 
3231.000000	96.935140 
3230.000000	96.937128 
3229.000000	96.939163 
3228.000000	96.941304 
3227.000000	96.943507 
3226.000000	96.945686 
3225.000000	96.947846 
3224.000000	96.950090 
3223.000000	96.952479 
3222.000000	96.954919 
3221.000000	96.957242 
3220.000000	96.959381 
3219.000000	96.961419 
3218.000000	96.963520 
3217.000000	96.965792 
3216.000000	96.968230 
3215.000000	96.970735 
3214.000000	96.973170 
3213.000000	96.975459 
3212.000000	96.977631 
3211.000000	96.979775 
3210.000000	96.981960 
3209.000000	96.984198 
3208.000000	96.986467 
3207.000000	96.988743 
3206.000000	96.991014 
3205.000000	96.993287 
3204.000000	96.995592 
3203.000000	96.997954 
3202.000000	97.000373 
3201.000000	97.002846 
3200.000000	97.005365 
3199.000000	97.007895 
3198.000000	97.010374 
3197.000000	97.012741 
3196.000000	97.014989 
3195.000000	97.017218 
3194.000000	97.019568 
3193.000000	97.022075 
3192.000000	97.024642 
3191.000000	97.027160 
3190.000000	97.029643 
3189.000000	97.032196 
3188.000000	97.034883 
3187.000000	97.037615 
3186.000000	97.040184 
3185.000000	97.042483 
3184.000000	97.044675 
3183.000000	97.047078 
3182.000000	97.049819 
3181.000000	97.052691 
3180.000000	97.055418 
3179.000000	97.058000 
3178.000000	97.060654 
3177.000000	97.063453 
3176.000000	97.066174 
3175.000000	97.068523 
3174.000000	97.070404 
3173.000000	97.071987 
3172.000000	97.073620 
3171.000000	97.075685 
3170.000000	97.078440 
3169.000000	97.081795 
3168.000000	97.085255 
3167.000000	97.088221 
3166.000000	97.090457 
3165.000000	97.092267 
3164.000000	97.094136 
3163.000000	97.096263 
3162.000000	97.098518 
3161.000000	97.100811 
3160.000000	97.103318 
3159.000000	97.106281 
3158.000000	97.109672 
3157.000000	97.113111 
3156.000000	97.116039 
3155.000000	97.118011 
3154.000000	97.118983 
3153.000000	97.119425 
3152.000000	97.120023 
3151.000000	97.121086 
3150.000000	97.122381 
3149.000000	97.123632 
3148.000000	97.125008 
3147.000000	97.126916 
3146.000000	97.129422 
3145.000000	97.132222 
3144.000000	97.135146 
3143.000000	97.138378 
3142.000000	97.141977 
3141.000000	97.145426 
3140.000000	97.147946 
3139.000000	97.149267 
3138.000000	97.149954 
3137.000000	97.150952 
3136.000000	97.152772 
3135.000000	97.155212 
3134.000000	97.157737 
3133.000000	97.159931 
3132.000000	97.161530 
3131.000000	97.162286 
3130.000000	97.162155 
3129.000000	97.161708 
3128.000000	97.162009 
3127.000000	97.163749 
3126.000000	97.166718 
3125.000000	97.170164 
3124.000000	97.173531 
3123.000000	97.176644 
3122.000000	97.179329 
3121.000000	97.181312 
3120.000000	97.182584 
3119.000000	97.183603 
3118.000000	97.185006 
3117.000000	97.187192 
3116.000000	97.190129 
3115.000000	97.193366 
3114.000000	97.196236 
3113.000000	97.198301 
3112.000000	97.199720 
3111.000000	97.201117 
3110.000000	97.202951 
3109.000000	97.205032 
3108.000000	97.206775 
3107.000000	97.207826 
3106.000000	97.208398 
3105.000000	97.209075 
3104.000000	97.210292 
3103.000000	97.211987 
3102.000000	97.213713 
3101.000000	97.215192 
3100.000000	97.216671 
3099.000000	97.218535 
3098.000000	97.220658 
3097.000000	97.222479 
3096.000000	97.223769 
3095.000000	97.225046 
3094.000000	97.226995 
3093.000000	97.229683 
3092.000000	97.232589 
3091.000000	97.235115 
3090.000000	97.236760 
3089.000000	97.237096 
3088.000000	97.236288 
3087.000000	97.235528 
3086.000000	97.236217 
3085.000000	97.238601 
3084.000000	97.241675 
3083.000000	97.244477 
3082.000000	97.246818 
3081.000000	97.248779 
3080.000000	97.250322 
3079.000000	97.251575 
3078.000000	97.252643 
3077.000000	97.253002 
3076.000000	97.252048 
3075.000000	97.250546 
3074.000000	97.250512 
3073.000000	97.252820 
3072.000000	97.255921 
3071.000000	97.257742 
3070.000000	97.258117 
3069.000000	97.258331 
3068.000000	97.258654 
3067.000000	97.257829 
3066.000000	97.255445 
3065.000000	97.253629 
3064.000000	97.255130 
3063.000000	97.259816 
3062.000000	97.264148 
3061.000000	97.264852 
3060.000000	97.262541 
3059.000000	97.260914 
3058.000000	97.262265 
3057.000000	97.264807 
3056.000000	97.265186 
3055.000000	97.262819 
3054.000000	97.260442 
3053.000000	97.260319 
3052.000000	97.261442 
3051.000000	97.261182 
3050.000000	97.258598 
3049.000000	97.255029 
3048.000000	97.251976 
3047.000000	97.249646 
3046.000000	97.247557 
3045.000000	97.245496 
3044.000000	97.243653 
3043.000000	97.242438 
3042.000000	97.242109 
3041.000000	97.242030 
3040.000000	97.240468 
3039.000000	97.236285 
3038.000000	97.230473 
3037.000000	97.224572 
3036.000000	97.217636 
3035.000000	97.206840 
3034.000000	97.192003 
3033.000000	97.177400 
3032.000000	97.167265 
3031.000000	97.160729 
3030.000000	97.153304 
3029.000000	97.142670 
3028.000000	97.130638 
3027.000000	97.119531 
3026.000000	97.108804 
3025.000000	97.096249 
3024.000000	97.081114 
3023.000000	97.064807 
3022.000000	97.049111 
3021.000000	97.034673 
3020.000000	97.020955 
3019.000000	97.007104 
3018.000000	96.992937 
3017.000000	96.979216 
3016.000000	96.966480 
3015.000000	96.953719 
3014.000000	96.938917 
3013.000000	96.920996 
3012.000000	96.900511 
3011.000000	96.878574 
3010.000000	96.856336 
3009.000000	96.835433 
3008.000000	96.816993 
3007.000000	96.799305 
3006.000000	96.778325 
3005.000000	96.752335 
3004.000000	96.725136 
3003.000000	96.702563 
3002.000000	96.686252 
3001.000000	96.672543 
3000.000000	96.657287 
2999.000000	96.639755 
2998.000000	96.621801 
2997.000000	96.605549 
2996.000000	96.592567 
2995.000000	96.582878 
2994.000000	96.572746 
2993.000000	96.555172 
2992.000000	96.525809 
2991.000000	96.488883 
2990.000000	96.455340 
2989.000000	96.434223 
2988.000000	96.426869 
2987.000000	96.429054 
2986.000000	96.436218 
2985.000000	96.445415 
2984.000000	96.454074 
2983.000000	96.459975 
2982.000000	96.462906 
2981.000000	96.464537 
2980.000000	96.465924 
2979.000000	96.466134 
2978.000000	96.463898 
2977.000000	96.459592 
2976.000000	96.454758 
2975.000000	96.450433 
2974.000000	96.447056 
2973.000000	96.445757 
2972.000000	96.448605 
2971.000000	96.457175 
2970.000000	96.471215 
2969.000000	96.488761 
2968.000000	96.507332 
2967.000000	96.525226 
2966.000000	96.542182 
2965.000000	96.558984 
2964.000000	96.576249 
2963.000000	96.593412 
2962.000000	96.608845 
2961.000000	96.620990 
2960.000000	96.629646 
2959.000000	96.636592 
2958.000000	96.644925 
2957.000000	96.657107 
2956.000000	96.673012 
2955.000000	96.689942 
2954.000000	96.704749 
2953.000000	96.715969 
2952.000000	96.724090 
2951.000000	96.730681 
2950.000000	96.737727 
2949.000000	96.747004 
2948.000000	96.758830 
2947.000000	96.771204 
2946.000000	96.781044 
2945.000000	96.786702 
2944.000000	96.789030 
2943.000000	96.790264 
2942.000000	96.792254 
2941.000000	96.795530 
2940.000000	96.799514 
2939.000000	96.803296 
2938.000000	96.806348 
2937.000000	96.808801 
2936.000000	96.811295 
2935.000000	96.814801 
2934.000000	96.820457 
2933.000000	96.828739 
2932.000000	96.838113 
2931.000000	96.845001 
2930.000000	96.846168 
2929.000000	96.841567 
2928.000000	96.834688 
2927.000000	96.829955 
2926.000000	96.829763 
2925.000000	96.833432 
2924.000000	96.838327 
2923.000000	96.841992 
2922.000000	96.843801 
2921.000000	96.844654 
2920.000000	96.844864 
2919.000000	96.842855 
2918.000000	96.836734 
2917.000000	96.826880 
2916.000000	96.815933 
2915.000000	96.806118 
2914.000000	96.797431 
2913.000000	96.788882 
2912.000000	96.780538 
2911.000000	96.773686 
2910.000000	96.769454 
2909.000000	96.768002 
2908.000000	96.768776 
2907.000000	96.770430 
2906.000000	96.770217 
2905.000000	96.764366 
2904.000000	96.750778 
2903.000000	96.732554 
2902.000000	96.718434 
2901.000000	96.717120 
2900.000000	96.731413 
2899.000000	96.755458 
2898.000000	96.779082 
2897.000000	96.794981 
2896.000000	96.802221 
2895.000000	96.804232 
2894.000000	96.805140 
2893.000000	96.807425 
2892.000000	96.811379 
2891.000000	96.815687 
2890.000000	96.818893 
2889.000000	96.820722 
2888.000000	96.822016 
2887.000000	96.823714 
2886.000000	96.826528 
2885.000000	96.831481 
2884.000000	96.839865 
2883.000000	96.852271 
2882.000000	96.867975 
2881.000000	96.885382 
2880.000000	96.902770 
2879.000000	96.918957 
2878.000000	96.933823 
2877.000000	96.948105 
2876.000000	96.962097 
2875.000000	96.974900 
2874.000000	96.985699 
2873.000000	96.995264 
2872.000000	97.004761 
2871.000000	97.013216 
2870.000000	97.017974 
2869.000000	97.018520 
2868.000000	97.018621 
2867.000000	97.023578 
2866.000000	97.035840 
2865.000000	97.053918 
2864.000000	97.074630 
2863.000000	97.095619 
2862.000000	97.116133 
2861.000000	97.136268 
2860.000000	97.155663 
2859.000000	97.172990 
2858.000000	97.187154 
2857.000000	97.198887 
2856.000000	97.210097 
2855.000000	97.221563 
2854.000000	97.232646 
2853.000000	97.243300 
2852.000000	97.254616 
2851.000000	97.266733 
2850.000000	97.277697 
2849.000000	97.285416 
2848.000000	97.289869 
2847.000000	97.292714 
2846.000000	97.295682 
2845.000000	97.300000 
2844.000000	97.306270 
2843.000000	97.313867 
2842.000000	97.321141 
2841.000000	97.326995 
2840.000000	97.331553 
2839.000000	97.335010 
2838.000000	97.337238 
2837.000000	97.339360 
2836.000000	97.343906 
2835.000000	97.351686 
2834.000000	97.359765 
2833.000000	97.364432 
2832.000000	97.365497 
2831.000000	97.365926 
2830.000000	97.367915 
2829.000000	97.371161 
2828.000000	97.374657 
2827.000000	97.378044 
2826.000000	97.380975 
2825.000000	97.383032 
2824.000000	97.384812 
2823.000000	97.387754 
2822.000000	97.392288 
2821.000000	97.397230 
2820.000000	97.401366 
2819.000000	97.404526 
2818.000000	97.406876 
2817.000000	97.408307 
2816.000000	97.409051 
2815.000000	97.410009 
2814.000000	97.411961 
2813.000000	97.414936 
2812.000000	97.418523 
2811.000000	97.422222 
2810.000000	97.425416 
2809.000000	97.427688 
2808.000000	97.429302 
2807.000000	97.430771 
2806.000000	97.431923 
2805.000000	97.432014 
2804.000000	97.430861 
2803.000000	97.429351 
2802.000000	97.428697 
2801.000000	97.429481 
2800.000000	97.431337 
2799.000000	97.433205 
2798.000000	97.434122 
2797.000000	97.434201 
2796.000000	97.434664 
2795.000000	97.436492 
2794.000000	97.439288 
2793.000000	97.441853 
2792.000000	97.443575 
2791.000000	97.444691 
2790.000000	97.445435 
2789.000000	97.445740 
2788.000000	97.445763 
2787.000000	97.446057 
2786.000000	97.447005 
2785.000000	97.448506 
2784.000000	97.450315 
2783.000000	97.452250 
2782.000000	97.453970 
2781.000000	97.455056 
2780.000000	97.455629 
2779.000000	97.456530 
2778.000000	97.458451 
2777.000000	97.461131 
2776.000000	97.463598 
2775.000000	97.465193 
2774.000000	97.466118 
2773.000000	97.467035 
2772.000000	97.468336 
2771.000000	97.469829 
2770.000000	97.471058 
2769.000000	97.471803 
2768.000000	97.472268 
2767.000000	97.472852 
2766.000000	97.473737 
2765.000000	97.474729 
2764.000000	97.475538 
2763.000000	97.476215 
2762.000000	97.477192 
2761.000000	97.478813 
2760.000000	97.480911 
2759.000000	97.482926 
2758.000000	97.484518 
2757.000000	97.485906 
2756.000000	97.487512 
2755.000000	97.489338 
2754.000000	97.490886 
2753.000000	97.491761 
2752.000000	97.492189 
2751.000000	97.492782 
2750.000000	97.493797 
2749.000000	97.494868 
2748.000000	97.495550 
2747.000000	97.495931 
2746.000000	97.496534 
2745.000000	97.497664 
2744.000000	97.499058 
2743.000000	97.500273 
2742.000000	97.501213 
2741.000000	97.502078 
2740.000000	97.502887 
2739.000000	97.503385 
2738.000000	97.503513 
2737.000000	97.503690 
2736.000000	97.504360 
2735.000000	97.505420 
2734.000000	97.506334 
2733.000000	97.506823 
2732.000000	97.507150 
2731.000000	97.507697 
2730.000000	97.508538 
2729.000000	97.509543 
2728.000000	97.510633 
2727.000000	97.511779 
2726.000000	97.512877 
2725.000000	97.513812 
2724.000000	97.514594 
2723.000000	97.515300 
2722.000000	97.515925 
2721.000000	97.516397 
2720.000000	97.516713 
2719.000000	97.516974 
2718.000000	97.517310 
2717.000000	97.517812 
2716.000000	97.518507 
2715.000000	97.519325 
2714.000000	97.520062 
2713.000000	97.520501 
2712.000000	97.520674 
2711.000000	97.520962 
2710.000000	97.521752 
2709.000000	97.523035 
2708.000000	97.524373 
2707.000000	97.525361 
2706.000000	97.526000 
2705.000000	97.526555 
2704.000000	97.527183 
2703.000000	97.527818 
2702.000000	97.528392 
2701.000000	97.529001 
2700.000000	97.529763 
2699.000000	97.530568 
2698.000000	97.531110 
2697.000000	97.531221 
2696.000000	97.531188 
2695.000000	97.531629 
2694.000000	97.532894 
2693.000000	97.534475 
2692.000000	97.535200 
2691.000000	97.534305 
2690.000000	97.532378 
2689.000000	97.530967 
2688.000000	97.530938 
2687.000000	97.531618 
2686.000000	97.531866 
2685.000000	97.531728 
2684.000000	97.532292 
2683.000000	97.533990 
2682.000000	97.535838 
2681.000000	97.536738 
2680.000000	97.536867 
2679.000000	97.537272 
2678.000000	97.538507 
2677.000000	97.540278 
2676.000000	97.542140 
2675.000000	97.543816 
2674.000000	97.544797 
2673.000000	97.544360 
2672.000000	97.542337 
2671.000000	97.539662 
2670.000000	97.537802 
2669.000000	97.537505 
2668.000000	97.538130 
2667.000000	97.538285 
2666.000000	97.537139 
2665.000000	97.535000 
2664.000000	97.532575 
2663.000000	97.529919 
2662.000000	97.526589 
2661.000000	97.522856 
2660.000000	97.520081 
2659.000000	97.519405 
2658.000000	97.520374 
2657.000000	97.521208 
2656.000000	97.520426 
2655.000000	97.517917 
2654.000000	97.514621 
2653.000000	97.511656 
2652.000000	97.509776 
2651.000000	97.509202 
2650.000000	97.509534 
2649.000000	97.509879 
2648.000000	97.509420 
2647.000000	97.508062 
2646.000000	97.506506 
2645.000000	97.505624 
2644.000000	97.505714 
2643.000000	97.506248 
2642.000000	97.506290 
2641.000000	97.505178 
2640.000000	97.503005 
2639.000000	97.500661 
2638.000000	97.499303 
2637.000000	97.499449 
2636.000000	97.500526 
2635.000000	97.501414 
2634.000000	97.501565 
2633.000000	97.501362 
2632.000000	97.501332 
2631.000000	97.501432 
2630.000000	97.501309 
2629.000000	97.500927 
2628.000000	97.500596 
2627.000000	97.500496 
2626.000000	97.500484 
2625.000000	97.500399 
2624.000000	97.500312 
2623.000000	97.500408 
2622.000000	97.500754 
2621.000000	97.501218 
2620.000000	97.501564 
2619.000000	97.501640 
2618.000000	97.501507 
2617.000000	97.501386 
2616.000000	97.501445 
2615.000000	97.501670 
2614.000000	97.501979 
2613.000000	97.502344 
2612.000000	97.502754 
2611.000000	97.503164 
2610.000000	97.503536 
2609.000000	97.503882 
2608.000000	97.504238 
2607.000000	97.504626 
2606.000000	97.505065 
2605.000000	97.505557 
2604.000000	97.506076 
2603.000000	97.506600 
2602.000000	97.507129 
2601.000000	97.507666 
2600.000000	97.508213 
2599.000000	97.508776 
2598.000000	97.509357 
2597.000000	97.509956 
2596.000000	97.510569 
2595.000000	97.511189 
2594.000000	97.511813 
2593.000000	97.512440 
2592.000000	97.513076 
2591.000000	97.513726 
2590.000000	97.514392 
2589.000000	97.515077 
2588.000000	97.515782 
2587.000000	97.516508 
2586.000000	97.517246 
2585.000000	97.517983 
2584.000000	97.518712 
2583.000000	97.519439 
2582.000000	97.520177 
2581.000000	97.520941 
2580.000000	97.521741 
2579.000000	97.522577 
2578.000000	97.523437 
2577.000000	97.524311 
2576.000000	97.525188 
2575.000000	97.526065 
2574.000000	97.526941 
2573.000000	97.527817 
2572.000000	97.528694 
2571.000000	97.529569 
2570.000000	97.530440 
2569.000000	97.531307 
2568.000000	97.532173 
2567.000000	97.533037 
2566.000000	97.533885 
2565.000000	97.534700 
2564.000000	97.535476 
2563.000000	97.536215 
2562.000000	97.536928 
2561.000000	97.537628 
2560.000000	97.538325 
2559.000000	97.539023 
2558.000000	97.539721 
2557.000000	97.540411 
2556.000000	97.541091 
2555.000000	97.541764 
2554.000000	97.542432 
2553.000000	97.543094 
2552.000000	97.543749 
2551.000000	97.544394 
2550.000000	97.545021 
2549.000000	97.545623 
2548.000000	97.546200 
2547.000000	97.546756 
2546.000000	97.547293 
2545.000000	97.547808 
2544.000000	97.548300 
2543.000000	97.548774 
2542.000000	97.549232 
2541.000000	97.549671 
2540.000000	97.550084 
2539.000000	97.550459 
2538.000000	97.550788 
2537.000000	97.551075 
2536.000000	97.551331 
2535.000000	97.551575 
2534.000000	97.551818 
2533.000000	97.552060 
2532.000000	97.552293 
2531.000000	97.552507 
2530.000000	97.552695 
2529.000000	97.552858 
2528.000000	97.553009 
2527.000000	97.553164 
2526.000000	97.553335 
2525.000000	97.553524 
2524.000000	97.553730 
2523.000000	97.553957 
2522.000000	97.554212 
2521.000000	97.554499 
2520.000000	97.554815 
2519.000000	97.555156 
2518.000000	97.555511 
2517.000000	97.555866 
2516.000000	97.556217 
2515.000000	97.556566 
2514.000000	97.556916 
2513.000000	97.557267 
2512.000000	97.557607 
2511.000000	97.557927 
2510.000000	97.558221 
2509.000000	97.558497 
2508.000000	97.558769 
2507.000000	97.559047 
2506.000000	97.559330 
2505.000000	97.559607 
2504.000000	97.559868 
2503.000000	97.560113 
2502.000000	97.560347 
2501.000000	97.560584 
2500.000000	97.560834 
2499.000000	97.561109 
2498.000000	97.561414 
2497.000000	97.561743 
2496.000000	97.562088 
2495.000000	97.562437 
2494.000000	97.562779 
2493.000000	97.563105 
2492.000000	97.563413 
2491.000000	97.563707 
2490.000000	97.563995 
2489.000000	97.564278 
2488.000000	97.564559 
2487.000000	97.564834 
2486.000000	97.565098 
2485.000000	97.565344 
2484.000000	97.565560 
2483.000000	97.565740 
2482.000000	97.565883 
2481.000000	97.565993 
2480.000000	97.566081 
2479.000000	97.566152 
2478.000000	97.566205 
2477.000000	97.566229 
2476.000000	97.566214 
2475.000000	97.566160 
2474.000000	97.566074 
2473.000000	97.565965 
2472.000000	97.565841 
2471.000000	97.565707 
2470.000000	97.565569 
2469.000000	97.565430 
2468.000000	97.565294 
2467.000000	97.565161 
2466.000000	97.565026 
2465.000000	97.564886 
2464.000000	97.564740 
2463.000000	97.564599 
2462.000000	97.564474 
2461.000000	97.564370 
2460.000000	97.564285 
2459.000000	97.564212 
2458.000000	97.564143 
2457.000000	97.564072 
2456.000000	97.563997 
2455.000000	97.563922 
2454.000000	97.563853 
2453.000000	97.563790 
2452.000000	97.563724 
2451.000000	97.563656 
2450.000000	97.563615 
2449.000000	97.563629 
2448.000000	97.563691 
2447.000000	97.563764 
2446.000000	97.563814 
2445.000000	97.563828 
2444.000000	97.563851 
2443.000000	97.564004 
2442.000000	97.564360 
2441.000000	97.564743 
2440.000000	97.564792 
2439.000000	97.564341 
2438.000000	97.563659 
2437.000000	97.563136 
2436.000000	97.562918 
2435.000000	97.562884 
2434.000000	97.562860 
2433.000000	97.562844 
2432.000000	97.563084 
2431.000000	97.563893 
2430.000000	97.565189 
2429.000000	97.566364 
2428.000000	97.566921 
2427.000000	97.567040 
2426.000000	97.567200 
2425.000000	97.567536 
2424.000000	97.567866 
2423.000000	97.568058 
2422.000000	97.568093 
2421.000000	97.568086 
2420.000000	97.568563 
2419.000000	97.570251 
2418.000000	97.573141 
2417.000000	97.576175 
2416.000000	97.578308 
2415.000000	97.579548 
2414.000000	97.580471 
2413.000000	97.581248 
2412.000000	97.581756 
2411.000000	97.582177 
2410.000000	97.582789 
2409.000000	97.583431 
2408.000000	97.583675 
2407.000000	97.583392 
2406.000000	97.582749 
2405.000000	97.581773 
2404.000000	97.580412 
2403.000000	97.578917 
2402.000000	97.577767 
2401.000000	97.577258 
2400.000000	97.577504 
2399.000000	97.578658 
2398.000000	97.580687 
2397.000000	97.582974 
2396.000000	97.584586 
2395.000000	97.585146 
2394.000000	97.585135 
2393.000000	97.585288 
2392.000000	97.585940 
2391.000000	97.586994 
2390.000000	97.588147 
2389.000000	97.589020 
2388.000000	97.589429 
2387.000000	97.589775 
2386.000000	97.590912 
2385.000000	97.593249 
2384.000000	97.596015 
2383.000000	97.597734 
2382.000000	97.597613 
2381.000000	97.596093 
2380.000000	97.594256 
2379.000000	97.592846 
2378.000000	97.591916 
2377.000000	97.591247 
2376.000000	97.590805 
2375.000000	97.590807 
2374.000000	97.591460 
2373.000000	97.592615 
2372.000000	97.593665 
2371.000000	97.593874 
2370.000000	97.592981 
2369.000000	97.591421 
2368.000000	97.590012 
2367.000000	97.589228 
2366.000000	97.588886 
2365.000000	97.588533 
2364.000000	97.587963 
2363.000000	97.587213 
2362.000000	97.586370 
2361.000000	97.585550 
2360.000000	97.584853 
2359.000000	97.584381 
2358.000000	97.583994 
2357.000000	97.583410 
2356.000000	97.582561 
2355.000000	97.581500 
2354.000000	97.580068 
2353.000000	97.578201 
2352.000000	97.576432 
2351.000000	97.575292 
2350.000000	97.574569 
2349.000000	97.573745 
2348.000000	97.572630 
2347.000000	97.571246 
2346.000000	97.569585 
2345.000000	97.567862 
2344.000000	97.566665 
2343.000000	97.566089 
2342.000000	97.565517 
2341.000000	97.564329 
2340.000000	97.562462 
2339.000000	97.560378 
2338.000000	97.558431 
2337.000000	97.556688 
2336.000000	97.555180 
2335.000000	97.553885 
2334.000000	97.552524 
2333.000000	97.551052 
2332.000000	97.550150 
2331.000000	97.550437 
2330.000000	97.551179 
2329.000000	97.551015 
2328.000000	97.549151 
2327.000000	97.545450 
2326.000000	97.540008 
2325.000000	97.533527 
2324.000000	97.527997 
2323.000000	97.524886 
2322.000000	97.523987 
2321.000000	97.524190 
2320.000000	97.525511 
2319.000000	97.528151 
2318.000000	97.530814 
2317.000000	97.531809 
2316.000000	97.531068 
2315.000000	97.529725 
2314.000000	97.527813 
2313.000000	97.524643 
2312.000000	97.520509 
2311.000000	97.516709 
2310.000000	97.513425 
2309.000000	97.510172 
2308.000000	97.507325 
2307.000000	97.505997 
2306.000000	97.506008 
2305.000000	97.506153 
2304.000000	97.505937 
2303.000000	97.505783 
2302.000000	97.505367 
2301.000000	97.503606 
2300.000000	97.500165 
2299.000000	97.495910 
2298.000000	97.491837 
2297.000000	97.488652 
2296.000000	97.486832 
2295.000000	97.485709 
2294.000000	97.483144 
2293.000000	97.477829 
2292.000000	97.471598 
2291.000000	97.467308 
2290.000000	97.464864 
2289.000000	97.461400 
2288.000000	97.455416 
2287.000000	97.448650 
2286.000000	97.443842 
2285.000000	97.442651 
2284.000000	97.445469 
2283.000000	97.451178 
2282.000000	97.457151 
2281.000000	97.461711 
2280.000000	97.466188 
2279.000000	97.472138 
2278.000000	97.477225 
2277.000000	97.477175 
2276.000000	97.471686 
2275.000000	97.465400 
2274.000000	97.462418 
2273.000000	97.462409 
2272.000000	97.463215 
2271.000000	97.464378 
2270.000000	97.466712 
2269.000000	97.470173 
2268.000000	97.473677 
2267.000000	97.476032 
2266.000000	97.476544 
2265.000000	97.475712 
2264.000000	97.475353 
2263.000000	97.476661 
2262.000000	97.478247 
2261.000000	97.477611 
2260.000000	97.474316 
2259.000000	97.470284 
2258.000000	97.467277 
2257.000000	97.465592 
2256.000000	97.465134 
2255.000000	97.465899 
2254.000000	97.467305 
2253.000000	97.468456 
2252.000000	97.469217 
2251.000000	97.470080 
2250.000000	97.471137 
2249.000000	97.472060 
2248.000000	97.472781 
2247.000000	97.473270 
2246.000000	97.473191 
2245.000000	97.472428 
2244.000000	97.471451 
2243.000000	97.470793 
2242.000000	97.470504 
2241.000000	97.470333 
2240.000000	97.470147 
2239.000000	97.470051 
2238.000000	97.470104 
2237.000000	97.470071 
2236.000000	97.469653 
2235.000000	97.468865 
2234.000000	97.468078 
2233.000000	97.467633 
2232.000000	97.467534 
2231.000000	97.467575 
2230.000000	97.467483 
2229.000000	97.467087 
2228.000000	97.466444 
2227.000000	97.465789 
2226.000000	97.465208 
2225.000000	97.464538 
2224.000000	97.463815 
2223.000000	97.463481 
2222.000000	97.463728 
2221.000000	97.463938 
2220.000000	97.463282 
2219.000000	97.461760 
2218.000000	97.460269 
2217.000000	97.459672 
2216.000000	97.460001 
2215.000000	97.460495 
2214.000000	97.460156 
2213.000000	97.458451 
2212.000000	97.455768 
2211.000000	97.453235 
2210.000000	97.451786 
2209.000000	97.451547 
2208.000000	97.452117 
2207.000000	97.453053 
2206.000000	97.454129 
2205.000000	97.455547 
2204.000000	97.457883 
2203.000000	97.461027 
2202.000000	97.463116 
2201.000000	97.461903 
2200.000000	97.457160 
2199.000000	97.450792 
2198.000000	97.444209 
2197.000000	97.437664 
2196.000000	97.432618 
2195.000000	97.431705 
2194.000000	97.435335 
2193.000000	97.439916 
2192.000000	97.440743 
2191.000000	97.435972 
2190.000000	97.427438 
2189.000000	97.419105 
2188.000000	97.414750 
2187.000000	97.415709 
2186.000000	97.420416 
2185.000000	97.426752 
2184.000000	97.434306 
2183.000000	97.442865 
2182.000000	97.449904 
2181.000000	97.452363 
2180.000000	97.450347 
2179.000000	97.446207 
2178.000000	97.440863 
2177.000000	97.434468 
2176.000000	97.429864 
2175.000000	97.430967 
2174.000000	97.437559 
2173.000000	97.445504 
2172.000000	97.452417 
2171.000000	97.458946 
2170.000000	97.464078 
2169.000000	97.464054 
2168.000000	97.457506 
2167.000000	97.447553 
2166.000000	97.437053 
2165.000000	97.425687 
2164.000000	97.413835 
2163.000000	97.405730 
2162.000000	97.406618 
2161.000000	97.419865 
2160.000000	97.447034 
2159.000000	97.485121 
2158.000000	97.522040 
2157.000000	97.543378 
2156.000000	97.546527 
2155.000000	97.541897 
2154.000000	97.540189 
2153.000000	97.542293 
2152.000000	97.543579 
2151.000000	97.542187 
2150.000000	97.539181 
2149.000000	97.535047 
2148.000000	97.530786 
2147.000000	97.530150 
2146.000000	97.536735 
2145.000000	97.549807 
2144.000000	97.565291 
2143.000000	97.579376 
2142.000000	97.589000 
2141.000000	97.591168 
2140.000000	97.585134 
2139.000000	97.574528 
2138.000000	97.565121 
2137.000000	97.560563 
2136.000000	97.561154 
2135.000000	97.565388 
2134.000000	97.571163 
2133.000000	97.576570 
2132.000000	97.581144 
2131.000000	97.585809 
2130.000000	97.590718 
2129.000000	97.593803 
2128.000000	97.592182 
2127.000000	97.584588 
2126.000000	97.572514 
2125.000000	97.559736 
2124.000000	97.550094 
2123.000000	97.544549 
2122.000000	97.540672 
2121.000000	97.535883 
2120.000000	97.530507 
2119.000000	97.526264 
2118.000000	97.522746 
2117.000000	97.517814 
2116.000000	97.511365 
2115.000000	97.506196 
2114.000000	97.504815 
2113.000000	97.507327 
2112.000000	97.512980 
2111.000000	97.520632 
2110.000000	97.526833 
2109.000000	97.527397 
2108.000000	97.522146 
2107.000000	97.515700 
2106.000000	97.512480 
2105.000000	97.512689 
2104.000000	97.513776 
2103.000000	97.513652 
2102.000000	97.511694 
2101.000000	97.508577 
2100.000000	97.506148 
2099.000000	97.506194 
2098.000000	97.508912 
2097.000000	97.513496 
2096.000000	97.519585 
2095.000000	97.526352 
2094.000000	97.530989 
2093.000000	97.530746 
2092.000000	97.526241 
2091.000000	97.520775 
2090.000000	97.516523 
2089.000000	97.513023 
2088.000000	97.509228 
2087.000000	97.505050 
2086.000000	97.500930 
2085.000000	97.497523 
2084.000000	97.495977 
2083.000000	97.497130 
2082.000000	97.500213 
2081.000000	97.503105 
2080.000000	97.504241 
2079.000000	97.503624 
2078.000000	97.501988 
2077.000000	97.500127 
2076.000000	97.498877 
2075.000000	97.498716 
2074.000000	97.499159 
2073.000000	97.499138 
2072.000000	97.498196 
2071.000000	97.497011 
2070.000000	97.496589 
2069.000000	97.497229 
2068.000000	97.498463 
2067.000000	97.499569 
2066.000000	97.500034 
2065.000000	97.500067 
2064.000000	97.500741 
2063.000000	97.502892 
2062.000000	97.505714 
2061.000000	97.507170 
2060.000000	97.506159 
2059.000000	97.503570 
2058.000000	97.501294 
2057.000000	97.500730 
2056.000000	97.502319 
2055.000000	97.505287 
2054.000000	97.507474 
2053.000000	97.506756 
2052.000000	97.503152 
2051.000000	97.498863 
2050.000000	97.495978 
2049.000000	97.495189 
2048.000000	97.496994 
2047.000000	97.502013 
2046.000000	97.508995 
2045.000000	97.514705 
2044.000000	97.517383 
2043.000000	97.518225 
2042.000000	97.518337 
2041.000000	97.516922 
2040.000000	97.514107 
2039.000000	97.512672 
2038.000000	97.514980 
2037.000000	97.520710 
2036.000000	97.528823 
2035.000000	97.538734 
2034.000000	97.548032 
2033.000000	97.552815 
2032.000000	97.552359 
2031.000000	97.549736 
2030.000000	97.546489 
2029.000000	97.541155 
2028.000000	97.534216 
2027.000000	97.528883 
2026.000000	97.525075 
2025.000000	97.518288 
2024.000000	97.507374 
2023.000000	97.498440 
2022.000000	97.497514 
2021.000000	97.503405 
2020.000000	97.510700 
2019.000000	97.516616 
2018.000000	97.521102 
2017.000000	97.523617 
2016.000000	97.524161 
2015.000000	97.524937 
2014.000000	97.527781 
2013.000000	97.531780 
2012.000000	97.534974 
2011.000000	97.536237 
2010.000000	97.534682 
2009.000000	97.530153 
2008.000000	97.524861 
2007.000000	97.520699 
2006.000000	97.514981 
2005.000000	97.503575 
2004.000000	97.488083 
2003.000000	97.475156 
2002.000000	97.468676 
2001.000000	97.467557 
2000.000000	97.470657 
1999.000000	97.477913 
1998.000000	97.485892 
1997.000000	97.488396 
1996.000000	97.483680 
1995.000000	97.476437 
1994.000000	97.470787 
1993.000000	97.465519 
1992.000000	97.458902 
1991.000000	97.453882 
1990.000000	97.454237 
1989.000000	97.458955 
1988.000000	97.463764 
1987.000000	97.466206 
1986.000000	97.466899 
1985.000000	97.467184 
1984.000000	97.467160 
1983.000000	97.464955 
1982.000000	97.457748 
1981.000000	97.446001 
1980.000000	97.436542 
1979.000000	97.437275 
1978.000000	97.448681 
1977.000000	97.463549 
1976.000000	97.475744 
1975.000000	97.485747 
1974.000000	97.495559 
1973.000000	97.503986 
1972.000000	97.509174 
1971.000000	97.511237 
1970.000000	97.510143 
1969.000000	97.504770 
1968.000000	97.496405 
1967.000000	97.490121 
1966.000000	97.489626 
1965.000000	97.492939 
1964.000000	97.495142 
1963.000000	97.493531 
1962.000000	97.489219 
1961.000000	97.485637 
1960.000000	97.485883 
1959.000000	97.490048 
1958.000000	97.494800 
1957.000000	97.496912 
1956.000000	97.496924 
1955.000000	97.497453 
1954.000000	97.498593 
1953.000000	97.497665 
1952.000000	97.493652 
1951.000000	97.489058 
1950.000000	97.486644 
1949.000000	97.486692 
1948.000000	97.488352 
1947.000000	97.491049 
1946.000000	97.493753 
1945.000000	97.495115 
1944.000000	97.495140 
1943.000000	97.495032 
1942.000000	97.494812 
1941.000000	97.493186 
1940.000000	97.490263 
1939.000000	97.488051 
1938.000000	97.487911 
1937.000000	97.489251 
1936.000000	97.490780 
1935.000000	97.491697 
1934.000000	97.491532 
1933.000000	97.489846 
1932.000000	97.487003 
1931.000000	97.484328 
1930.000000	97.482606 
1929.000000	97.481404 
1928.000000	97.480302 
1927.000000	97.479675 
1926.000000	97.479825 
1925.000000	97.480291 
1924.000000	97.480720 
1923.000000	97.481726 
1922.000000	97.483592 
1921.000000	97.485181 
1920.000000	97.485286 
1919.000000	97.483863 
1918.000000	97.481321 
1917.000000	97.477899 
1916.000000	97.474487 
1915.000000	97.472262 
1914.000000	97.471156 
1913.000000	97.470018 
1912.000000	97.468517 
1911.000000	97.467695 
1910.000000	97.467854 
1909.000000	97.467433 
1908.000000	97.465126 
1907.000000	97.461597 
1906.000000	97.458459 
1905.000000	97.456383 
1904.000000	97.455164 
1903.000000	97.454491 
1902.000000	97.453596 
1901.000000	97.451597 
1900.000000	97.448923 
1899.000000	97.447200 
1898.000000	97.447157 
1897.000000	97.447565 
1896.000000	97.446954 
1895.000000	97.445468 
1894.000000	97.443849 
1893.000000	97.442002 
1892.000000	97.439686 
1891.000000	97.437471 
1890.000000	97.436169 
1889.000000	97.435965 
1888.000000	97.436762 
1887.000000	97.438253 
1886.000000	97.439199 
1885.000000	97.437979 
1884.000000	97.434545 
1883.000000	97.431045 
1882.000000	97.429372 
1881.000000	97.429417 
1880.000000	97.430298 
1879.000000	97.431701 
1878.000000	97.433300 
1877.000000	97.434196 
1876.000000	97.434205 
1875.000000	97.434645 
1874.000000	97.436380 
1873.000000	97.438183 
1872.000000	97.438601 
1871.000000	97.437993 
1870.000000	97.437134 
1869.000000	97.435640 
1868.000000	97.434297 
1867.000000	97.435735 
1866.000000	97.440246 
1865.000000	97.444823 
1864.000000	97.447305 
1863.000000	97.449107 
1862.000000	97.452126 
1861.000000	97.455181 
1860.000000	97.456354 
1859.000000	97.456802 
1858.000000	97.458707 
1857.000000	97.461343 
1856.000000	97.462468 
1855.000000	97.461973 
1854.000000	97.461462 
1853.000000	97.461791 
1852.000000	97.463253 
1851.000000	97.466435 
1850.000000	97.471421 
1849.000000	97.477245 
1848.000000	97.482812 
1847.000000	97.487762 
1846.000000	97.491352 
1845.000000	97.492195 
1844.000000	97.490948 
1843.000000	97.490772 
1842.000000	97.492619 
1841.000000	97.494611 
1840.000000	97.495250 
1839.000000	97.494749 
1838.000000	97.494159 
1837.000000	97.493631 
1836.000000	97.493060 
1835.000000	97.493260 
1834.000000	97.494812 
1833.000000	97.496842 
1832.000000	97.497493 
1831.000000	97.495665 
1830.000000	97.492589 
1829.000000	97.490627 
1828.000000	97.490406 
1827.000000	97.491301 
1826.000000	97.492799 
1825.000000	97.494335 
1824.000000	97.495394 
1823.000000	97.496067 
1822.000000	97.496516 
1821.000000	97.496488 
1820.000000	97.496053 
1819.000000	97.496287 
1818.000000	97.497841 
1817.000000	97.499372 
1816.000000	97.499363 
1815.000000	97.498300 
1814.000000	97.497469 
1813.000000	97.497038 
1812.000000	97.496483 
1811.000000	97.496187 
1810.000000	97.496637 
1809.000000	97.496931 
1808.000000	97.496326 
1807.000000	97.495574 
1806.000000	97.495551 
1805.000000	97.496034 
1804.000000	97.496515 
1803.000000	97.497100 
1802.000000	97.497955 
1801.000000	97.498714 
1800.000000	97.499028 
1799.000000	97.499184 
1798.000000	97.499577 
1797.000000	97.500188 
1796.000000	97.500930 
1795.000000	97.501916 
1794.000000	97.503209 
1793.000000	97.504513 
1792.000000	97.505459 
1791.000000	97.506240 
1790.000000	97.507262 
1789.000000	97.508363 
1788.000000	97.509198 
1787.000000	97.509967 
1786.000000	97.511191 
1785.000000	97.512766 
1784.000000	97.514039 
1783.000000	97.514787 
1782.000000	97.515381 
1781.000000	97.516322 
1780.000000	97.517836 
1779.000000	97.519902 
1778.000000	97.522266 
1777.000000	97.524423 
1776.000000	97.525973 
1775.000000	97.526855 
1774.000000	97.527466 
1773.000000	97.528517 
1772.000000	97.530094 
1771.000000	97.531811 
1770.000000	97.534161 
1769.000000	97.537749 
1768.000000	97.541759 
1767.000000	97.544654 
1766.000000	97.545991 
1765.000000	97.546388 
1764.000000	97.546314 
1763.000000	97.546060 
1762.000000	97.546738 
1761.000000	97.549287 
1760.000000	97.552715 
1759.000000	97.555729 
1758.000000	97.558362 
1757.000000	97.561369 
1756.000000	97.564544 
1755.000000	97.566914 
1754.000000	97.569235 
1753.000000	97.573324 
1752.000000	97.578488 
1751.000000	97.580986 
1750.000000	97.579588 
1749.000000	97.577468 
1748.000000	97.577101 
1747.000000	97.577347 
1746.000000	97.577040 
1745.000000	97.577249 
1744.000000	97.578534 
1743.000000	97.579774 
1742.000000	97.580528 
1741.000000	97.581487 
1740.000000	97.582648 
1739.000000	97.583278 
1738.000000	97.583237 
1737.000000	97.582886 
1736.000000	97.582530 
1735.000000	97.582366 
1734.000000	97.582329 
1733.000000	97.581969 
1732.000000	97.581120 
1731.000000	97.580252 
1730.000000	97.580034 
1729.000000	97.580615 
1728.000000	97.581345 
1727.000000	97.581384 
1726.000000	97.580642 
1725.000000	97.579665 
1724.000000	97.578751 
1723.000000	97.577968 
1722.000000	97.577373 
1721.000000	97.576779 
1720.000000	97.575963 
1719.000000	97.575050 
1718.000000	97.574306 
1717.000000	97.573081 
1716.000000	97.571078 
1715.000000	97.569204 
1714.000000	97.567908 
1713.000000	97.566767 
1712.000000	97.565426 
1711.000000	97.563968 
1710.000000	97.562537 
1709.000000	97.561017 
1708.000000	97.559247 
1707.000000	97.557319 
1706.000000	97.555418 
1705.000000	97.553486 
1704.000000	97.551413 
1703.000000	97.549351 
1702.000000	97.547505 
1701.000000	97.545854 
1700.000000	97.544007 
1699.000000	97.541991 
1698.000000	97.540126 
1697.000000	97.538251 
1696.000000	97.536120 
1695.000000	97.533800 
1694.000000	97.531371 
1693.000000	97.528700 
1692.000000	97.525856 
1691.000000	97.523137 
1690.000000	97.520701 
1689.000000	97.518311 
1688.000000	97.515654 
1687.000000	97.512708 
1686.000000	97.509568 
1685.000000	97.505991 
1684.000000	97.502391 
1683.000000	97.499669 
1682.000000	97.496473 
1681.000000	97.492993 
1680.000000	97.490687 
1679.000000	97.489419 
1678.000000	97.487509 
1677.000000	97.484791 
1676.000000	97.483430 
1675.000000	97.483760 
1674.000000	97.482948 
1673.000000	97.479787 
1672.000000	97.475151 
1671.000000	97.469687 
1670.000000	97.462805 
1669.000000	97.456400 
1668.000000	97.453986 
1667.000000	97.453908 
1666.000000	97.452679 
1665.000000	97.449198 
1664.000000	97.445159 
1663.000000	97.443048 
1662.000000	97.441257 
1661.000000	97.437644 
1660.000000	97.434593 
1659.000000	97.432782 
1658.000000	97.429079 
1657.000000	97.422310 
1656.000000	97.415139 
1655.000000	97.407225 
1654.000000	97.395276 
1653.000000	97.384974 
1652.000000	97.383294 
1651.000000	97.383020 
1650.000000	97.382135 
1649.000000	97.381347 
1648.000000	97.380908 
1647.000000	97.380109 
1646.000000	97.379396 
1645.000000	97.377762 
1644.000000	97.375872 
1643.000000	97.376156 
1642.000000	97.377909 
1641.000000	97.378798 
1640.000000	97.378705 
1639.000000	97.378096 
1638.000000	97.376627 
1637.000000	97.374587 
1636.000000	97.375480 
1635.000000	97.378211 
1634.000000	97.377721 
1633.000000	97.375734 
1632.000000	97.377434 
1631.000000	97.383280 
1630.000000	97.387980 
1629.000000	97.387573 
1628.000000	97.385137 
1627.000000	97.384502 
1626.000000	97.384356 
1625.000000	97.384388 
1624.000000	97.389056 
1623.000000	97.400175 
1622.000000	97.411095 
1621.000000	97.417225 
1620.000000	97.421595 
1619.000000	97.426582 
1618.000000	97.430035 
1617.000000	97.431192 
1616.000000	97.435071 
1615.000000	97.441011 
1614.000000	97.444027 
1613.000000	97.445962 
1612.000000	97.452209 
1611.000000	97.462640 
1610.000000	97.470388 
1609.000000	97.472908 
1608.000000	97.475346 
1607.000000	97.480282 
1606.000000	97.484309 
1605.000000	97.486508 
1604.000000	97.490258 
1603.000000	97.496082 
1602.000000	97.500958 
1601.000000	97.504337 
1600.000000	97.508611 
1599.000000	97.513534 
1598.000000	97.516248 
1597.000000	97.516655 
1596.000000	97.517997 
1595.000000	97.521867 
1594.000000	97.526129 
1593.000000	97.529246 
1592.000000	97.532525 
1591.000000	97.536619 
1590.000000	97.539788 
1589.000000	97.541605 
1588.000000	97.544458 
1587.000000	97.549354 
1586.000000	97.553869 
1585.000000	97.556584 
1584.000000	97.559865 
1583.000000	97.564856 
1582.000000	97.568706 
1581.000000	97.570070 
1580.000000	97.571321 
1579.000000	97.573161 
1578.000000	97.573116 
1577.000000	97.571679 
1576.000000	97.574290 
1575.000000	97.579813 
1574.000000	97.580792 
1573.000000	97.577225 
1572.000000	97.573889 
1571.000000	97.573451 
1570.000000	97.574589 
1569.000000	97.577163 
1568.000000	97.582357 
1567.000000	97.586550 
1566.000000	97.586431 
1565.000000	97.583883 
1564.000000	97.582794 
1563.000000	97.582615 
1562.000000	97.580358 
1561.000000	97.578984 
1560.000000	97.586316 
1559.000000	97.596587 
1558.000000	97.592757 
1557.000000	97.578599 
1556.000000	97.567731 
1555.000000	97.563185 
1554.000000	97.560633 
1553.000000	97.557565 
1552.000000	97.554638 
1551.000000	97.553059 
1550.000000	97.552798 
1549.000000	97.552235 
1548.000000	97.550188 
1547.000000	97.546503 
1546.000000	97.540605 
1545.000000	97.531800 
1544.000000	97.522213 
1543.000000	97.515670 
1542.000000	97.513195 
1541.000000	97.510429 
1540.000000	97.506718 
1539.000000	97.504361 
1538.000000	97.497036 
1537.000000	97.483151 
1536.000000	97.467588 
1535.000000	97.454969 
1534.000000	97.445381 
1533.000000	97.436016 
1532.000000	97.425845 
1531.000000	97.417493 
1530.000000	97.411408 
1529.000000	97.403615 
1528.000000	97.392236 
1527.000000	97.380770 
1526.000000	97.372257 
1525.000000	97.364052 
1524.000000	97.353453 
1523.000000	97.342238 
1522.000000	97.332275 
1521.000000	97.321012 
1520.000000	97.306248 
1519.000000	97.290818 
1518.000000	97.278434 
1517.000000	97.269202 
1516.000000	97.260801 
1515.000000	97.252036 
1514.000000	97.243805 
1513.000000	97.235493 
1512.000000	97.223345 
1511.000000	97.207253 
1510.000000	97.191736 
1509.000000	97.178725 
1508.000000	97.165187 
1507.000000	97.152566 
1506.000000	97.144026 
1505.000000	97.131827 
1504.000000	97.114849 
1503.000000	97.097372 
1502.000000	97.081076 
1501.000000	97.064968 
1500.000000	97.047414 
1499.000000	97.029643 
1498.000000	97.016262 
1497.000000	97.008096 
1496.000000	96.999800 
1495.000000	96.989186 
1494.000000	96.978990 
1493.000000	96.969803 
1492.000000	96.958989 
1491.000000	96.944726 
1490.000000	96.928739 
1489.000000	96.912066 
1488.000000	96.893738 
1487.000000	96.876707 
1486.000000	96.862873 
1485.000000	96.849850 
1484.000000	96.836592 
1483.000000	96.823867 
1482.000000	96.812208 
1481.000000	96.800152 
1480.000000	96.786908 
1479.000000	96.775148 
1478.000000	96.766922 
1477.000000	96.759315 
1476.000000	96.748503 
1475.000000	96.737256 
1474.000000	96.727982 
1473.000000	96.717024 
1472.000000	96.701005 
1471.000000	96.684982 
1470.000000	96.673720 
1469.000000	96.664583 
1468.000000	96.652796 
1467.000000	96.638990 
1466.000000	96.626962 
1465.000000	96.616760 
1464.000000	96.605912 
1463.000000	96.593953 
1462.000000	96.583288 
1461.000000	96.573535 
1460.000000	96.561663 
1459.000000	96.545465 
1458.000000	96.529342 
1457.000000	96.520127 
1456.000000	96.511260 
1455.000000	96.495114 
1454.000000	96.477976 
1453.000000	96.465574 
1452.000000	96.456697 
1451.000000	96.449105 
1450.000000	96.445363 
1449.000000	96.446764 
1448.000000	96.447173 
1447.000000	96.441934 
1446.000000	96.433927 
1445.000000	96.428180 
1444.000000	96.424855 
1443.000000	96.420219 
1442.000000	96.414271 
1441.000000	96.410192 
1440.000000	96.406850 
1439.000000	96.399426 
1438.000000	96.390468 
1437.000000	96.387846 
1436.000000	96.390928 
1435.000000	96.391736 
1434.000000	96.390023 
1433.000000	96.388446 
1432.000000	96.386409 
1431.000000	96.381497 
1430.000000	96.377091 
1429.000000	96.378831 
1428.000000	96.383958 
1427.000000	96.385854 
1426.000000	96.383177 
1425.000000	96.382144 
1424.000000	96.385333 
1423.000000	96.386062 
1422.000000	96.382030 
1421.000000	96.379117 
1420.000000	96.380024 
1419.000000	96.378954 
1418.000000	96.376033 
1417.000000	96.375203 
1416.000000	96.373021 
1415.000000	96.365104 
1414.000000	96.352746 
1413.000000	96.341911 
1412.000000	96.335411 
1411.000000	96.331167 
1410.000000	96.329722 
1409.000000	96.333679 
1408.000000	96.341525 
1407.000000	96.350618 
1406.000000	96.362006 
1405.000000	96.380345 
1404.000000	96.405188 
1403.000000	96.429525 
1402.000000	96.450992 
1401.000000	96.473278 
1400.000000	96.498017 
1399.000000	96.519131 
1398.000000	96.528947 
1397.000000	96.525132 
1396.000000	96.511256 
1395.000000	96.498005 
1394.000000	96.500868 
1393.000000	96.528371 
1392.000000	96.572085 
1391.000000	96.615358 
1390.000000	96.647717 
1389.000000	96.668859 
1388.000000	96.683063 
1387.000000	96.693495 
1386.000000	96.701783 
1385.000000	96.710309 
1384.000000	96.721203 
1383.000000	96.734165 
1382.000000	96.748184 
1381.000000	96.763370 
1380.000000	96.780757 
1379.000000	96.800118 
1378.000000	96.819674 
1377.000000	96.838758 
1376.000000	96.858675 
1375.000000	96.880468 
1374.000000	96.903645 
1373.000000	96.927539 
1372.000000	96.951091 
1371.000000	96.972595 
1370.000000	96.990575 
1369.000000	97.007340 
1368.000000	97.026728 
1367.000000	97.048497 
1366.000000	97.069284 
1365.000000	97.087416 
1364.000000	97.104334 
1363.000000	97.122232 
1362.000000	97.141198 
1361.000000	97.159691 
1360.000000	97.176958 
1359.000000	97.193168 
1358.000000	97.208476 
1357.000000	97.223984 
1356.000000	97.240997 
1355.000000	97.258782 
1354.000000	97.275204 
1353.000000	97.289479 
1352.000000	97.303037 
1351.000000	97.317771 
1350.000000	97.331937 
1349.000000	97.344231 
1348.000000	97.354733 
1347.000000	97.363047 
1346.000000	97.369465 
1345.000000	97.376936 
1344.000000	97.387986 
1343.000000	97.400481 
1342.000000	97.409810 
1341.000000	97.415274 
1340.000000	97.420817 
1339.000000	97.428688 
1338.000000	97.437015 
1337.000000	97.444398 
1336.000000	97.451560 
1335.000000	97.458850 
1334.000000	97.465981 
1333.000000	97.473872 
1332.000000	97.483409 
1331.000000	97.492380 
1330.000000	97.497068 
1329.000000	97.497608 
1328.000000	97.497845 
1327.000000	97.499989 
1326.000000	97.502827 
1325.000000	97.506637 
1324.000000	97.512958 
1323.000000	97.520190 
1322.000000	97.524478 
1321.000000	97.524772 
1320.000000	97.523519 
1319.000000	97.523192 
1318.000000	97.525217 
1317.000000	97.530748 
1316.000000	97.539361 
1315.000000	97.547989 
1314.000000	97.554238 
1313.000000	97.559434 
1312.000000	97.565678 
1311.000000	97.571684 
1310.000000	97.574956 
1309.000000	97.576353 
1308.000000	97.578748 
1307.000000	97.582474 
1306.000000	97.585026 
1305.000000	97.586094 
1304.000000	97.587511 
1303.000000	97.589159 
1302.000000	97.588702 
1301.000000	97.585514 
1300.000000	97.581603 
1299.000000	97.578754 
1298.000000	97.577517 
1297.000000	97.578643 
1296.000000	97.582802 
1295.000000	97.588219 
1294.000000	97.591470 
1293.000000	97.591147 
1292.000000	97.588912 
1291.000000	97.587026 
1290.000000	97.586246 
1289.000000	97.586037 
1288.000000	97.585430 
1287.000000	97.583559 
1286.000000	97.580491 
1285.000000	97.577529 
1284.000000	97.576160 
1283.000000	97.577177 
1282.000000	97.580596 
1281.000000	97.585230 
1280.000000	97.588658 
1279.000000	97.588834 
1278.000000	97.586654 
1277.000000	97.585269 
1276.000000	97.586197 
1275.000000	97.587526 
1274.000000	97.587042 
1273.000000	97.585257 
1272.000000	97.584012 
1271.000000	97.583818 
1270.000000	97.584128 
1269.000000	97.584731 
1268.000000	97.585287 
1267.000000	97.584950 
1266.000000	97.584126 
1265.000000	97.584400 
1264.000000	97.585553 
1263.000000	97.585275 
1262.000000	97.583184 
1261.000000	97.582172 
1260.000000	97.583808 
1259.000000	97.584871 
1258.000000	97.581842 
1257.000000	97.576192 
1256.000000	97.572245 
1255.000000	97.571636 
1254.000000	97.572509 
1253.000000	97.572579 
1252.000000	97.570772 
1251.000000	97.567267 
1250.000000	97.564303 
1249.000000	97.565624 
1248.000000	97.572840 
1247.000000	97.583090 
1246.000000	97.591574 
1245.000000	97.594491 
1244.000000	97.589583 
1243.000000	97.578205 
1242.000000	97.568367 
1241.000000	97.570348 
1240.000000	97.585256 
1239.000000	97.601429 
1238.000000	97.606188 
1237.000000	97.598348 
1236.000000	97.585704 
1235.000000	97.573628 
1234.000000	97.561150 
1233.000000	97.546664 
1232.000000	97.532002 
1231.000000	97.520241 
1230.000000	97.512653 
1229.000000	97.507742 
1228.000000	97.501285 
1227.000000	97.488527 
1226.000000	97.468758 
1225.000000	97.446637 
1224.000000	97.426582 
1223.000000	97.407164 
1222.000000	97.383680 
1221.000000	97.354703 
1220.000000	97.322834 
1219.000000	97.289889 
1218.000000	97.254752 
1217.000000	97.215731 
1216.000000	97.172126 
1215.000000	97.123507 
1214.000000	97.069838 
1213.000000	97.012370 
1212.000000	96.952317 
1211.000000	96.888872 
1210.000000	96.820241 
1209.000000	96.746420 
1208.000000	96.669519 
1207.000000	96.591790 
1206.000000	96.514687 
1205.000000	96.439046 
1204.000000	96.364196 
1203.000000	96.287192 
1202.000000	96.205162 
1201.000000	96.118784 
1200.000000	96.031742 
1199.000000	95.946432 
1198.000000	95.862054 
1197.000000	95.777137 
1196.000000	95.691684 
1195.000000	95.605801 
1194.000000	95.517919 
1193.000000	95.425912 
1192.000000	95.328976 
1191.000000	95.227473 
1190.000000	95.122197 
1189.000000	95.014806 
1188.000000	94.907504 
1187.000000	94.800587 
1186.000000	94.691293 
1185.000000	94.576871 
1184.000000	94.458190 
1183.000000	94.338513 
1182.000000	94.219110 
1181.000000	94.098074 
1180.000000	93.973448 
1179.000000	93.845452 
1178.000000	93.715303 
1177.000000	93.583421 
1176.000000	93.448962 
1175.000000	93.309897 
1174.000000	93.163864 
1173.000000	93.010851 
1172.000000	92.854648 
1171.000000	92.699851 
1170.000000	92.547920 
1169.000000	92.398330 
1168.000000	92.253345 
1167.000000	92.119534 
1166.000000	92.005331 
1165.000000	91.919724 
1164.000000	91.871962 
1163.000000	91.867712 
1162.000000	91.903496 
1161.000000	91.966030 
1160.000000	92.036276 
1159.000000	92.093299 
1158.000000	92.118852 
1157.000000	92.103866 
1156.000000	92.050681 
1155.000000	91.967416 
1154.000000	91.861553 
1153.000000	91.740084 
1152.000000	91.611998 
1151.000000	91.485439 
1150.000000	91.362984 
1149.000000	91.243422 
1148.000000	91.127019 
1147.000000	91.015051 
1146.000000	90.905574 
1145.000000	90.794583 
1144.000000	90.680945 
1143.000000	90.566045 
1142.000000	90.449703 
1141.000000	90.330946 
1140.000000	90.211706 
1139.000000	90.094840 
1138.000000	89.979170 
1137.000000	89.861040 
1136.000000	89.739783 
1135.000000	89.617218 
1134.000000	89.493435 
1133.000000	89.368066 
1132.000000	89.243573 
1131.000000	89.121347 
1130.000000	88.996770 
1129.000000	88.865053 
1128.000000	88.730071 
1127.000000	88.599784 
1126.000000	88.474078 
1125.000000	88.345116 
1124.000000	88.209062 
1123.000000	88.069103 
1122.000000	87.927226 
1121.000000	87.781944 
1120.000000	87.635130 
1119.000000	87.492521 
1118.000000	87.355838 
1117.000000	87.222133 
1116.000000	87.091375 
1115.000000	86.966261 
1114.000000	86.844222 
1113.000000	86.719152 
1112.000000	86.591659 
1111.000000	86.467873 
1110.000000	86.348193 
1109.000000	86.227242 
1108.000000	86.103661 
1107.000000	85.980261 
1106.000000	85.854984 
1105.000000	85.723251 
1104.000000	85.589309 
1103.000000	85.463031 
1102.000000	85.344591 
1101.000000	85.224811 
1100.000000	85.100383 
1099.000000	84.979078 
1098.000000	84.864369 
1097.000000	84.750193 
1096.000000	84.632446 
1095.000000	84.513759 
1094.000000	84.394011 
1093.000000	84.267962 
1092.000000	84.135527 
1091.000000	84.003683 
1090.000000	83.875826 
1089.000000	83.749885 
1088.000000	83.628220 
1087.000000	83.517113 
1086.000000	83.414300 
1085.000000	83.308956 
1084.000000	83.196043 
1083.000000	83.079537 
1082.000000	82.961256 
1081.000000	82.839231 
1080.000000	82.717456 
1079.000000	82.603157 
1078.000000	82.493160 
1077.000000	82.377024 
1076.000000	82.254303 
1075.000000	82.133594 
1074.000000	82.013650 
1073.000000	81.881075 
1072.000000	81.726833 
1071.000000	81.547668 
1070.000000	81.331369 
1069.000000	81.062346 
1068.000000	80.748533 
1067.000000	80.425860 
1066.000000	80.126100 
1065.000000	79.851526 
1064.000000	79.587013 
1063.000000	79.319314 
1062.000000	79.036590 
1061.000000	78.727814 
1060.000000	78.395953 
1059.000000	78.061241 
1058.000000	77.741788 
1057.000000	77.438325 
1056.000000	77.141416 
1055.000000	76.841529 
1054.000000	76.528908 
1053.000000	76.198487 
1052.000000	75.860423 
1051.000000	75.531629 
1050.000000	75.212568 
1049.000000	74.888815 
1048.000000	74.557392 
1047.000000	74.231269 
1046.000000	73.916690 
1045.000000	73.607191 
1044.000000	73.300781 
1043.000000	73.002126 
1042.000000	72.706008 
1041.000000	72.399534 
1040.000000	72.085000 
1039.000000	71.781559 
1038.000000	71.500411 
1037.000000	71.236734 
1036.000000	70.988102 
1035.000000	70.760279 
1034.000000	70.551487 
1033.000000	70.350763 
1032.000000	70.154689 
1031.000000	69.967465 
1030.000000	69.785724 
1029.000000	69.605646 
1028.000000	69.444016 
1027.000000	69.325559 
1026.000000	69.246051 
1025.000000	69.172832 
1024.000000	69.085579 
1023.000000	68.991730 
1022.000000	68.899232 
1021.000000	68.801877 
1020.000000	68.697619 
1019.000000	68.595817 
1018.000000	68.498311 
1017.000000	68.395406 
1016.000000	68.286622 
1015.000000	68.183551 
1014.000000	68.087508 
1013.000000	67.987149 
1012.000000	67.882894 
1011.000000	67.790293 
1010.000000	67.713803 
1009.000000	67.640269 
1008.000000	67.564106 
1007.000000	67.496588 
1006.000000	67.444755 
1005.000000	67.403254 
1004.000000	67.372059 
1003.000000	67.360040 
1002.000000	67.365502 
1001.000000	67.374621 
1000.000000	67.384183 
999.000000	 67.405190 
998.000000	 67.440327 
997.000000	 67.479250 
996.000000	 67.519448 
995.000000	 67.569750 
994.000000	 67.629666 
993.000000	 67.687587 
992.000000	 67.743361 
991.000000	 67.810818 
990.000000	 67.893929 
989.000000	 67.981670 
988.000000	 68.069682 
987.000000	 68.165785 
986.000000	 68.271326 
985.000000	 68.379161 
984.000000	 68.493034 
983.000000	 68.626722 
982.000000	 68.780956 
981.000000	 68.942529 
980.000000	 69.108752 
979.000000	 69.291067 
978.000000	 69.492046 
977.000000	 69.701381 
976.000000	 69.917372 
975.000000	 70.149828 
974.000000	 70.398274 
973.000000	 70.649518 
972.000000	 70.900706 
971.000000	 71.163515 
970.000000	 71.441840 
969.000000	 71.726036 
968.000000	 72.012323 
967.000000	 72.307156 
966.000000	 72.608977 
965.000000	 72.905833 
964.000000	 73.194710 
963.000000	 73.484363 
962.000000	 73.776563 
961.000000	 74.063402 
960.000000	 74.344951 
959.000000	 74.630166 
958.000000	 74.918116 
957.000000	 75.197473 
956.000000	 75.466738 
955.000000	 75.735841 
954.000000	 76.005427 
953.000000	 76.263624 
952.000000	 76.506066 
951.000000	 76.740465 
950.000000	 76.968805 
949.000000	 77.183489 
948.000000	 77.384319 
947.000000	 77.581256 
946.000000	 77.776314 
945.000000	 77.959161 
944.000000	 78.124666 
943.000000	 78.279772 
942.000000	 78.430417 
941.000000	 78.576038 
940.000000	 78.718544 
939.000000	 78.861946 
938.000000	 79.002232 
937.000000	 79.132751 
936.000000	 79.259771 
935.000000	 79.397001 
934.000000	 79.545045 
933.000000	 79.693029 
932.000000	 79.839630 
931.000000	 79.993773 
930.000000	 80.154088 
929.000000	 80.307114 
928.000000	 80.448254 
927.000000	 80.586328 
926.000000	 80.724777 
925.000000	 80.856029 
924.000000	 80.977301 
923.000000	 81.094455 
922.000000	 81.206756 
921.000000	 81.304690 
920.000000	 81.386768 
919.000000	 81.462895 
918.000000	 81.537912 
917.000000	 81.607237 
916.000000	 81.671473 
915.000000	 81.739655 
914.000000	 81.815766 
913.000000	 81.898479 
912.000000	 81.996854 
911.000000	 82.128776 
910.000000	 82.299750 
909.000000	 82.499034 
908.000000	 82.719567 
907.000000	 82.965081 
906.000000	 83.234256 
905.000000	 83.515257 
904.000000	 83.801168 
903.000000	 84.096475 
902.000000	 84.404743 
901.000000	 84.722975 
900.000000	 85.049306 
899.000000	 85.382673 
898.000000	 85.713769 
897.000000	 86.030897 
896.000000	 86.334787 
895.000000	 86.634454 
894.000000	 86.929512 
893.000000	 87.210965 
892.000000	 87.478397 
891.000000	 87.740416 
890.000000	 87.996987 
889.000000	 88.236027 
888.000000	 88.449190 
887.000000	 88.637965 
886.000000	 88.804029 
885.000000	 88.947529 
884.000000	 89.075901 
883.000000	 89.200200 
882.000000	 89.320751 
881.000000	 89.430414 
880.000000	 89.533658 
879.000000	 89.647043 
878.000000	 89.777797 
877.000000	 89.917527 
876.000000	 90.061358 
875.000000	 90.218296 
874.000000	 90.398506 
873.000000	 90.604192 
872.000000	 90.835923 
871.000000	 91.093339 
870.000000	 91.366197 
869.000000	 91.638376 
868.000000	 91.904412 
867.000000	 92.170958 
866.000000	 92.440534 
865.000000	 92.705274 
864.000000	 92.958554 
863.000000	 93.201887 
862.000000	 93.438109 
861.000000	 93.667396 
860.000000	 93.892018 
859.000000	 94.115733 
858.000000	 94.335570 
857.000000	 94.541601 
856.000000	 94.727247 
855.000000	 94.894534 
854.000000	 95.049070 
853.000000	 95.195147 
852.000000	 95.334896 
851.000000	 95.466881 
850.000000	 95.587040 
849.000000	 95.695930 
848.000000	 95.801317 
847.000000	 95.907267 
846.000000	 96.005231 
845.000000	 96.084073 
844.000000	 96.144389 
843.000000	 96.193738 
842.000000	 96.232240 
841.000000	 96.254134 
840.000000	 96.260892 
839.000000	 96.261165 
838.000000	 96.258335 
837.000000	 96.248315 
836.000000	 96.229531 
835.000000	 96.205690 
834.000000	 96.179328 
833.000000	 96.152215 
832.000000	 96.131497 
831.000000	 96.125024 
830.000000	 96.130450 
829.000000	 96.139658 
828.000000	 96.154278 
827.000000	 96.185150 
826.000000	 96.235798 
825.000000	 96.299345 
824.000000	 96.372318 
823.000000	 96.455930 
822.000000	 96.542164 
821.000000	 96.615044 
820.000000	 96.668532 
819.000000	 96.710236 
818.000000	 96.746321 
817.000000	 96.773030 
816.000000	 96.782502 
815.000000	 96.766050 
814.000000	 96.710696 
813.000000	 96.602087 
812.000000	 96.432736 
811.000000	 96.200234 
810.000000	 95.898221 
809.000000	 95.518855 
808.000000	 95.064469 
807.000000	 94.546229 
806.000000	 93.970225 
805.000000	 93.338664 
804.000000	 92.670475 
803.000000	 92.008071 
802.000000	 91.396384 
801.000000	 90.865579 
800.000000	 90.437160 
799.000000	 90.127608 
798.000000	 89.935388 
797.000000	 89.839293 
796.000000	 89.818740 
795.000000	 89.863217 
794.000000	 89.957649 
793.000000	 90.075119 
792.000000	 90.191580 
791.000000	 90.295254 
790.000000	 90.377184 
789.000000	 90.425588 
788.000000	 90.433797 
787.000000	 90.401633 
786.000000	 90.325135 
785.000000	 90.197064 
784.000000	 90.021710 
783.000000	 89.817798 
782.000000	 89.603390 
781.000000	 89.389830 
780.000000	 89.193891 
779.000000	 89.041967 
778.000000	 88.955747 
777.000000	 88.943419 
776.000000	 89.005802 
775.000000	 89.136573 
774.000000	 89.314115 
773.000000	 89.508699 
772.000000	 89.702518 
771.000000	 89.892045 
770.000000	 90.071624 
769.000000	 90.228998 
768.000000	 90.357960 
767.000000	 90.462184 
766.000000	 90.545851 
765.000000	 90.612934 
764.000000	 90.674754 
763.000000	 90.743744 
762.000000	 90.818664 
761.000000	 90.889400 
760.000000	 90.956409 
759.000000	 91.031159 
758.000000	 91.117747 
757.000000	 91.209717 
756.000000	 91.305401 
755.000000	 91.410402 
754.000000	 91.523832 
753.000000	 91.637499 
752.000000	 91.749394 
751.000000	 91.863137 
750.000000	 91.974241 
749.000000	 92.073040 
748.000000	 92.162548 
747.000000	 92.257904 
746.000000	 92.366246 
745.000000	 92.482131 
744.000000	 92.604484 
743.000000	 92.742256 
742.000000	 92.900495 
741.000000	 93.074939 
740.000000	 93.261598 
739.000000	 93.457478 
738.000000	 93.651501 
737.000000	 93.829824 
736.000000	 93.991792 
735.000000	 94.146865 
734.000000	 94.295587 
733.000000	 94.427484 
732.000000	 94.536822 
731.000000	 94.626394 
730.000000	 94.696889 
729.000000	 94.747920 
728.000000	 94.788465 
727.000000	 94.832332 
726.000000	 94.884580 
725.000000	 94.943843 
724.000000	 95.014803 
723.000000	 95.103717 
722.000000	 95.204377 
721.000000	 95.304206 
720.000000	 95.402522 
719.000000	 95.506569 
718.000000	 95.611319 
717.000000	 95.701560 
716.000000	 95.773875 
715.000000	 95.839793 
714.000000	 95.907427 
713.000000	 95.976203 
712.000000	 96.048646 
711.000000	 96.129808 
710.000000	 96.213909 
709.000000	 96.288351 
708.000000	 96.349979 
707.000000	 96.400506 
706.000000	 96.429507 
705.000000	 96.420079 
704.000000	 96.370089 
703.000000	 96.288535 
702.000000	 96.168936 
701.000000	 95.987308 
700.000000	 95.731804 
699.000000	 95.414483 
698.000000	 95.056285 
697.000000	 94.685818 
696.000000	 94.356271 
695.000000	 94.134761 
694.000000	 94.055743 
693.000000	 94.100406 
692.000000	 94.227143 
691.000000	 94.402335 
690.000000	 94.601288 
689.000000	 94.803634 
688.000000	 95.000946 
687.000000	 95.193579 
686.000000	 95.369498 
685.000000	 95.507597 
684.000000	 95.609735 
683.000000	 95.703534 
682.000000	 95.806236 
681.000000	 95.908143 
680.000000	 95.999401 
679.000000	 96.088089 
678.000000	 96.179932 
677.000000	 96.266968 
676.000000	 96.344338 
675.000000	 96.419123 
674.000000	 96.496101 
673.000000	 96.568613 
672.000000	 96.628081 
671.000000	 96.670570 
670.000000	 96.691672 
669.000000	 96.696842 
668.000000	 96.746201 
667.000000	 96.887707 
666.000000	 97.041113 
665.000000	 97.149398 
664.000000	 97.231161 
663.000000	 97.319796 
662.000000	 97.425937 
661.000000	 97.530690 
660.000000	 97.612527 
659.000000	 97.665918 
658.000000	 97.693644 
657.000000	 97.701724 
656.000000	 97.697151 
655.000000	 97.680286 
654.000000	 97.643503 
653.000000	 97.584516 
652.000000	 97.520522 
651.000000	 97.483119 
650.000000	 97.490496 

