4000.000000	97.511676 
3999.000000	97.510388 
3998.000000	97.507995 
3997.000000	97.505527 
3996.000000	97.503877 
3995.000000	97.503231 
3994.000000	97.503325 
3993.000000	97.503801 
3992.000000	97.504305 
3991.000000	97.504477 
3990.000000	97.504169 
3989.000000	97.503594 
3988.000000	97.503055 
3987.000000	97.502724 
3986.000000	97.502775 
3985.000000	97.503413 
3984.000000	97.504445 
3983.000000	97.505193 
3982.000000	97.505356 
3981.000000	97.505532 
3980.000000	97.506270 
3979.000000	97.507013 
3978.000000	97.506775 
3977.000000	97.505568 
3976.000000	97.504415 
3975.000000	97.503883 
3974.000000	97.503406 
3973.000000	97.502205 
3972.000000	97.500167 
3971.000000	97.497736 
3970.000000	97.495427 
3969.000000	97.493799 
3968.000000	97.493379 
3967.000000	97.494160 
3966.000000	97.495470 
3965.000000	97.496428 
3964.000000	97.496356 
3963.000000	97.494969 
3962.000000	97.492614 
3961.000000	97.490258 
3960.000000	97.488788 
3959.000000	97.488382 
3958.000000	97.488637 
3957.000000	97.489213 
3956.000000	97.489854 
3955.000000	97.489835 
3954.000000	97.488377 
3953.000000	97.485394 
3952.000000	97.481691 
3951.000000	97.478286 
3950.000000	97.475660 
3949.000000	97.473848 
3948.000000	97.472512 
3947.000000	97.471181 
3946.000000	97.469859 
3945.000000	97.469226 
3944.000000	97.469785 
3943.000000	97.470969 
3942.000000	97.472025 
3941.000000	97.472971 
3940.000000	97.474124 
3939.000000	97.475301 
3938.000000	97.475728 
3937.000000	97.474844 
3936.000000	97.472722 
3935.000000	97.469536 
3934.000000	97.465793 
3933.000000	97.462678 
3932.000000	97.461518 
3931.000000	97.462116 
3930.000000	97.462834 
3929.000000	97.462987 
3928.000000	97.463554 
3927.000000	97.465402 
3926.000000	97.467474 
3925.000000	97.467601 
3924.000000	97.465312 
3923.000000	97.461958 
3922.000000	97.458466 
3921.000000	97.455019 
3920.000000	97.452243 
3919.000000	97.451305 
3918.000000	97.452195 
3917.000000	97.453467 
3916.000000	97.454227 
3915.000000	97.455036 
3914.000000	97.456508 
3913.000000	97.458254 
3912.000000	97.459541 
3911.000000	97.460455 
3910.000000	97.461152 
3909.000000	97.461343 
3908.000000	97.460792 
3907.000000	97.459241 
3906.000000	97.456435 
3905.000000	97.451705 
3904.000000	97.445133 
3903.000000	97.438700 
3902.000000	97.434831 
3901.000000	97.434309 
3900.000000	97.436022 
3899.000000	97.438170 
3898.000000	97.439920 
3897.000000	97.441117 
3896.000000	97.441526 
3895.000000	97.441373 
3894.000000	97.441335 
3893.000000	97.441848 
3892.000000	97.442186 
3891.000000	97.441136 
3890.000000	97.438696 
3889.000000	97.435899 
3888.000000	97.433803 
3887.000000	97.432743 
3886.000000	97.432576 
3885.000000	97.432926 
3884.000000	97.433148 
3883.000000	97.432551 
3882.000000	97.431196 
3881.000000	97.430033 
3880.000000	97.429863 
3879.000000	97.430321 
3878.000000	97.430528 
3877.000000	97.430265 
3876.000000	97.429988 
3875.000000	97.429901 
3874.000000	97.429677 
3873.000000	97.429054 
3872.000000	97.428180 
3871.000000	97.427275 
3870.000000	97.426475 
3869.000000	97.426000 
3868.000000	97.425852 
3867.000000	97.425709 
3866.000000	97.425316 
3865.000000	97.424810 
3864.000000	97.424575 
3863.000000	97.424672 
3862.000000	97.424719 
3861.000000	97.424590 
3860.000000	97.424609 
3859.000000	97.424989 
3858.000000	97.425504 
3857.000000	97.425727 
3856.000000	97.425499 
3855.000000	97.424890 
3854.000000	97.423836 
3853.000000	97.422542 
3852.000000	97.421595 
3851.000000	97.421202 
3850.000000	97.421101 
3849.000000	97.421200 
3848.000000	97.421635 
3847.000000	97.422438 
3846.000000	97.423204 
3845.000000	97.423498 
3844.000000	97.423332 
3843.000000	97.422988 
3842.000000	97.422662 
3841.000000	97.422465 
3840.000000	97.422396 
3839.000000	97.422460 
3838.000000	97.422687 
3837.000000	97.422895 
3836.000000	97.422880 
3835.000000	97.422650 
3834.000000	97.422420 
3833.000000	97.422427 
3832.000000	97.422706 
3831.000000	97.423132 
3830.000000	97.423569 
3829.000000	97.423963 
3828.000000	97.424455 
3827.000000	97.425177 
3826.000000	97.425908 
3825.000000	97.426286 
3824.000000	97.426154 
3823.000000	97.425742 
3822.000000	97.425479 
3821.000000	97.425492 
3820.000000	97.425620 
3819.000000	97.425598 
3818.000000	97.425355 
3817.000000	97.425229 
3816.000000	97.425751 
3815.000000	97.427048 
3814.000000	97.428547 
3813.000000	97.429472 
3812.000000	97.429657 
3811.000000	97.429759 
3810.000000	97.430452 
3809.000000	97.431507 
3808.000000	97.432044 
3807.000000	97.431644 
3806.000000	97.430741 
3805.000000	97.429807 
3804.000000	97.428695 
3803.000000	97.427669 
3802.000000	97.427484 
3801.000000	97.428383 
3800.000000	97.429616 
3799.000000	97.429729 
3798.000000	97.428367 
3797.000000	97.427244 
3796.000000	97.428307 
3795.000000	97.431391 
3794.000000	97.434248 
3793.000000	97.435253 
3792.000000	97.435236 
3791.000000	97.436346 
3790.000000	97.438945 
3789.000000	97.440962 
3788.000000	97.440740 
3787.000000	97.438965 
3786.000000	97.437529 
3785.000000	97.437234 
3784.000000	97.437354 
3783.000000	97.437014 
3782.000000	97.435602 
3781.000000	97.432984 
3780.000000	97.430205 
3779.000000	97.429270 
3778.000000	97.430770 
3777.000000	97.432915 
3776.000000	97.433414 
3775.000000	97.431824 
3774.000000	97.429587 
3773.000000	97.428051 
3772.000000	97.427081 
3771.000000	97.425330 
3770.000000	97.422263 
3769.000000	97.419269 
3768.000000	97.417221 
3767.000000	97.415087 
3766.000000	97.412298 
3765.000000	97.409877 
3764.000000	97.409490 
3763.000000	97.410993 
3762.000000	97.412001 
3761.000000	97.410869 
3760.000000	97.408507 
3759.000000	97.407210 
3758.000000	97.405573 
3757.000000	97.400278 
3756.000000	97.392001 
3755.000000	97.383762 
3754.000000	97.376660 
3753.000000	97.369425 
3752.000000	97.362667 
3751.000000	97.358970 
3750.000000	97.356724 
3749.000000	97.352066 
3748.000000	97.346088 
3747.000000	97.343210 
3746.000000	97.345485 
3745.000000	97.349383 
3744.000000	97.354203 
3743.000000	97.360715 
3742.000000	97.363368 
3741.000000	97.357172 
3740.000000	97.345801 
3739.000000	97.339292 
3738.000000	97.342473 
3737.000000	97.348602 
3736.000000	97.350079 
3735.000000	97.348921 
3734.000000	97.350796 
3733.000000	97.354719 
3732.000000	97.357184 
3731.000000	97.359031 
3730.000000	97.361604 
3729.000000	97.363409 
3728.000000	97.363377 
3727.000000	97.363064 
3726.000000	97.364728 
3725.000000	97.367624 
3724.000000	97.369209 
3723.000000	97.369467 
3722.000000	97.371101 
3721.000000	97.375494 
3720.000000	97.379662 
3719.000000	97.381366 
3718.000000	97.381394 
3717.000000	97.380696 
3716.000000	97.379354 
3715.000000	97.375939 
3714.000000	97.369699 
3713.000000	97.362803 
3712.000000	97.358243 
3711.000000	97.356784 
3710.000000	97.356393 
3709.000000	97.355590 
3708.000000	97.354670 
3707.000000	97.353449 
3706.000000	97.351547 
3705.000000	97.349340 
3704.000000	97.347819 
3703.000000	97.347395 
3702.000000	97.346394 
3701.000000	97.342518 
3700.000000	97.335361 
3699.000000	97.327088 
3698.000000	97.320834 
3697.000000	97.317833 
3696.000000	97.317395 
3695.000000	97.317808 
3694.000000	97.316866 
3693.000000	97.313615 
3692.000000	97.309033 
3691.000000	97.304410 
3690.000000	97.298859 
3689.000000	97.291539 
3688.000000	97.284566 
3687.000000	97.280093 
3686.000000	97.277623 
3685.000000	97.275294 
3684.000000	97.272378 
3683.000000	97.270269 
3682.000000	97.270131 
3681.000000	97.269660 
3680.000000	97.264961 
3679.000000	97.254546 
3678.000000	97.241310 
3677.000000	97.229526 
3676.000000	97.220627 
3675.000000	97.215013 
3674.000000	97.211435 
3673.000000	97.206472 
3672.000000	97.198392 
3671.000000	97.191055 
3670.000000	97.189183 
3669.000000	97.191945 
3668.000000	97.193635 
3667.000000	97.190850 
3666.000000	97.186591 
3665.000000	97.185350 
3664.000000	97.187405 
3663.000000	97.189927 
3662.000000	97.190046 
3661.000000	97.186157 
3660.000000	97.178587 
3659.000000	97.168807 
3658.000000	97.159599 
3657.000000	97.152693 
3656.000000	97.147405 
3655.000000	97.142000 
3654.000000	97.134112 
3653.000000	97.122501 
3652.000000	97.108077 
3651.000000	97.093646 
3650.000000	97.081791 
3649.000000	97.073300 
3648.000000	97.068708 
3647.000000	97.069075 
3646.000000	97.074582 
3645.000000	97.083307 
3644.000000	97.092386 
3643.000000	97.100379 
3642.000000	97.107022 
3641.000000	97.111760 
3640.000000	97.113787 
3639.000000	97.112438 
3638.000000	97.108427 
3637.000000	97.103333 
3636.000000	97.098275 
3635.000000	97.092773 
3634.000000	97.085467 
3633.000000	97.076030 
3632.000000	97.065062 
3631.000000	97.053523 
3630.000000	97.043018 
3629.000000	97.036021 
3628.000000	97.033955 
3627.000000	97.035263 
3626.000000	97.037105 
3625.000000	97.040137 
3624.000000	97.047014 
3623.000000	97.057545 
3622.000000	97.067527 
3621.000000	97.071760 
3620.000000	97.067869 
3619.000000	97.058000 
3618.000000	97.046720 
3617.000000	97.037875 
3616.000000	97.034364 
3615.000000	97.037590 
3614.000000	97.045768 
3613.000000	97.054593 
3612.000000	97.060144 
3611.000000	97.060907 
3610.000000	97.058738 
3609.000000	97.057804 
3608.000000	97.060850 
3607.000000	97.067078 
3606.000000	97.073701 
3605.000000	97.079691 
3604.000000	97.086594 
3603.000000	97.095500 
3602.000000	97.104816 
3601.000000	97.111131 
3600.000000	97.112393 
3599.000000	97.109661 
3598.000000	97.105992 
3597.000000	97.103968 
3596.000000	97.105095 
3595.000000	97.108460 
3594.000000	97.111262 
3593.000000	97.111614 
3592.000000	97.109373 
3591.000000	97.105466 
3590.000000	97.101613 
3589.000000	97.099731 
3588.000000	97.100748 
3587.000000	97.103979 
3586.000000	97.108055 
3585.000000	97.112214 
3584.000000	97.117128 
3583.000000	97.123710 
3582.000000	97.131964 
3581.000000	97.140117 
3580.000000	97.145783 
3579.000000	97.147832 
3578.000000	97.147178 
3577.000000	97.145982 
3576.000000	97.145660 
3575.000000	97.146164 
3574.000000	97.146188 
3573.000000	97.144564 
3572.000000	97.140535 
3571.000000	97.133631 
3570.000000	97.124272 
3569.000000	97.114774 
3568.000000	97.108750 
3567.000000	97.108410 
3566.000000	97.112418 
3565.000000	97.117416 
3564.000000	97.121479 
3563.000000	97.125325 
3562.000000	97.130089 
3561.000000	97.135451 
3560.000000	97.139803 
3559.000000	97.141948 
3558.000000	97.142157 
3557.000000	97.141765 
3556.000000	97.141863 
3555.000000	97.142654 
3554.000000	97.143700 
3553.000000	97.144302 
3552.000000	97.143892 
3551.000000	97.141939 
3550.000000	97.138286 
3549.000000	97.133997 
3548.000000	97.131271 
3547.000000	97.131423 
3546.000000	97.133329 
3545.000000	97.134662 
3544.000000	97.134843 
3543.000000	97.135399 
3542.000000	97.137474 
3541.000000	97.140481 
3540.000000	97.143152 
3539.000000	97.144819 
3538.000000	97.145481 
3537.000000	97.145204 
3536.000000	97.144187 
3535.000000	97.142702 
3534.000000	97.141009 
3533.000000	97.139457 
3532.000000	97.138623 
3531.000000	97.138936 
3530.000000	97.139885 
3529.000000	97.140117 
3528.000000	97.138652 
3527.000000	97.135825 
3526.000000	97.132953 
3525.000000	97.131302 
3524.000000	97.131369 
3523.000000	97.132833 
3522.000000	97.134832 
3521.000000	97.136467 
3520.000000	97.137454 
3519.000000	97.138057 
3518.000000	97.138504 
3517.000000	97.138535 
3516.000000	97.137789 
3515.000000	97.136434 
3514.000000	97.135193 
3513.000000	97.134684 
3512.000000	97.134808 
3511.000000	97.134882 
3510.000000	97.134335 
3509.000000	97.133219 
3508.000000	97.132056 
3507.000000	97.131286 
3506.000000	97.130946 
3505.000000	97.130764 
3504.000000	97.130471 
3503.000000	97.129965 
3502.000000	97.129299 
3501.000000	97.128599 
3500.000000	97.128049 
3499.000000	97.127821 
3498.000000	97.127911 
3497.000000	97.128077 
3496.000000	97.127988 
3495.000000	97.127519 
3494.000000	97.126883 
3493.000000	97.126446 
3492.000000	97.126356 
3491.000000	97.126384 
3490.000000	97.126223 
3489.000000	97.125880 
3488.000000	97.125557 
3487.000000	97.125207 
3486.000000	97.124540 
3485.000000	97.123558 
3484.000000	97.122728 
3483.000000	97.122390 
3482.000000	97.122339 
3481.000000	97.122148 
3480.000000	97.121725 
3479.000000	97.121257 
3478.000000	97.120778 
3477.000000	97.120069 
3476.000000	97.118965 
3475.000000	97.117598 
3474.000000	97.116325 
3473.000000	97.115482 
3472.000000	97.115158 
3471.000000	97.115104 
3470.000000	97.114887 
3469.000000	97.114316 
3468.000000	97.113639 
3467.000000	97.113243 
3466.000000	97.113197 
3465.000000	97.113153 
3464.000000	97.112649 
3463.000000	97.111469 
3462.000000	97.109774 
3461.000000	97.108020 
3460.000000	97.106644 
3459.000000	97.105695 
3458.000000	97.104814 
3457.000000	97.103613 
3456.000000	97.102176 
3455.000000	97.101031 
3454.000000	97.100650 
3453.000000	97.101007 
3452.000000	97.101632 
3451.000000	97.102081 
3450.000000	97.102217 
3449.000000	97.102052 
3448.000000	97.101481 
3447.000000	97.100330 
3446.000000	97.098619 
3445.000000	97.096740 
3444.000000	97.095286 
3443.000000	97.094622 
3442.000000	97.094598 
3441.000000	97.094653 
3440.000000	97.094302 
3439.000000	97.093482 
3438.000000	97.092430 
3437.000000	97.091383 
3436.000000	97.090554 
3435.000000	97.090209 
3434.000000	97.090509 
3433.000000	97.091221 
3432.000000	97.091789 
3431.000000	97.091852 
3430.000000	97.091513 
3429.000000	97.091090 
3428.000000	97.090729 
3427.000000	97.090342 
3426.000000	97.089881 
3425.000000	97.089486 
3424.000000	97.089302 
3423.000000	97.089262 
3422.000000	97.089147 
3421.000000	97.088849 
3420.000000	97.088466 
3419.000000	97.088168 
3418.000000	97.088011 
3417.000000	97.087931 
3416.000000	97.087848 
3415.000000	97.087720 
3414.000000	97.087534 
3413.000000	97.087290 
3412.000000	97.087021 
3411.000000	97.086775 
3410.000000	97.086580 
3409.000000	97.086427 
3408.000000	97.086292 
3407.000000	97.086153 
3406.000000	97.086006 
3405.000000	97.085856 
3404.000000	97.085709 
3403.000000	97.085567 
3402.000000	97.085424 
3401.000000	97.085279 
3400.000000	97.085131 
3399.000000	97.084987 
3398.000000	97.084854 
3397.000000	97.084735 
3396.000000	97.084628 
3395.000000	97.084533 
3394.000000	97.084446 
3393.000000	97.084367 
3392.000000	97.084294 
3391.000000	97.084229 
3390.000000	97.084173 
3389.000000	97.084139 
3388.000000	97.084154 
3387.000000	97.084242 
3386.000000	97.084406 
3385.000000	97.084603 
3384.000000	97.084746 
3383.000000	97.084755 
3382.000000	97.084655 
3381.000000	97.084606 
3380.000000	97.084740 
3379.000000	97.085011 
3378.000000	97.085278 
3377.000000	97.085575 
3376.000000	97.086108 
3375.000000	97.086911 
3374.000000	97.087642 
3373.000000	97.087912 
3372.000000	97.087719 
3371.000000	97.087514 
3370.000000	97.087744 
3369.000000	97.088441 
3368.000000	97.089290 
3367.000000	97.089949 
3366.000000	97.090235 
3365.000000	97.090135 
3364.000000	97.089805 
3363.000000	97.089519 
3362.000000	97.089487 
3361.000000	97.089735 
3360.000000	97.090237 
3359.000000	97.091071 
3358.000000	97.092306 
3357.000000	97.093768 
3356.000000	97.095066 
3355.000000	97.095941 
3354.000000	97.096531 
3353.000000	97.097267 
3352.000000	97.098505 
3351.000000	97.100266 
3350.000000	97.102253 
3349.000000	97.104035 
3348.000000	97.105279 
3347.000000	97.105944 
3346.000000	97.106294 
3345.000000	97.106622 
3344.000000	97.106848 
3343.000000	97.106569 
3342.000000	97.105701 
3341.000000	97.104948 
3340.000000	97.105138 
3339.000000	97.106175 
3338.000000	97.107079 
3337.000000	97.107129 
3336.000000	97.106643 
3335.000000	97.106448 
3334.000000	97.106883 
3333.000000	97.107566 
3332.000000	97.107994 
3331.000000	97.108040 
3330.000000	97.107899 
3329.000000	97.107831 
3328.000000	97.108086 
3327.000000	97.108860 
3326.000000	97.110119 
3325.000000	97.111479 
3324.000000	97.112359 
3323.000000	97.112366 
3322.000000	97.111583 
3321.000000	97.110530 
3320.000000	97.109830 
3319.000000	97.109808 
3318.000000	97.110431 
3317.000000	97.111497 
3316.000000	97.112778 
3315.000000	97.114016 
3314.000000	97.114959 
3313.000000	97.115528 
3312.000000	97.115918 
3311.000000	97.116456 
3310.000000	97.117354 
3309.000000	97.118543 
3308.000000	97.119654 
3307.000000	97.120166 
3306.000000	97.119770 
3305.000000	97.118659 
3304.000000	97.117497 
3303.000000	97.116980 
3302.000000	97.117342 
3301.000000	97.118277 
3300.000000	97.119174 
3299.000000	97.119522 
3298.000000	97.119227 
3297.000000	97.118706 
3296.000000	97.118614 
3295.000000	97.119356 
3294.000000	97.120835 
3293.000000	97.122639 
3292.000000	97.124397 
3291.000000	97.125908 
3290.000000	97.127034 
3289.000000	97.127706 
3288.000000	97.128047 
3287.000000	97.128317 
3286.000000	97.128582 
3285.000000	97.128563 
3284.000000	97.127973 
3283.000000	97.127009 
3282.000000	97.126384 
3281.000000	97.126696 
3280.000000	97.127810 
3279.000000	97.128940 
3278.000000	97.129476 
3277.000000	97.129602 
3276.000000	97.129916 
3275.000000	97.130643 
3274.000000	97.131517 
3273.000000	97.132363 
3272.000000	97.133406 
3271.000000	97.134861 
3270.000000	97.136474 
3269.000000	97.137669 
3268.000000	97.138113 
3267.000000	97.137995 
3266.000000	97.137863 
3265.000000	97.138215 
3264.000000	97.139159 
3263.000000	97.140385 
3262.000000	97.141423 
3261.000000	97.142045 
3260.000000	97.142343 
3259.000000	97.142492 
3258.000000	97.142571 
3257.000000	97.142685 
3256.000000	97.143041 
3255.000000	97.143722 
3254.000000	97.144518 
3253.000000	97.145137 
3252.000000	97.145556 
3251.000000	97.146010 
3250.000000	97.146649 
3249.000000	97.147351 
3248.000000	97.147900 
3247.000000	97.148255 
3246.000000	97.148563 
3245.000000	97.148973 
3244.000000	97.149497 
3243.000000	97.150043 
3242.000000	97.150531 
3241.000000	97.150965 
3240.000000	97.151408 
3239.000000	97.151945 
3238.000000	97.152649 
3237.000000	97.153534 
3236.000000	97.154526 
3235.000000	97.155469 
3234.000000	97.156227 
3233.000000	97.156788 
3232.000000	97.157233 
3231.000000	97.157684 
3230.000000	97.158225 
3229.000000	97.158851 
3228.000000	97.159516 
3227.000000	97.160180 
3226.000000	97.160849 
3225.000000	97.161546 
3224.000000	97.162264 
3223.000000	97.162974 
3222.000000	97.163656 
3221.000000	97.164323 
3220.000000	97.164996 
3219.000000	97.165678 
3218.000000	97.166364 
3217.000000	97.167056 
3216.000000	97.167761 
3215.000000	97.168480 
3214.000000	97.169214 
3213.000000	97.169960 
3212.000000	97.170715 
3211.000000	97.171476 
3210.000000	97.172241 
3209.000000	97.173013 
3208.000000	97.173795 
3207.000000	97.174591 
3206.000000	97.175403 
3205.000000	97.176230 
3204.000000	97.177069 
3203.000000	97.177919 
3202.000000	97.178775 
3201.000000	97.179633 
3200.000000	97.180487 
3199.000000	97.181332 
3198.000000	97.182171 
3197.000000	97.183006 
3196.000000	97.183842 
3195.000000	97.184679 
3194.000000	97.185519 
3193.000000	97.186368 
3192.000000	97.187229 
3191.000000	97.188103 
3190.000000	97.188982 
3189.000000	97.189858 
3188.000000	97.190725 
3187.000000	97.191587 
3186.000000	97.192450 
3185.000000	97.193326 
3184.000000	97.194226 
3183.000000	97.195142 
3182.000000	97.196052 
3181.000000	97.196946 
3180.000000	97.197835 
3179.000000	97.198725 
3178.000000	97.199608 
3177.000000	97.200489 
3176.000000	97.201402 
3175.000000	97.202374 
3174.000000	97.203401 
3173.000000	97.204474 
3172.000000	97.205577 
3171.000000	97.206646 
3170.000000	97.207590 
3169.000000	97.208397 
3168.000000	97.209168 
3167.000000	97.210008 
3166.000000	97.210922 
3165.000000	97.211843 
3164.000000	97.212699 
3163.000000	97.213437 
3162.000000	97.214058 
3161.000000	97.214649 
3160.000000	97.215322 
3159.000000	97.216118 
3158.000000	97.217018 
3157.000000	97.218033 
3156.000000	97.219187 
3155.000000	97.220411 
3154.000000	97.221565 
3153.000000	97.222593 
3152.000000	97.223539 
3151.000000	97.224397 
3150.000000	97.225070 
3149.000000	97.225510 
3148.000000	97.225856 
3147.000000	97.226374 
3146.000000	97.227282 
3145.000000	97.228651 
3144.000000	97.230338 
3143.000000	97.231973 
3142.000000	97.233171 
3141.000000	97.233852 
3140.000000	97.234317 
3139.000000	97.234974 
3138.000000	97.235962 
3137.000000	97.237132 
3136.000000	97.238222 
3135.000000	97.238970 
3134.000000	97.239234 
3133.000000	97.239173 
3132.000000	97.239200 
3131.000000	97.239587 
3130.000000	97.240295 
3129.000000	97.241281 
3128.000000	97.242705 
3127.000000	97.244644 
3126.000000	97.246809 
3125.000000	97.248749 
3124.000000	97.250202 
3123.000000	97.251090 
3122.000000	97.251396 
3121.000000	97.251303 
3120.000000	97.251290 
3119.000000	97.251764 
3118.000000	97.252674 
3117.000000	97.253704 
3116.000000	97.254709 
3115.000000	97.255756 
3114.000000	97.256883 
3113.000000	97.258094 
3112.000000	97.259536 
3111.000000	97.261383 
3110.000000	97.263487 
3109.000000	97.265375 
3108.000000	97.266718 
3107.000000	97.267681 
3106.000000	97.268618 
3105.000000	97.269482 
3104.000000	97.269733 
3103.000000	97.268969 
3102.000000	97.267479 
3101.000000	97.266046 
3100.000000	97.265218 
3099.000000	97.265008 
3098.000000	97.265383 
3097.000000	97.266701 
3096.000000	97.269257 
3095.000000	97.272487 
3094.000000	97.275187 
3093.000000	97.276627 
3092.000000	97.277052 
3091.000000	97.277052 
3090.000000	97.276818 
3089.000000	97.276242 
3088.000000	97.275437 
3087.000000	97.274868 
3086.000000	97.275037 
3085.000000	97.276098 
3084.000000	97.277594 
3083.000000	97.278639 
3082.000000	97.278689 
3081.000000	97.278138 
3080.000000	97.277961 
3079.000000	97.278569 
3078.000000	97.279412 
3077.000000	97.279945 
3076.000000	97.280517 
3075.000000	97.281642 
3074.000000	97.282925 
3073.000000	97.283599 
3072.000000	97.283783 
3071.000000	97.284232 
3070.000000	97.285038 
3069.000000	97.285660 
3068.000000	97.286153 
3067.000000	97.287222 
3066.000000	97.288850 
3065.000000	97.289987 
3064.000000	97.289878 
3063.000000	97.288734 
3062.000000	97.286884 
3061.000000	97.284302 
3060.000000	97.281328 
3059.000000	97.278997 
3058.000000	97.278283 
3057.000000	97.279531 
3056.000000	97.282488 
3055.000000	97.285936 
3054.000000	97.287585 
3053.000000	97.285853 
3052.000000	97.282109 
3051.000000	97.279903 
3050.000000	97.281091 
3049.000000	97.283860 
3048.000000	97.285190 
3047.000000	97.284066 
3046.000000	97.281312 
3045.000000	97.277687 
3044.000000	97.273770 
3043.000000	97.271175 
3042.000000	97.271949 
3041.000000	97.276131 
3040.000000	97.280808 
3039.000000	97.282393 
3038.000000	97.279627 
3037.000000	97.274002 
3036.000000	97.267770 
3035.000000	97.261920 
3034.000000	97.256224 
3033.000000	97.250672 
3032.000000	97.246030 
3031.000000	97.242933 
3030.000000	97.241130 
3029.000000	97.239814 
3028.000000	97.238052 
3027.000000	97.234619 
3026.000000	97.228386 
3025.000000	97.219718 
3024.000000	97.210898 
3023.000000	97.204044 
3022.000000	97.198954 
3021.000000	97.194167 
3020.000000	97.189637 
3019.000000	97.186661 
3018.000000	97.185007 
3017.000000	97.181958 
3016.000000	97.175237 
3015.000000	97.165812 
3014.000000	97.156976 
3013.000000	97.151225 
3012.000000	97.148457 
3011.000000	97.146403 
3010.000000	97.142247 
3009.000000	97.134558 
3008.000000	97.124294 
3007.000000	97.113726 
3006.000000	97.104159 
3005.000000	97.095230 
3004.000000	97.086361 
3003.000000	97.077882 
3002.000000	97.070419 
3001.000000	97.064145 
3000.000000	97.059055 
2999.000000	97.055038 
2998.000000	97.051186 
2997.000000	97.046034 
2996.000000	97.039100 
2995.000000	97.031366 
2994.000000	97.023610 
2993.000000	97.015029 
2992.000000	97.004335 
2991.000000	96.991762 
2990.000000	96.979349 
2989.000000	96.969624 
2988.000000	96.964380 
2987.000000	96.964116 
2986.000000	96.967872 
2985.000000	96.973802 
2984.000000	96.980327 
2983.000000	96.986645 
2982.000000	96.992134 
2981.000000	96.995862 
2980.000000	96.996976 
2979.000000	96.995116 
2978.000000	96.990375 
2977.000000	96.983550 
2976.000000	96.976672 
2975.000000	96.972441 
2974.000000	96.972492 
2973.000000	96.976488 
2972.000000	96.982893 
2971.000000	96.990013 
2970.000000	96.996238 
2969.000000	97.000550 
2968.000000	97.003495 
2967.000000	97.006841 
2966.000000	97.011541 
2965.000000	97.016706 
2964.000000	97.021151 
2963.000000	97.025067 
2962.000000	97.029354 
2961.000000	97.034117 
2960.000000	97.038962 
2959.000000	97.044342 
2958.000000	97.051347 
2957.000000	97.060055 
2956.000000	97.068827 
2955.000000	97.075361 
2954.000000	97.078294 
2953.000000	97.078221 
2952.000000	97.077719 
2951.000000	97.079759 
2950.000000	97.085065 
2949.000000	97.091225 
2948.000000	97.095130 
2947.000000	97.095968 
2946.000000	97.095265 
2945.000000	97.094590 
2944.000000	97.094286 
2943.000000	97.094209 
2942.000000	97.094194 
2941.000000	97.093517 
2940.000000	97.091266 
2939.000000	97.088027 
2938.000000	97.086171 
2937.000000	97.087464 
2936.000000	97.090871 
2935.000000	97.093489 
2934.000000	97.093326 
2933.000000	97.090501 
2932.000000	97.086295 
2931.000000	97.082069 
2930.000000	97.079121 
2929.000000	97.078534 
2928.000000	97.080404 
2927.000000	97.083391 
2926.000000	97.085623 
2925.000000	97.086321 
2924.000000	97.086351 
2923.000000	97.087038 
2922.000000	97.088591 
2921.000000	97.089995 
2920.000000	97.090505 
2919.000000	97.090744 
2918.000000	97.091790 
2917.000000	97.093278 
2916.000000	97.093246 
2915.000000	97.090371 
2914.000000	97.085971 
2913.000000	97.083039 
2912.000000	97.083184 
2911.000000	97.085074 
2910.000000	97.086124 
2909.000000	97.085326 
2908.000000	97.084014 
2907.000000	97.083941 
2906.000000	97.085136 
2905.000000	97.085717 
2904.000000	97.083777 
2903.000000	97.079309 
2902.000000	97.075126 
2901.000000	97.074555 
2900.000000	97.078820 
2899.000000	97.086387 
2898.000000	97.094387 
2897.000000	97.100973 
2896.000000	97.105665 
2895.000000	97.108210 
2894.000000	97.108466 
2893.000000	97.107650 
2892.000000	97.108269 
2891.000000	97.111777 
2890.000000	97.116976 
2889.000000	97.121640 
2888.000000	97.125166 
2887.000000	97.128371 
2886.000000	97.131171 
2885.000000	97.132383 
2884.000000	97.132287 
2883.000000	97.133539 
2882.000000	97.138260 
2881.000000	97.145364 
2880.000000	97.152093 
2879.000000	97.157642 
2878.000000	97.163563 
2877.000000	97.170716 
2876.000000	97.177641 
2875.000000	97.182568 
2874.000000	97.185676 
2873.000000	97.188377 
2872.000000	97.191238 
2871.000000	97.193690 
2870.000000	97.195448 
2869.000000	97.197153 
2868.000000	97.199533 
2867.000000	97.202634 
2866.000000	97.205996 
2865.000000	97.209133 
2864.000000	97.211892 
2863.000000	97.214864 
2862.000000	97.219369 
2861.000000	97.226328 
2860.000000	97.234899 
2859.000000	97.242876 
2858.000000	97.248847 
2857.000000	97.253548 
2856.000000	97.258749 
2855.000000	97.265095 
2854.000000	97.271517 
2853.000000	97.276579 
2852.000000	97.279837 
2851.000000	97.281932 
2850.000000	97.283919 
2849.000000	97.286606 
2848.000000	97.290167 
2847.000000	97.294062 
2846.000000	97.297421 
2845.000000	97.299753 
2844.000000	97.301366 
2843.000000	97.303147 
2842.000000	97.305921 
2841.000000	97.309825 
2840.000000	97.314092 
2839.000000	97.317540 
2838.000000	97.319589 
2837.000000	97.320815 
2836.000000	97.322415 
2835.000000	97.325138 
2834.000000	97.328894 
2833.000000	97.333310 
2832.000000	97.338165 
2831.000000	97.343048 
2830.000000	97.346946 
2829.000000	97.348763 
2828.000000	97.348417 
2827.000000	97.347259 
2826.000000	97.347220 
2825.000000	97.349319 
2824.000000	97.352979 
2823.000000	97.356601 
2822.000000	97.358876 
2821.000000	97.359671 
2820.000000	97.359808 
2819.000000	97.360122 
2818.000000	97.360792 
2817.000000	97.361576 
2816.000000	97.362429 
2815.000000	97.363629 
2814.000000	97.365245 
2813.000000	97.366730 
2812.000000	97.367279 
2811.000000	97.366648 
2810.000000	97.365518 
2809.000000	97.365002 
2808.000000	97.365784 
2807.000000	97.367777 
2806.000000	97.370410 
2805.000000	97.373027 
2804.000000	97.375075 
2803.000000	97.376217 
2802.000000	97.376573 
2801.000000	97.376801 
2800.000000	97.377636 
2799.000000	97.379178 
2798.000000	97.380763 
2797.000000	97.381641 
2796.000000	97.381668 
2795.000000	97.381296 
2794.000000	97.381089 
2793.000000	97.381321 
2792.000000	97.381976 
2791.000000	97.382885 
2790.000000	97.383806 
2789.000000	97.384539 
2788.000000	97.385075 
2787.000000	97.385604 
2786.000000	97.386328 
2785.000000	97.387262 
2784.000000	97.388234 
2783.000000	97.389077 
2782.000000	97.389769 
2781.000000	97.390400 
2780.000000	97.391065 
2779.000000	97.391808 
2778.000000	97.392625 
2777.000000	97.393481 
2776.000000	97.394313 
2775.000000	97.395062 
2774.000000	97.395708 
2773.000000	97.396274 
2772.000000	97.396790 
2771.000000	97.397284 
2770.000000	97.397809 
2769.000000	97.398436 
2768.000000	97.399185 
2767.000000	97.399981 
2766.000000	97.400723 
2765.000000	97.401383 
2764.000000	97.402007 
2763.000000	97.402628 
2762.000000	97.403205 
2761.000000	97.403696 
2760.000000	97.404126 
2759.000000	97.404583 
2758.000000	97.405117 
2757.000000	97.405686 
2756.000000	97.406197 
2755.000000	97.406617 
2754.000000	97.407003 
2753.000000	97.407449 
2752.000000	97.407976 
2751.000000	97.408530 
2750.000000	97.409059 
2749.000000	97.409579 
2748.000000	97.410090 
2747.000000	97.410494 
2746.000000	97.410717 
2745.000000	97.410811 
2744.000000	97.410929 
2743.000000	97.411173 
2742.000000	97.411528 
2741.000000	97.411923 
2740.000000	97.412308 
2739.000000	97.412683 
2738.000000	97.413048 
2737.000000	97.413383 
2736.000000	97.413678 
2735.000000	97.413950 
2734.000000	97.414237 
2733.000000	97.414561 
2732.000000	97.414923 
2731.000000	97.415304 
2730.000000	97.415686 
2729.000000	97.416064 
2728.000000	97.416438 
2727.000000	97.416780 
2726.000000	97.417055 
2725.000000	97.417261 
2724.000000	97.417457 
2723.000000	97.417709 
2722.000000	97.418017 
2721.000000	97.418329 
2720.000000	97.418625 
2719.000000	97.418953 
2718.000000	97.419348 
2717.000000	97.419770 
2716.000000	97.420144 
2715.000000	97.420445 
2714.000000	97.420722 
2713.000000	97.421042 
2712.000000	97.421422 
2711.000000	97.421831 
2710.000000	97.422241 
2709.000000	97.422645 
2708.000000	97.423045 
2707.000000	97.423445 
2706.000000	97.423860 
2705.000000	97.424305 
2704.000000	97.424766 
2703.000000	97.425180 
2702.000000	97.425482 
2701.000000	97.425707 
2700.000000	97.426000 
2699.000000	97.426483 
2698.000000	97.427124 
2697.000000	97.427715 
2696.000000	97.428052 
2695.000000	97.428122 
2694.000000	97.428099 
2693.000000	97.428168 
2692.000000	97.428347 
2691.000000	97.428527 
2690.000000	97.428621 
2689.000000	97.428652 
2688.000000	97.428692 
2687.000000	97.428774 
2686.000000	97.428886 
2685.000000	97.429033 
2684.000000	97.429247 
2683.000000	97.429510 
2682.000000	97.429739 
2681.000000	97.429863 
2680.000000	97.429902 
2679.000000	97.429929 
2678.000000	97.429998 
2677.000000	97.430121 
2676.000000	97.430284 
2675.000000	97.430413 
2674.000000	97.430389 
2673.000000	97.430168 
2672.000000	97.429877 
2671.000000	97.429682 
2670.000000	97.429596 
2669.000000	97.429501 
2668.000000	97.429332 
2667.000000	97.429146 
2666.000000	97.428992 
2665.000000	97.428829 
2664.000000	97.428618 
2663.000000	97.428427 
2662.000000	97.428346 
2661.000000	97.428334 
2660.000000	97.428234 
2659.000000	97.427967 
2658.000000	97.427618 
2657.000000	97.427330 
2656.000000	97.427142 
2655.000000	97.426975 
2654.000000	97.426739 
2653.000000	97.426415 
2652.000000	97.426084 
2651.000000	97.425877 
2650.000000	97.425873 
2649.000000	97.426027 
2648.000000	97.426194 
2647.000000	97.426226 
2646.000000	97.426037 
2645.000000	97.425599 
2644.000000	97.424960 
2643.000000	97.424284 
2642.000000	97.423778 
2641.000000	97.423517 
2640.000000	97.423380 
2639.000000	97.423198 
2638.000000	97.422946 
2637.000000	97.422703 
2636.000000	97.422519 
2635.000000	97.422400 
2634.000000	97.422382 
2633.000000	97.422479 
2632.000000	97.422569 
2631.000000	97.422453 
2630.000000	97.422071 
2629.000000	97.421560 
2628.000000	97.421113 
2627.000000	97.420777 
2626.000000	97.420496 
2625.000000	97.420245 
2624.000000	97.420061 
2623.000000	97.419943 
2622.000000	97.419805 
2621.000000	97.419534 
2620.000000	97.419065 
2619.000000	97.418419 
2618.000000	97.417710 
2617.000000	97.417122 
2616.000000	97.416787 
2615.000000	97.416685 
2614.000000	97.416658 
2613.000000	97.416545 
2612.000000	97.416306 
2611.000000	97.415988 
2610.000000	97.415657 
2609.000000	97.415366 
2608.000000	97.415134 
2607.000000	97.414918 
2606.000000	97.414642 
2605.000000	97.414275 
2604.000000	97.413843 
2603.000000	97.413386 
2602.000000	97.412949 
2601.000000	97.412624 
2600.000000	97.412463 
2599.000000	97.412322 
2598.000000	97.411927 
2597.000000	97.411213 
2596.000000	97.410448 
2595.000000	97.409912 
2594.000000	97.409507 
2593.000000	97.408975 
2592.000000	97.408432 
2591.000000	97.408267 
2590.000000	97.408466 
2589.000000	97.408482 
2588.000000	97.407970 
2587.000000	97.407295 
2586.000000	97.407047 
2585.000000	97.407389 
2584.000000	97.408071 
2583.000000	97.408780 
2582.000000	97.409247 
2581.000000	97.409228 
2580.000000	97.408695 
2579.000000	97.408032 
2578.000000	97.407772 
2577.000000	97.408097 
2576.000000	97.408677 
2575.000000	97.408965 
2574.000000	97.408610 
2573.000000	97.407662 
2572.000000	97.406466 
2571.000000	97.405343 
2570.000000	97.404381 
2569.000000	97.403582 
2568.000000	97.403118 
2567.000000	97.403170 
2566.000000	97.403531 
2565.000000	97.403708 
2564.000000	97.403505 
2563.000000	97.403211 
2562.000000	97.403115 
2561.000000	97.403169 
2560.000000	97.403321 
2559.000000	97.403813 
2558.000000	97.404790 
2557.000000	97.405850 
2556.000000	97.406377 
2555.000000	97.406231 
2554.000000	97.405778 
2553.000000	97.405300 
2552.000000	97.404764 
2551.000000	97.404233 
2550.000000	97.404016 
2549.000000	97.404188 
2548.000000	97.404319 
2547.000000	97.403959 
2546.000000	97.403218 
2545.000000	97.402624 
2544.000000	97.402425 
2543.000000	97.402357 
2542.000000	97.402083 
2541.000000	97.401670 
2540.000000	97.401445 
2539.000000	97.401527 
2538.000000	97.401709 
2537.000000	97.401742 
2536.000000	97.401630 
2535.000000	97.401549 
2534.000000	97.401568 
2533.000000	97.401563 
2532.000000	97.401410 
2531.000000	97.401153 
2530.000000	97.400936 
2529.000000	97.400817 
2528.000000	97.400723 
2527.000000	97.400609 
2526.000000	97.400566 
2525.000000	97.400691 
2524.000000	97.400948 
2523.000000	97.401193 
2522.000000	97.401319 
2521.000000	97.401337 
2520.000000	97.401315 
2519.000000	97.401294 
2518.000000	97.401266 
2517.000000	97.401197 
2516.000000	97.401068 
2515.000000	97.400893 
2514.000000	97.400741 
2513.000000	97.400711 
2512.000000	97.400835 
2511.000000	97.401061 
2510.000000	97.401305 
2509.000000	97.401518 
2508.000000	97.401687 
2507.000000	97.401810 
2506.000000	97.401903 
2505.000000	97.402007 
2504.000000	97.402153 
2503.000000	97.402332 
2502.000000	97.402505 
2501.000000	97.402648 
2500.000000	97.402766 
2499.000000	97.402878 
2498.000000	97.403000 
2497.000000	97.403138 
2496.000000	97.403293 
2495.000000	97.403468 
2494.000000	97.403660 
2493.000000	97.403847 
2492.000000	97.404013 
2491.000000	97.404160 
2490.000000	97.404315 
2489.000000	97.404489 
2488.000000	97.404638 
2487.000000	97.404704 
2486.000000	97.404680 
2485.000000	97.404628 
2484.000000	97.404614 
2483.000000	97.404655 
2482.000000	97.404717 
2481.000000	97.404753 
2480.000000	97.404733 
2479.000000	97.404638 
2478.000000	97.404497 
2477.000000	97.404426 
2476.000000	97.404534 
2475.000000	97.404774 
2474.000000	97.404934 
2473.000000	97.404830 
2472.000000	97.404459 
2471.000000	97.403944 
2470.000000	97.403434 
2469.000000	97.403120 
2468.000000	97.403150 
2467.000000	97.403403 
2466.000000	97.403471 
2465.000000	97.403034 
2464.000000	97.402275 
2463.000000	97.401795 
2462.000000	97.402126 
2461.000000	97.403366 
2460.000000	97.405130 
2459.000000	97.406746 
2458.000000	97.407550 
2457.000000	97.407161 
2456.000000	97.405643 
2455.000000	97.403552 
2454.000000	97.401736 
2453.000000	97.400746 
2452.000000	97.400404 
2451.000000	97.400089 
2450.000000	97.399569 
2449.000000	97.399336 
2448.000000	97.399835 
2447.000000	97.400691 
2446.000000	97.401082 
2445.000000	97.400729 
2444.000000	97.400062 
2443.000000	97.399533 
2442.000000	97.399224 
2441.000000	97.399146 
2440.000000	97.399422 
2439.000000	97.400074 
2438.000000	97.400998 
2437.000000	97.402196 
2436.000000	97.403664 
2435.000000	97.405003 
2434.000000	97.405595 
2433.000000	97.405287 
2432.000000	97.404612 
2431.000000	97.404237 
2430.000000	97.404441 
2429.000000	97.405203 
2428.000000	97.406341 
2427.000000	97.407389 
2426.000000	97.407739 
2425.000000	97.407172 
2424.000000	97.406064 
2423.000000	97.405017 
2422.000000	97.404422 
2421.000000	97.404428 
2420.000000	97.405062 
2419.000000	97.406131 
2418.000000	97.407164 
2417.000000	97.407837 
2416.000000	97.408234 
2415.000000	97.408541 
2414.000000	97.408786 
2413.000000	97.409001 
2412.000000	97.409382 
2411.000000	97.409988 
2410.000000	97.410483 
2409.000000	97.410562 
2408.000000	97.410439 
2407.000000	97.410556 
2406.000000	97.410942 
2405.000000	97.411080 
2404.000000	97.410525 
2403.000000	97.409427 
2402.000000	97.408326 
2401.000000	97.407678 
2400.000000	97.407760 
2399.000000	97.408668 
2398.000000	97.410265 
2397.000000	97.412354 
2396.000000	97.414912 
2395.000000	97.417598 
2394.000000	97.419082 
2393.000000	97.418268 
2392.000000	97.416432 
2391.000000	97.416316 
2390.000000	97.418568 
2389.000000	97.420734 
2388.000000	97.420495 
2387.000000	97.418161 
2386.000000	97.415294 
2385.000000	97.412579 
2384.000000	97.409851 
2383.000000	97.407077 
2382.000000	97.404435 
2381.000000	97.402583 
2380.000000	97.403604 
2379.000000	97.410014 
2378.000000	97.421211 
2377.000000	97.431925 
2376.000000	97.436636 
2375.000000	97.435113 
2374.000000	97.431312 
2373.000000	97.427412 
2372.000000	97.422165 
2371.000000	97.415651 
2370.000000	97.411433 
2369.000000	97.411252 
2368.000000	97.410736 
2367.000000	97.404493 
2366.000000	97.394171 
2365.000000	97.387446 
2364.000000	97.389283 
2363.000000	97.398071 
2362.000000	97.410130 
2361.000000	97.423839 
2360.000000	97.438587 
2359.000000	97.452882 
2358.000000	97.465625 
2357.000000	97.477359 
2356.000000	97.487813 
2355.000000	97.494450 
2354.000000	97.494624 
2353.000000	97.487985 
2352.000000	97.475001 
2351.000000	97.454523 
2350.000000	97.426473 
2349.000000	97.395411 
2348.000000	97.370015 
2347.000000	97.358283 
2346.000000	97.362812 
2345.000000	97.378406 
2344.000000	97.393823 
2343.000000	97.401692 
2342.000000	97.403847 
2341.000000	97.406064 
2340.000000	97.411383 
2339.000000	97.418111 
2338.000000	97.422569 
2337.000000	97.422888 
2336.000000	97.420541 
2335.000000	97.418079 
2334.000000	97.416258 
2333.000000	97.414367 
2332.000000	97.412625 
2331.000000	97.411413 
2330.000000	97.409473 
2329.000000	97.404679 
2328.000000	97.397754 
2327.000000	97.392098 
2326.000000	97.389683 
2325.000000	97.390021 
2324.000000	97.392306 
2323.000000	97.396637 
2322.000000	97.401471 
2321.000000	97.403505 
2320.000000	97.401819 
2319.000000	97.399247 
2318.000000	97.398163 
2317.000000	97.396877 
2316.000000	97.392487 
2315.000000	97.384837 
2314.000000	97.376410 
2313.000000	97.369358 
2312.000000	97.364287 
2311.000000	97.360812 
2310.000000	97.357778 
2309.000000	97.353730 
2308.000000	97.348646 
2307.000000	97.344732 
2306.000000	97.343784 
2305.000000	97.344559 
2304.000000	97.344127 
2303.000000	97.341732 
2302.000000	97.339514 
2301.000000	97.339339 
2300.000000	97.340557 
2299.000000	97.340847 
2298.000000	97.338452 
2297.000000	97.333095 
2296.000000	97.326115 
2295.000000	97.320143 
2294.000000	97.317434 
2293.000000	97.317901 
2292.000000	97.319481 
2291.000000	97.320480 
2290.000000	97.320914 
2289.000000	97.321503 
2288.000000	97.322109 
2287.000000	97.321808 
2286.000000	97.319965 
2285.000000	97.316968 
2284.000000	97.313888 
2283.000000	97.311612 
2282.000000	97.310202 
2281.000000	97.308896 
2280.000000	97.306793 
2279.000000	97.303618 
2278.000000	97.299954 
2277.000000	97.296788 
2276.000000	97.294796 
2275.000000	97.293926 
2274.000000	97.293542 
2273.000000	97.293023 
2272.000000	97.292214 
2271.000000	97.291261 
2270.000000	97.290144 
2269.000000	97.288695 
2268.000000	97.286989 
2267.000000	97.285332 
2266.000000	97.283773 
2265.000000	97.281986 
2264.000000	97.279738 
2263.000000	97.277141 
2262.000000	97.274416 
2261.000000	97.271680 
2260.000000	97.269055 
2259.000000	97.266659 
2258.000000	97.264446 
2257.000000	97.262321 
2256.000000	97.260424 
2255.000000	97.258993 
2254.000000	97.257874 
2253.000000	97.256430 
2252.000000	97.254181 
2251.000000	97.251237 
2250.000000	97.248015 
2249.000000	97.244851 
2248.000000	97.241931 
2247.000000	97.239418 
2246.000000	97.237341 
2245.000000	97.235474 
2244.000000	97.233464 
2243.000000	97.231191 
2242.000000	97.228774 
2241.000000	97.226423 
2240.000000	97.224270 
2239.000000	97.222302 
2238.000000	97.220400 
2237.000000	97.218415 
2236.000000	97.216279 
2235.000000	97.214032 
2234.000000	97.211751 
2233.000000	97.209462 
2232.000000	97.207139 
2231.000000	97.204793 
2230.000000	97.202460 
2229.000000	97.200107 
2228.000000	97.197652 
2227.000000	97.195103 
2226.000000	97.192560 
2225.000000	97.190069 
2224.000000	97.187555 
2223.000000	97.184956 
2222.000000	97.182321 
2221.000000	97.179748 
2220.000000	97.177248 
2219.000000	97.174754 
2218.000000	97.172226 
2217.000000	97.169678 
2216.000000	97.167139 
2215.000000	97.164614 
2214.000000	97.162091 
2213.000000	97.159552 
2212.000000	97.157002 
2211.000000	97.154478 
2210.000000	97.152013 
2209.000000	97.149604 
2208.000000	97.147218 
2207.000000	97.144818 
2206.000000	97.142373 
2205.000000	97.139870 
2204.000000	97.137319 
2203.000000	97.134786 
2202.000000	97.132393 
2201.000000	97.130138 
2200.000000	97.127627 
2199.000000	97.124223 
2198.000000	97.119674 
2197.000000	97.114684 
2196.000000	97.110411 
2195.000000	97.107325 
2194.000000	97.104838 
2193.000000	97.102213 
2192.000000	97.099568 
2191.000000	97.097539 
2190.000000	97.096225 
2189.000000	97.095073 
2188.000000	97.093717 
2187.000000	97.092010 
2186.000000	97.088973 
2185.000000	97.083170 
2184.000000	97.075432 
2183.000000	97.070115 
2182.000000	97.071365 
2181.000000	97.078257 
2180.000000	97.084551 
2179.000000	97.084679 
2178.000000	97.078440 
2177.000000	97.069854 
2176.000000	97.063074 
2175.000000	97.059767 
2174.000000	97.059646 
2173.000000	97.061897 
2172.000000	97.066058 
2171.000000	97.071810 
2170.000000	97.077500 
2169.000000	97.079508 
2168.000000	97.074961 
2167.000000	97.065372 
2166.000000	97.055857 
2165.000000	97.049530 
2164.000000	97.044208 
2163.000000	97.036171 
2162.000000	97.026036 
2161.000000	97.018980 
2160.000000	97.019412 
2159.000000	97.027076 
2158.000000	97.038328 
2157.000000	97.050002 
2156.000000	97.061245 
2155.000000	97.072253 
2154.000000	97.082844 
2153.000000	97.092762 
2152.000000	97.101986 
2151.000000	97.109255 
2150.000000	97.111401 
2149.000000	97.107113 
2148.000000	97.101417 
2147.000000	97.102640 
2146.000000	97.113376 
2145.000000	97.127409 
2144.000000	97.137625 
2143.000000	97.144242 
2142.000000	97.151930 
2141.000000	97.161810 
2140.000000	97.170840 
2139.000000	97.177968 
2138.000000	97.186179 
2137.000000	97.197470 
2136.000000	97.208961 
2135.000000	97.215184 
2134.000000	97.212778 
2133.000000	97.203437 
2132.000000	97.194001 
2131.000000	97.191971 
2130.000000	97.199002 
2129.000000	97.209446 
2128.000000	97.216449 
2127.000000	97.218864 
2126.000000	97.220522 
2125.000000	97.224195 
2124.000000	97.228877 
2123.000000	97.232550 
2122.000000	97.234599 
2121.000000	97.234897 
2120.000000	97.232851 
2119.000000	97.228558 
2118.000000	97.223743 
2117.000000	97.220653 
2116.000000	97.220159 
2115.000000	97.220957 
2114.000000	97.220459 
2113.000000	97.217074 
2112.000000	97.212251 
2111.000000	97.209623 
2110.000000	97.211288 
2109.000000	97.215702 
2108.000000	97.219751 
2107.000000	97.221980 
2106.000000	97.222770 
2105.000000	97.222731 
2104.000000	97.222574 
2103.000000	97.223360 
2102.000000	97.224758 
2101.000000	97.223984 
2100.000000	97.218845 
2099.000000	97.211483 
2098.000000	97.207127 
2097.000000	97.208512 
2096.000000	97.213523 
2095.000000	97.217926 
2094.000000	97.219408 
2093.000000	97.218358 
2092.000000	97.216178 
2091.000000	97.214169 
2090.000000	97.213189 
2089.000000	97.213223 
2088.000000	97.213309 
2087.000000	97.212329 
2086.000000	97.209779 
2085.000000	97.205855 
2084.000000	97.201412 
2083.000000	97.197600 
2082.000000	97.194950 
2081.000000	97.192928 
2080.000000	97.190874 
2079.000000	97.188939 
2078.000000	97.187249 
2077.000000	97.184747 
2076.000000	97.180303 
2075.000000	97.174793 
2074.000000	97.170248 
2073.000000	97.166734 
2072.000000	97.162227 
2071.000000	97.155870 
2070.000000	97.149422 
2069.000000	97.144886 
2068.000000	97.142280 
2067.000000	97.140306 
2066.000000	97.137850 
2065.000000	97.134107 
2064.000000	97.128444 
2063.000000	97.121296 
2062.000000	97.114672 
2061.000000	97.110524 
2060.000000	97.108895 
2059.000000	97.108400 
2058.000000	97.107629 
2057.000000	97.105726 
2056.000000	97.102178 
2055.000000	97.096854 
2054.000000	97.090500 
2053.000000	97.084396 
2052.000000	97.079294 
2051.000000	97.074973 
2050.000000	97.070677 
2049.000000	97.065887 
2048.000000	97.060781 
2047.000000	97.056089 
2046.000000	97.052424 
2045.000000	97.049721 
2044.000000	97.047338 
2043.000000	97.044674 
2042.000000	97.041621 
2041.000000	97.038540 
2040.000000	97.036001 
2039.000000	97.034451 
2038.000000	97.033794 
2037.000000	97.033141 
2036.000000	97.031436 
2035.000000	97.028486 
2034.000000	97.025224 
2033.000000	97.022906 
2032.000000	97.021940 
2031.000000	97.021620 
2030.000000	97.020726 
2029.000000	97.018499 
2028.000000	97.015186 
2027.000000	97.011881 
2026.000000	97.009548 
2025.000000	97.008321 
2024.000000	97.007937 
2023.000000	97.008521 
2022.000000	97.010323 
2021.000000	97.012677 
2020.000000	97.013937 
2019.000000	97.012846 
2018.000000	97.009461 
2017.000000	97.005114 
2016.000000	97.001577 
2015.000000	97.000013 
2014.000000	97.000244 
2013.000000	97.000423 
2012.000000	96.998611 
2011.000000	96.995404 
2010.000000	96.993802 
2009.000000	96.995582 
2008.000000	96.999106 
2007.000000	97.001594 
2006.000000	97.002680 
2005.000000	97.003892 
2004.000000	97.005841 
2003.000000	97.007966 
2002.000000	97.010372 
2001.000000	97.013521 
2000.000000	97.016153 
1999.000000	97.015593 
1998.000000	97.010482 
1997.000000	97.002257 
1996.000000	96.994306 
1995.000000	96.989784 
1994.000000	96.989801 
1993.000000	96.992657 
1992.000000	96.994732 
1991.000000	96.994002 
1990.000000	96.992333 
1989.000000	96.992987 
1988.000000	96.996284 
1987.000000	96.998863 
1986.000000	96.997302 
1985.000000	96.991572 
1984.000000	96.984816 
1983.000000	96.980415 
1982.000000	96.979472 
1981.000000	96.980631 
1980.000000	96.981914 
1979.000000	96.982656 
1978.000000	96.983277 
1977.000000	96.983709 
1976.000000	96.983184 
1975.000000	96.981883 
1974.000000	96.981816 
1973.000000	96.985173 
1972.000000	96.992145 
1971.000000	97.000733 
1970.000000	97.008157 
1969.000000	97.012224 
1968.000000	97.012207 
1967.000000	97.009394 
1966.000000	97.006883 
1965.000000	97.007579 
1964.000000	97.012261 
1963.000000	97.019707 
1962.000000	97.027896 
1961.000000	97.034886 
1960.000000	97.039321 
1959.000000	97.041078 
1958.000000	97.041769 
1957.000000	97.043900 
1956.000000	97.048630 
1955.000000	97.054694 
1954.000000	97.059747 
1953.000000	97.062813 
1952.000000	97.064748 
1951.000000	97.066701 
1950.000000	97.069113 
1949.000000	97.072293 
1948.000000	97.076783 
1947.000000	97.082512 
1946.000000	97.088211 
1945.000000	97.092459 
1944.000000	97.095034 
1943.000000	97.096803 
1942.000000	97.098743 
1941.000000	97.101290 
1940.000000	97.104473 
1939.000000	97.108046 
1938.000000	97.111567 
1937.000000	97.114881 
1936.000000	97.118343 
1935.000000	97.122195 
1934.000000	97.126047 
1933.000000	97.129428 
1932.000000	97.132514 
1931.000000	97.135916 
1930.000000	97.139901 
1929.000000	97.143928 
1928.000000	97.147259 
1927.000000	97.149879 
1926.000000	97.152429 
1925.000000	97.155210 
1924.000000	97.157820 
1923.000000	97.159995 
1922.000000	97.161914 
1921.000000	97.163655 
1920.000000	97.165132 
1919.000000	97.166523 
1918.000000	97.168104 
1917.000000	97.169567 
1916.000000	97.170449 
1915.000000	97.171355 
1914.000000	97.173373 
1913.000000	97.176502 
1912.000000	97.179661 
1911.000000	97.182227 
1910.000000	97.184512 
1909.000000	97.186745 
1908.000000	97.188737 
1907.000000	97.190441 
1906.000000	97.191935 
1905.000000	97.192939 
1904.000000	97.193242 
1903.000000	97.193522 
1902.000000	97.194678 
1901.000000	97.196596 
1900.000000	97.198484 
1899.000000	97.199942 
1898.000000	97.201218 
1897.000000	97.202579 
1896.000000	97.203888 
1895.000000	97.204967 
1894.000000	97.205886 
1893.000000	97.206784 
1892.000000	97.207743 
1891.000000	97.208821 
1890.000000	97.210024 
1889.000000	97.211257 
1888.000000	97.212442 
1887.000000	97.213591 
1886.000000	97.214733 
1885.000000	97.215877 
1884.000000	97.217017 
1883.000000	97.218151 
1882.000000	97.219298 
1881.000000	97.220477 
1880.000000	97.221698 
1879.000000	97.222957 
1878.000000	97.224243 
1877.000000	97.225549 
1876.000000	97.226875 
1875.000000	97.228224 
1874.000000	97.229596 
1873.000000	97.230980 
1872.000000	97.232357 
1871.000000	97.233714 
1870.000000	97.235049 
1869.000000	97.236374 
1868.000000	97.237701 
1867.000000	97.239047 
1866.000000	97.240425 
1865.000000	97.241836 
1864.000000	97.243275 
1863.000000	97.244746 
1862.000000	97.246254 
1861.000000	97.247801 
1860.000000	97.249373 
1859.000000	97.250956 
1858.000000	97.252555 
1857.000000	97.254177 
1856.000000	97.255825 
1855.000000	97.257502 
1854.000000	97.259206 
1853.000000	97.260935 
1852.000000	97.262676 
1851.000000	97.264421 
1850.000000	97.266164 
1849.000000	97.267895 
1848.000000	97.269605 
1847.000000	97.271292 
1846.000000	97.272967 
1845.000000	97.274641 
1844.000000	97.276313 
1843.000000	97.277982 
1842.000000	97.279654 
1841.000000	97.281333 
1840.000000	97.283011 
1839.000000	97.284673 
1838.000000	97.286302 
1837.000000	97.287881 
1836.000000	97.289403 
1835.000000	97.290878 
1834.000000	97.292318 
1833.000000	97.293727 
1832.000000	97.295095 
1831.000000	97.296417 
1830.000000	97.297697 
1829.000000	97.298947 
1828.000000	97.300175 
1827.000000	97.301388 
1826.000000	97.302594 
1825.000000	97.303805 
1824.000000	97.305000 
1823.000000	97.306130 
1822.000000	97.307185 
1821.000000	97.308196 
1820.000000	97.309160 
1819.000000	97.310041 
1818.000000	97.310879 
1817.000000	97.311783 
1816.000000	97.312735 
1815.000000	97.313635 
1814.000000	97.314512 
1813.000000	97.315515 
1812.000000	97.316561 
1811.000000	97.317266 
1810.000000	97.317539 
1809.000000	97.317781 
1808.000000	97.318248 
1807.000000	97.318844 
1806.000000	97.319559 
1805.000000	97.320467 
1804.000000	97.321328 
1803.000000	97.321766 
1802.000000	97.321795 
1801.000000	97.321947 
1800.000000	97.322431 
1799.000000	97.322818 
1798.000000	97.323072 
1797.000000	97.323489 
1796.000000	97.323790 
1795.000000	97.323593 
1794.000000	97.323287 
1793.000000	97.323688 
1792.000000	97.324511 
1791.000000	97.324666 
1790.000000	97.324485 
1789.000000	97.325042 
1788.000000	97.326295 
1787.000000	97.327492 
1786.000000	97.328470 
1785.000000	97.329517 
1784.000000	97.330428 
1783.000000	97.330989 
1782.000000	97.331389 
1781.000000	97.331911 
1780.000000	97.332588 
1779.000000	97.333302 
1778.000000	97.334348 
1777.000000	97.335868 
1776.000000	97.337382 
1775.000000	97.338329 
1774.000000	97.338548 
1773.000000	97.338557 
1772.000000	97.338920 
1771.000000	97.339287 
1770.000000	97.339314 
1769.000000	97.339443 
1768.000000	97.340146 
1767.000000	97.341232 
1766.000000	97.342200 
1765.000000	97.343020 
1764.000000	97.344004 
1763.000000	97.345141 
1762.000000	97.346045 
1761.000000	97.346634 
1760.000000	97.347208 
1759.000000	97.347863 
1758.000000	97.348448 
1757.000000	97.348888 
1756.000000	97.349455 
1755.000000	97.350106 
1754.000000	97.350340 
1753.000000	97.349971 
1752.000000	97.349634 
1751.000000	97.350205 
1750.000000	97.351690 
1749.000000	97.353295 
1748.000000	97.354500 
1747.000000	97.355422 
1746.000000	97.356127 
1745.000000	97.356783 
1744.000000	97.357784 
1743.000000	97.359043 
1742.000000	97.359957 
1741.000000	97.360393 
1740.000000	97.360918 
1739.000000	97.361894 
1738.000000	97.362817 
1737.000000	97.363225 
1736.000000	97.363138 
1735.000000	97.362893 
1734.000000	97.362837 
1733.000000	97.362935 
1732.000000	97.363417 
1731.000000	97.364721 
1730.000000	97.366698 
1729.000000	97.368374 
1728.000000	97.369207 
1727.000000	97.369494 
1726.000000	97.369744 
1725.000000	97.370114 
1724.000000	97.370504 
1723.000000	97.370843 
1722.000000	97.371286 
1721.000000	97.371773 
1720.000000	97.371985 
1719.000000	97.371608 
1718.000000	97.370825 
1717.000000	97.370254 
1716.000000	97.369752 
1715.000000	97.369099 
1714.000000	97.368805 
1713.000000	97.368938 
1712.000000	97.368938 
1711.000000	97.368596 
1710.000000	97.368171 
1709.000000	97.367783 
1708.000000	97.367306 
1707.000000	97.366715 
1706.000000	97.366190 
1705.000000	97.365704 
1704.000000	97.364850 
1703.000000	97.363598 
1702.000000	97.362211 
1701.000000	97.361033 
1700.000000	97.360028 
1699.000000	97.358927 
1698.000000	97.357787 
1697.000000	97.356734 
1696.000000	97.355720 
1695.000000	97.354666 
1694.000000	97.353565 
1693.000000	97.352432 
1692.000000	97.351255 
1691.000000	97.350021 
1690.000000	97.348724 
1689.000000	97.347362 
1688.000000	97.345938 
1687.000000	97.344462 
1686.000000	97.342952 
1685.000000	97.341420 
1684.000000	97.339860 
1683.000000	97.338262 
1682.000000	97.336628 
1681.000000	97.334967 
1680.000000	97.333294 
1679.000000	97.331611 
1678.000000	97.329920 
1677.000000	97.328219 
1676.000000	97.326511 
1675.000000	97.324803 
1674.000000	97.323067 
1673.000000	97.321230 
1672.000000	97.319329 
1671.000000	97.317535 
1670.000000	97.315971 
1669.000000	97.314396 
1668.000000	97.312653 
1667.000000	97.311036 
1666.000000	97.309615 
1665.000000	97.308201 
1664.000000	97.306842 
1663.000000	97.305837 
1662.000000	97.304813 
1661.000000	97.302609 
1660.000000	97.299590 
1659.000000	97.297398 
1658.000000	97.297000 
1657.000000	97.296830 
1656.000000	97.295836 
1655.000000	97.293603 
1654.000000	97.291620 
1653.000000	97.289968 
1652.000000	97.285420 
1651.000000	97.280084 
1650.000000	97.275494 
1649.000000	97.272244 
1648.000000	97.269629 
1647.000000	97.268174 
1646.000000	97.267301 
1645.000000	97.267096 
1644.000000	97.266278 
1643.000000	97.264855 
1642.000000	97.263599 
1641.000000	97.263538 
1640.000000	97.264520 
1639.000000	97.265027 
1638.000000	97.264344 
1637.000000	97.263110 
1636.000000	97.262074 
1635.000000	97.261702 
1634.000000	97.261560 
1633.000000	97.260693 
1632.000000	97.258428 
1631.000000	97.256096 
1630.000000	97.256150 
1629.000000	97.258119 
1628.000000	97.259699 
1627.000000	97.260723 
1626.000000	97.262201 
1625.000000	97.263590 
1624.000000	97.264339 
1623.000000	97.265766 
1622.000000	97.268423 
1621.000000	97.269916 
1620.000000	97.269492 
1619.000000	97.269068 
1618.000000	97.270277 
1617.000000	97.270979 
1616.000000	97.268366 
1615.000000	97.265664 
1614.000000	97.265655 
1613.000000	97.266155 
1612.000000	97.265114 
1611.000000	97.264103 
1610.000000	97.264998 
1609.000000	97.267000 
1608.000000	97.269349 
1607.000000	97.273002 
1606.000000	97.277109 
1605.000000	97.279501 
1604.000000	97.280653 
1603.000000	97.282366 
1602.000000	97.284660 
1601.000000	97.286289 
1600.000000	97.287332 
1599.000000	97.288890 
1598.000000	97.290902 
1597.000000	97.292517 
1596.000000	97.293720 
1595.000000	97.295326 
1594.000000	97.297551 
1593.000000	97.299648 
1592.000000	97.301177 
1591.000000	97.302580 
1590.000000	97.304264 
1589.000000	97.306029 
1588.000000	97.307720 
1587.000000	97.309574 
1586.000000	97.311598 
1585.000000	97.313328 
1584.000000	97.314661 
1583.000000	97.316043 
1582.000000	97.317711 
1581.000000	97.319450 
1580.000000	97.321082 
1579.000000	97.322705 
1578.000000	97.324388 
1577.000000	97.326019 
1576.000000	97.327521 
1575.000000	97.329070 
1574.000000	97.330677 
1573.000000	97.332170 
1572.000000	97.333586 
1571.000000	97.335031 
1570.000000	97.336378 
1569.000000	97.337368 
1568.000000	97.338161 
1567.000000	97.339041 
1566.000000	97.340026 
1565.000000	97.341002 
1564.000000	97.341959 
1563.000000	97.342878 
1562.000000	97.343712 
1561.000000	97.344370 
1560.000000	97.344905 
1559.000000	97.345509 
1558.000000	97.346141 
1557.000000	97.346657 
1556.000000	97.347030 
1555.000000	97.347458 
1554.000000	97.347871 
1553.000000	97.348239 
1552.000000	97.348513 
1551.000000	97.348716 
1550.000000	97.348796 
1549.000000	97.348751 
1548.000000	97.348643 
1547.000000	97.348567 
1546.000000	97.348507 
1545.000000	97.348371 
1544.000000	97.348102 
1543.000000	97.347700 
1542.000000	97.347259 
1541.000000	97.346910 
1540.000000	97.346362 
1539.000000	97.345426 
1538.000000	97.344381 
1537.000000	97.343308 
1536.000000	97.342196 
1535.000000	97.341177 
1534.000000	97.340500 
1533.000000	97.340054 
1532.000000	97.339343 
1531.000000	97.338060 
1530.000000	97.336521 
1529.000000	97.335215 
1528.000000	97.334103 
1527.000000	97.332851 
1526.000000	97.331409 
1525.000000	97.330115 
1524.000000	97.329212 
1523.000000	97.328645 
1522.000000	97.328385 
1521.000000	97.327830 
1520.000000	97.325804 
1519.000000	97.322268 
1518.000000	97.318433 
1517.000000	97.315507 
1516.000000	97.313436 
1515.000000	97.311671 
1514.000000	97.310411 
1513.000000	97.310391 
1512.000000	97.311059 
1511.000000	97.310110 
1510.000000	97.306421 
1509.000000	97.301553 
1508.000000	97.298567 
1507.000000	97.297653 
1506.000000	97.296807 
1505.000000	97.295405 
1504.000000	97.293132 
1503.000000	97.290354 
1502.000000	97.287237 
1501.000000	97.285105 
1500.000000	97.284334 
1499.000000	97.283149 
1498.000000	97.278971 
1497.000000	97.274090 
1496.000000	97.272627 
1495.000000	97.274152 
1494.000000	97.276320 
1493.000000	97.278742 
1492.000000	97.281991 
1491.000000	97.285885 
1490.000000	97.289296 
1489.000000	97.291482 
1488.000000	97.290719 
1487.000000	97.285982 
1486.000000	97.280381 
1485.000000	97.275219 
1484.000000	97.269823 
1483.000000	97.265057 
1482.000000	97.262202 
1481.000000	97.261174 
1480.000000	97.259733 
1479.000000	97.256701 
1478.000000	97.253579 
1477.000000	97.252116 
1476.000000	97.250618 
1475.000000	97.246458 
1474.000000	97.241215 
1473.000000	97.239653 
1472.000000	97.242618 
1471.000000	97.244945 
1470.000000	97.244245 
1469.000000	97.242521 
1468.000000	97.240825 
1467.000000	97.238359 
1466.000000	97.235308 
1465.000000	97.233575 
1464.000000	97.233742 
1463.000000	97.232956 
1462.000000	97.229830 
1461.000000	97.226609 
1460.000000	97.225637 
1459.000000	97.226379 
1458.000000	97.224476 
1457.000000	97.218735 
1456.000000	97.214094 
1455.000000	97.211722 
1454.000000	97.208703 
1453.000000	97.206445 
1452.000000	97.207043 
1451.000000	97.210108 
1450.000000	97.213539 
1449.000000	97.217533 
1448.000000	97.222259 
1447.000000	97.225483 
1446.000000	97.225166 
1445.000000	97.223094 
1444.000000	97.222787 
1443.000000	97.224016 
1442.000000	97.224342 
1441.000000	97.223096 
1440.000000	97.221613 
1439.000000	97.220098 
1438.000000	97.217406 
1437.000000	97.215056 
1436.000000	97.215768 
1435.000000	97.217056 
1434.000000	97.215459 
1433.000000	97.213194 
1432.000000	97.213579 
1431.000000	97.216643 
1430.000000	97.219280 
1429.000000	97.220294 
1428.000000	97.220648 
1427.000000	97.220557 
1426.000000	97.219359 
1425.000000	97.217697 
1424.000000	97.218744 
1423.000000	97.221648 
1422.000000	97.221952 
1421.000000	97.219436 
1420.000000	97.219177 
1419.000000	97.221314 
1418.000000	97.218382 
1417.000000	97.211008 
1416.000000	97.207362 
1415.000000	97.209434 
1414.000000	97.211312 
1413.000000	97.208697 
1412.000000	97.204471 
1411.000000	97.202453 
1410.000000	97.201202 
1409.000000	97.199219 
1408.000000	97.198290 
1407.000000	97.199994 
1406.000000	97.202934 
1405.000000	97.205794 
1404.000000	97.210781 
1403.000000	97.217247 
1402.000000	97.221111 
1401.000000	97.222664 
1400.000000	97.227051 
1399.000000	97.236152 
1398.000000	97.244058 
1397.000000	97.245812 
1396.000000	97.244131 
1395.000000	97.244893 
1394.000000	97.248917 
1393.000000	97.254042 
1392.000000	97.261608 
1391.000000	97.272268 
1390.000000	97.282788 
1389.000000	97.289485 
1388.000000	97.291767 
1387.000000	97.291700 
1386.000000	97.291180 
1385.000000	97.291622 
1384.000000	97.295083 
1383.000000	97.301934 
1382.000000	97.309467 
1381.000000	97.314924 
1380.000000	97.318127 
1379.000000	97.321391 
1378.000000	97.326668 
1377.000000	97.333776 
1376.000000	97.341370 
1375.000000	97.348463 
1374.000000	97.354317 
1373.000000	97.359031 
1372.000000	97.363944 
1371.000000	97.370756 
1370.000000	97.379675 
1369.000000	97.388291 
1368.000000	97.395442 
1367.000000	97.401888 
1366.000000	97.408213 
1365.000000	97.414377 
1364.000000	97.419628 
1363.000000	97.422588 
1362.000000	97.423118 
1361.000000	97.423370 
1360.000000	97.426185 
1359.000000	97.433016 
1358.000000	97.442471 
1357.000000	97.451135 
1356.000000	97.456854 
1355.000000	97.460135 
1354.000000	97.462827 
1353.000000	97.466989 
1352.000000	97.472642 
1351.000000	97.478861 
1350.000000	97.485378 
1349.000000	97.490390 
1348.000000	97.492929 
1347.000000	97.494297 
1346.000000	97.496713 
1345.000000	97.500360 
1344.000000	97.503761 
1343.000000	97.506285 
1342.000000	97.508945 
1341.000000	97.512123 
1340.000000	97.514492 
1339.000000	97.514922 
1338.000000	97.513636 
1337.000000	97.511601 
1336.000000	97.509605 
1335.000000	97.507670 
1334.000000	97.505800 
1333.000000	97.504787 
1332.000000	97.505355 
1331.000000	97.507241 
1330.000000	97.509349 
1329.000000	97.510761 
1328.000000	97.511433 
1327.000000	97.512117 
1326.000000	97.513051 
1325.000000	97.512958 
1324.000000	97.511504 
1323.000000	97.509355 
1322.000000	97.506511 
1321.000000	97.502802 
1320.000000	97.499817 
1319.000000	97.499645 
1318.000000	97.501875 
1317.000000	97.504215 
1316.000000	97.505492 
1315.000000	97.505995 
1314.000000	97.505666 
1313.000000	97.504654 
1312.000000	97.504463 
1311.000000	97.506124 
1310.000000	97.507895 
1309.000000	97.507408 
1308.000000	97.505225 
1307.000000	97.504383 
1306.000000	97.506492 
1305.000000	97.509913 
1304.000000	97.512800 
1303.000000	97.514505 
1302.000000	97.514552 
1301.000000	97.512635 
1300.000000	97.510187 
1299.000000	97.509497 
1298.000000	97.510769 
1297.000000	97.511794 
1296.000000	97.510949 
1295.000000	97.509152 
1294.000000	97.508108 
1293.000000	97.508299 
1292.000000	97.509253 
1291.000000	97.510397 
1290.000000	97.511243 
1289.000000	97.511650 
1288.000000	97.511949 
1287.000000	97.512140 
1286.000000	97.511340 
1285.000000	97.509200 
1284.000000	97.507249 
1283.000000	97.507140 
1282.000000	97.508096 
1281.000000	97.507681 
1280.000000	97.505001 
1279.000000	97.501773 
1278.000000	97.500067 
1277.000000	97.500387 
1276.000000	97.501835 
1275.000000	97.503093 
1274.000000	97.502935 
1273.000000	97.501065 
1272.000000	97.498615 
1271.000000	97.496731 
1270.000000	97.494705 
1269.000000	97.490917 
1268.000000	97.485524 
1267.000000	97.480276 
1266.000000	97.475533 
1265.000000	97.470157 
1264.000000	97.464571 
1263.000000	97.461176 
1262.000000	97.460829 
1261.000000	97.461150 
1260.000000	97.459883 
1259.000000	97.458088 
1258.000000	97.457707 
1257.000000	97.457828 
1256.000000	97.455378 
1255.000000	97.449271 
1254.000000	97.442319 
1253.000000	97.438398 
1252.000000	97.438031 
1251.000000	97.437653 
1250.000000	97.433700 
1249.000000	97.427040 
1248.000000	97.422230 
1247.000000	97.421936 
1246.000000	97.423540 
1245.000000	97.422691 
1244.000000	97.418598 
1243.000000	97.414142 
1242.000000	97.412239 
1241.000000	97.413859 
1240.000000	97.418150 
1239.000000	97.422255 
1238.000000	97.422229 
1237.000000	97.416484 
1236.000000	97.407646 
1235.000000	97.399393 
1234.000000	97.392433 
1233.000000	97.385416 
1232.000000	97.378263 
1231.000000	97.371895 
1230.000000	97.365999 
1229.000000	97.359932 
1228.000000	97.354606 
1227.000000	97.350624 
1226.000000	97.345640 
1225.000000	97.336671 
1224.000000	97.324312 
1223.000000	97.311805 
1222.000000	97.300364 
1221.000000	97.288299 
1220.000000	97.274666 
1219.000000	97.260885 
1218.000000	97.248429 
1217.000000	97.237252 
1216.000000	97.226406 
1215.000000	97.214225 
1214.000000	97.198702 
1213.000000	97.180271 
1212.000000	97.163177 
1211.000000	97.150688 
1210.000000	97.139741 
1209.000000	97.124124 
1208.000000	97.102620 
1207.000000	97.080388 
1206.000000	97.061993 
1205.000000	97.046204 
1204.000000	97.028896 
1203.000000	97.008366 
1202.000000	96.986302 
1201.000000	96.965306 
1200.000000	96.946689 
1199.000000	96.929713 
1198.000000	96.912303 
1197.000000	96.893406 
1196.000000	96.874433 
1195.000000	96.857483 
1194.000000	96.842753 
1193.000000	96.828572 
1192.000000	96.813258 
1191.000000	96.795767 
1190.000000	96.775633 
1189.000000	96.753719 
1188.000000	96.731987 
1187.000000	96.711099 
1186.000000	96.689585 
1185.000000	96.666825 
1184.000000	96.644864 
1183.000000	96.625310 
1182.000000	96.606575 
1181.000000	96.586649 
1180.000000	96.566464 
1179.000000	96.547523 
1178.000000	96.527983 
1177.000000	96.504590 
1176.000000	96.477068 
1175.000000	96.447266 
1174.000000	96.415573 
1173.000000	96.381923 
1172.000000	96.349100 
1171.000000	96.320345 
1170.000000	96.294124 
1169.000000	96.265860 
1168.000000	96.234941 
1167.000000	96.205624 
1166.000000	96.180894 
1165.000000	96.160192 
1164.000000	96.143921 
1163.000000	96.135261 
1162.000000	96.135641 
1161.000000	96.141841 
1160.000000	96.149058 
1159.000000	96.154035 
1158.000000	96.154202 
1157.000000	96.147077 
1156.000000	96.132057 
1155.000000	96.110628 
1154.000000	96.084270 
1153.000000	96.054387 
1152.000000	96.024148 
1151.000000	95.997027 
1150.000000	95.972911 
1149.000000	95.948825 
1148.000000	95.923813 
1147.000000	95.899491 
1146.000000	95.875192 
1145.000000	95.846761 
1144.000000	95.811925 
1143.000000	95.773740 
1142.000000	95.736791 
1141.000000	95.702382 
1140.000000	95.669072 
1139.000000	95.635482 
1138.000000	95.600923 
1137.000000	95.565284 
1136.000000	95.529582 
1135.000000	95.494975 
1134.000000	95.460587 
1133.000000	95.424167 
1132.000000	95.385087 
1131.000000	95.344544 
1130.000000	95.302942 
1129.000000	95.259669 
1128.000000	95.215449 
1127.000000	95.172007 
1126.000000	95.129015 
1125.000000	95.084116 
1124.000000	95.036389 
1123.000000	94.987458 
1122.000000	94.939012 
1121.000000	94.891618 
1120.000000	94.845857 
1119.000000	94.801960 
1118.000000	94.758548 
1117.000000	94.714430 
1116.000000	94.671150 
1115.000000	94.630934 
1114.000000	94.592904 
1113.000000	94.554452 
1112.000000	94.515528 
1111.000000	94.478098 
1110.000000	94.441910 
1109.000000	94.404686 
1108.000000	94.365982 
1107.000000	94.326853 
1106.000000	94.287007 
1105.000000	94.245963 
1104.000000	94.205792 
1103.000000	94.168865 
1102.000000	94.133042 
1101.000000	94.094307 
1100.000000	94.053179 
1099.000000	94.013267 
1098.000000	93.977020 
1097.000000	93.943917 
1096.000000	93.913195 
1095.000000	93.882861 
1094.000000	93.847756 
1093.000000	93.804122 
1092.000000	93.756022 
1091.000000	93.712100 
1090.000000	93.675856 
1089.000000	93.643578 
1088.000000	93.611043 
1087.000000	93.576820 
1086.000000	93.539603 
1085.000000	93.498632 
1084.000000	93.457382 
1083.000000	93.421181 
1082.000000	93.390236 
1081.000000	93.360039 
1080.000000	93.329107 
1079.000000	93.300927 
1078.000000	93.277531 
1077.000000	93.256375 
1076.000000	93.234432 
1075.000000	93.210590 
1074.000000	93.183859 
1073.000000	93.154236 
1072.000000	93.124832 
1071.000000	93.096986 
1070.000000	93.063335 
1069.000000	93.013062 
1068.000000	92.945628 
1067.000000	92.873814 
1066.000000	92.811655 
1065.000000	92.764029 
1064.000000	92.728440 
1063.000000	92.699117 
1062.000000	92.666271 
1061.000000	92.618540 
1060.000000	92.551762 
1059.000000	92.473252 
1058.000000	92.395167 
1057.000000	92.325453 
1056.000000	92.265347 
1055.000000	92.210931 
1054.000000	92.155076 
1053.000000	92.091768 
1052.000000	92.020868 
1051.000000	91.946622 
1050.000000	91.871562 
1049.000000	91.795024 
1048.000000	91.716373 
1047.000000	91.635020 
1046.000000	91.548795 
1045.000000	91.457305 
1044.000000	91.365293 
1043.000000	91.277769 
1042.000000	91.193374 
1041.000000	91.107542 
1040.000000	91.020479 
1039.000000	90.936760 
1038.000000	90.859247 
1037.000000	90.789279 
1036.000000	90.730255 
1035.000000	90.684155 
1034.000000	90.646602 
1033.000000	90.611892 
1032.000000	90.579974 
1031.000000	90.551581 
1030.000000	90.521324 
1029.000000	90.485573 
1028.000000	90.453678 
1027.000000	90.439790 
1026.000000	90.444466 
1025.000000	90.454304 
1024.000000	90.459155 
1023.000000	90.459758 
1022.000000	90.458857 
1021.000000	90.455931 
1020.000000	90.452031 
1019.000000	90.450331 
1018.000000	90.450347 
1017.000000	90.449245 
1016.000000	90.448987 
1015.000000	90.454292 
1014.000000	90.464117 
1013.000000	90.473513 
1012.000000	90.483113 
1011.000000	90.498016 
1010.000000	90.518237 
1009.000000	90.539524 
1008.000000	90.562921 
1007.000000	90.594095 
1006.000000	90.633646 
1005.000000	90.677270 
1004.000000	90.724593 
1003.000000	90.777885 
1002.000000	90.832766 
1001.000000	90.881272 
1000.000000	90.924962 
999.000000	 90.974311 
998.000000	 91.033336 
997.000000	 91.094584 
996.000000	 91.151540 
995.000000	 91.207350 
994.000000	 91.268650 
993.000000	 91.338131 
992.000000	 91.414712 
991.000000	 91.493832 
990.000000	 91.566954 
989.000000	 91.628506 
988.000000	 91.684303 
987.000000	 91.746085 
986.000000	 91.817884 
985.000000	 91.895230 
984.000000	 91.976603 
983.000000	 92.065811 
982.000000	 92.162093 
981.000000	 92.257585 
980.000000	 92.347212 
979.000000	 92.433237 
978.000000	 92.518084 
977.000000	 92.600777 
976.000000	 92.682909 
975.000000	 92.770216 
974.000000	 92.864551 
973.000000	 92.960313 
972.000000	 93.051808 
971.000000	 93.138982 
970.000000	 93.223865 
969.000000	 93.306682 
968.000000	 93.387585 
967.000000	 93.467571 
966.000000	 93.545970 
965.000000	 93.621225 
964.000000	 93.694989 
963.000000	 93.770958 
962.000000	 93.848961 
961.000000	 93.924666 
960.000000	 93.995397 
959.000000	 94.061659 
958.000000	 94.123114 
957.000000	 94.178420 
956.000000	 94.229582 
955.000000	 94.281516 
954.000000	 94.336201 
953.000000	 94.391259 
952.000000	 94.444295 
951.000000	 94.494200 
950.000000	 94.538890 
949.000000	 94.577119 
948.000000	 94.612376 
947.000000	 94.649657 
946.000000	 94.688003 
945.000000	 94.721256 
944.000000	 94.746327 
943.000000	 94.766098 
942.000000	 94.784544 
941.000000	 94.804285 
940.000000	 94.828733 
939.000000	 94.860425 
938.000000	 94.896149 
937.000000	 94.928978 
936.000000	 94.956063 
935.000000	 94.979973 
934.000000	 95.002740 
933.000000	 95.024154 
932.000000	 95.046125 
931.000000	 95.072401 
930.000000	 95.102296 
929.000000	 95.130098 
928.000000	 95.152745 
927.000000	 95.173612 
926.000000	 95.196722 
925.000000	 95.220841 
924.000000	 95.241068 
923.000000	 95.253708 
922.000000	 95.259102 
921.000000	 95.262375 
920.000000	 95.270933 
919.000000	 95.287887 
918.000000	 95.307993 
917.000000	 95.323160 
916.000000	 95.331656 
915.000000	 95.339069 
914.000000	 95.351560 
913.000000	 95.371757 
912.000000	 95.399680 
911.000000	 95.433153 
910.000000	 95.468041 
909.000000	 95.502312 
908.000000	 95.539016 
907.000000	 95.581917 
906.000000	 95.630311 
905.000000	 95.681759 
904.000000	 95.736636 
903.000000	 95.794801 
902.000000	 95.850885 
901.000000	 95.899505 
900.000000	 95.943509 
899.000000	 95.990956 
898.000000	 96.044900 
897.000000	 96.100811 
896.000000	 96.152740 
895.000000	 96.196963 
894.000000	 96.231736 
893.000000	 96.259207 
892.000000	 96.286285 
891.000000	 96.318279 
890.000000	 96.352951 
889.000000	 96.385414 
888.000000	 96.415935 
887.000000	 96.447165 
886.000000	 96.476863 
885.000000	 96.500475 
884.000000	 96.518359 
883.000000	 96.533257 
882.000000	 96.543723 
881.000000	 96.549002 
880.000000	 96.558166 
879.000000	 96.583354 
878.000000	 96.623398 
877.000000	 96.664018 
876.000000	 96.695525 
875.000000	 96.720906 
874.000000	 96.745589 
873.000000	 96.770508 
872.000000	 96.798167 
871.000000	 96.834660 
870.000000	 96.880244 
869.000000	 96.925655 
868.000000	 96.962610 
867.000000	 96.991847 
866.000000	 97.017682 
865.000000	 97.041225 
864.000000	 97.063223 
863.000000	 97.088045 
862.000000	 97.119389 
861.000000	 97.154867 
860.000000	 97.188676 
859.000000	 97.217469 
858.000000	 97.241679 
857.000000	 97.263835 
856.000000	 97.286933 
855.000000	 97.311319 
854.000000	 97.331978 
853.000000	 97.342481 
852.000000	 97.343071 
851.000000	 97.342016 
850.000000	 97.348044 
849.000000	 97.363894 
848.000000	 97.386575 
847.000000	 97.409392 
846.000000	 97.424401 
845.000000	 97.428508 
844.000000	 97.427776 
843.000000	 97.431391 
842.000000	 97.441383 
841.000000	 97.452423 
840.000000	 97.459949 
839.000000	 97.462239 
838.000000	 97.456546 
837.000000	 97.441896 
836.000000	 97.426206 
835.000000	 97.421889 
834.000000	 97.431262 
833.000000	 97.443026 
832.000000	 97.445819 
831.000000	 97.439099 
830.000000	 97.429017 
829.000000	 97.420950 
828.000000	 97.419731 
827.000000	 97.430138 
826.000000	 97.451353 
825.000000	 97.475620 
824.000000	 97.496352 
823.000000	 97.512737 
822.000000	 97.524590 
821.000000	 97.529799 
820.000000	 97.529251 
819.000000	 97.527354 
818.000000	 97.524675 
817.000000	 97.515186 
816.000000	 97.493359 
815.000000	 97.460437 
814.000000	 97.422725 
813.000000	 97.386999 
812.000000	 97.357280 
811.000000	 97.330627 
810.000000	 97.294923 
809.000000	 97.236299 
808.000000	 97.151043 
807.000000	 97.047487 
806.000000	 96.936770 
805.000000	 96.826110 
804.000000	 96.720494 
803.000000	 96.623883 
802.000000	 96.536789 
801.000000	 96.458899 
800.000000	 96.395670 
799.000000	 96.356286 
798.000000	 96.343582 
797.000000	 96.351391 
796.000000	 96.371856 
795.000000	 96.399076 
794.000000	 96.426344 
793.000000	 96.448540 
792.000000	 96.468448 
791.000000	 96.492939 
790.000000	 96.521586 
789.000000	 96.545759 
788.000000	 96.558850 
787.000000	 96.559726 
786.000000	 96.546673 
785.000000	 96.516847 
784.000000	 96.472993 
783.000000	 96.422825 
782.000000	 96.370889 
781.000000	 96.319415 
780.000000	 96.276941 
779.000000	 96.255035 
778.000000	 96.254587 
777.000000	 96.266132 
776.000000	 96.286527 
775.000000	 96.323662 
774.000000	 96.379903 
773.000000	 96.442146 
772.000000	 96.495209 
771.000000	 96.536802 
770.000000	 96.573152 
769.000000	 96.607757 
768.000000	 96.640397 
767.000000	 96.670062 
766.000000	 96.693102 
765.000000	 96.705098 
764.000000	 96.709894 
763.000000	 96.720095 
762.000000	 96.742930 
761.000000	 96.771477 
760.000000	 96.794886 
759.000000	 96.811065 
758.000000	 96.824251 
757.000000	 96.837305 
756.000000	 96.853556 
755.000000	 96.880266 
754.000000	 96.920965 
753.000000	 96.966195 
752.000000	 96.999123 
751.000000	 97.011032 
750.000000	 97.008761 
749.000000	 97.008385 
748.000000	 97.022548 
747.000000	 97.050869 
746.000000	 97.080561 
745.000000	 97.099040 
744.000000	 97.107229 
743.000000	 97.117349 
742.000000	 97.137360 
741.000000	 97.162977 
740.000000	 97.186581 
739.000000	 97.207328 
738.000000	 97.228414 
737.000000	 97.249199 
736.000000	 97.265327 
735.000000	 97.274789 
734.000000	 97.280377 
733.000000	 97.287351 
732.000000	 97.300033 
731.000000	 97.318240 
730.000000	 97.335867 
729.000000	 97.345733 
728.000000	 97.347233 
727.000000	 97.346512 
726.000000	 97.349423 
725.000000	 97.358706 
724.000000	 97.376425 
723.000000	 97.401793 
722.000000	 97.425994 
721.000000	 97.437265 
720.000000	 97.433936 
719.000000	 97.425824 
718.000000	 97.420941 
717.000000	 97.419686 
716.000000	 97.423190 
715.000000	 97.435510 
714.000000	 97.453476 
713.000000	 97.465093 
712.000000	 97.465110 
711.000000	 97.463408 
710.000000	 97.470103 
709.000000	 97.482325 
708.000000	 97.492918 
707.000000	 97.501571 
706.000000	 97.509231 
705.000000	 97.510213 
704.000000	 97.498725 
703.000000	 97.477842 
702.000000	 97.454398 
701.000000	 97.429207 
700.000000	 97.398884 
699.000000	 97.363839 
698.000000	 97.327493 
697.000000	 97.291560 
696.000000	 97.258960 
695.000000	 97.237866 
694.000000	 97.236286 
693.000000	 97.253406 
692.000000	 97.280813 
691.000000	 97.311074 
690.000000	 97.340567 
689.000000	 97.365987 
688.000000	 97.383568 
687.000000	 97.391874 
686.000000	 97.392842 
685.000000	 97.390523 
684.000000	 97.389727 
683.000000	 97.393605 
682.000000	 97.401124 
681.000000	 97.409444 
680.000000	 97.418497 
679.000000	 97.429662 
678.000000	 97.439904 
677.000000	 97.444187 
676.000000	 97.446083 
675.000000	 97.454933 
674.000000	 97.469205 
673.000000	 97.474664 
672.000000	 97.464869 
671.000000	 97.453490 
670.000000	 97.462800 
669.000000	 97.505513 
668.000000	 97.561118 
667.000000	 97.578052 
666.000000	 97.551334 
665.000000	 97.514156 
664.000000	 97.485465 
663.000000	 97.470796 
662.000000	 97.471033 
661.000000	 97.481320 
660.000000	 97.497341 
659.000000	 97.518430 
658.000000	 97.540676 
657.000000	 97.553722 
656.000000	 97.551835 
655.000000	 97.539822 
654.000000	 97.523678 
653.000000	 97.503360 
652.000000	 97.481753 
651.000000	 97.471629 
650.000000	 97.481483 

