4000.000000	97.698451 
3999.000000	97.696474 
3998.000000	97.692655 
3997.000000	97.687475 
3996.000000	97.682400 
3995.000000	97.678977 
3994.000000	97.677961 
3993.000000	97.678838 
3992.000000	97.680013 
3991.000000	97.680095 
3990.000000	97.679071 
3989.000000	97.677926 
3988.000000	97.677353 
3987.000000	97.677404 
3986.000000	97.678192 
3985.000000	97.680002 
3984.000000	97.682357 
3983.000000	97.683908 
3982.000000	97.683936 
3981.000000	97.683253 
3980.000000	97.682998 
3979.000000	97.683002 
3978.000000	97.682246 
3977.000000	97.680670 
3976.000000	97.679402 
3975.000000	97.679078 
3974.000000	97.678861 
3973.000000	97.677568 
3972.000000	97.675098 
3971.000000	97.672292 
3970.000000	97.670155 
3969.000000	97.669389 
3968.000000	97.670221 
3967.000000	97.672219 
3966.000000	97.674418 
3965.000000	97.675843 
3964.000000	97.675811 
3963.000000	97.674154 
3962.000000	97.671462 
3961.000000	97.669044 
3960.000000	97.667936 
3959.000000	97.667855 
3958.000000	97.667974 
3957.000000	97.668042 
3956.000000	97.668194 
3955.000000	97.667959 
3954.000000	97.666446 
3953.000000	97.663535 
3952.000000	97.660117 
3951.000000	97.657412 
3950.000000	97.656016 
3949.000000	97.655581 
3948.000000	97.655247 
3947.000000	97.654560 
3946.000000	97.653776 
3945.000000	97.653114 
3944.000000	97.652310 
3943.000000	97.651296 
3942.000000	97.650983 
3941.000000	97.652613 
3940.000000	97.655941 
3939.000000	97.658555 
3938.000000	97.658684 
3937.000000	97.657089 
3936.000000	97.655638 
3935.000000	97.654841 
3934.000000	97.653874 
3933.000000	97.652935 
3932.000000	97.653054 
3931.000000	97.654047 
3930.000000	97.654384 
3929.000000	97.653323 
3928.000000	97.652269 
3927.000000	97.652459 
3926.000000	97.652817 
3925.000000	97.651704 
3924.000000	97.649829 
3923.000000	97.649080 
3922.000000	97.649122 
3921.000000	97.648415 
3920.000000	97.647366 
3919.000000	97.647610 
3918.000000	97.649156 
3917.000000	97.650471 
3916.000000	97.650903 
3915.000000	97.651066 
3914.000000	97.651232 
3913.000000	97.650875 
3912.000000	97.650008 
3911.000000	97.649005 
3910.000000	97.648137 
3909.000000	97.647450 
3908.000000	97.646978 
3907.000000	97.646738 
3906.000000	97.646614 
3905.000000	97.646494 
3904.000000	97.646417 
3903.000000	97.646409 
3902.000000	97.646469 
3901.000000	97.646578 
3900.000000	97.646699 
3899.000000	97.646794 
3898.000000	97.646840 
3897.000000	97.646841 
3896.000000	97.646811 
3895.000000	97.646751 
3894.000000	97.646646 
3893.000000	97.646502 
3892.000000	97.646333 
3891.000000	97.646152 
3890.000000	97.645979 
3889.000000	97.645841 
3888.000000	97.645745 
3887.000000	97.645677 
3886.000000	97.645628 
3885.000000	97.645609 
3884.000000	97.645638 
3883.000000	97.645719 
3882.000000	97.645829 
3881.000000	97.645954 
3880.000000	97.646101 
3879.000000	97.646288 
3878.000000	97.646521 
3877.000000	97.646779 
3876.000000	97.647037 
3875.000000	97.647289 
3874.000000	97.647557 
3873.000000	97.647863 
3872.000000	97.648216 
3871.000000	97.648598 
3870.000000	97.649000 
3869.000000	97.649442 
3868.000000	97.649950 
3867.000000	97.650504 
3866.000000	97.651053 
3865.000000	97.651578 
3864.000000	97.652102 
3863.000000	97.652630 
3862.000000	97.653136 
3861.000000	97.653600 
3860.000000	97.654034 
3859.000000	97.654459 
3858.000000	97.654888 
3857.000000	97.655344 
3856.000000	97.655879 
3855.000000	97.656541 
3854.000000	97.657321 
3853.000000	97.658167 
3852.000000	97.659086 
3851.000000	97.660123 
3850.000000	97.661262 
3849.000000	97.662442 
3848.000000	97.663619 
3847.000000	97.664776 
3846.000000	97.665912 
3845.000000	97.667039 
3844.000000	97.668166 
3843.000000	97.669287 
3842.000000	97.670392 
3841.000000	97.671483 
3840.000000	97.672569 
3839.000000	97.673651 
3838.000000	97.674712 
3837.000000	97.675737 
3836.000000	97.676729 
3835.000000	97.677699 
3834.000000	97.678653 
3833.000000	97.679587 
3832.000000	97.680500 
3831.000000	97.681394 
3830.000000	97.682272 
3829.000000	97.683138 
3828.000000	97.683985 
3827.000000	97.684798 
3826.000000	97.685564 
3825.000000	97.686289 
3824.000000	97.686999 
3823.000000	97.687704 
3822.000000	97.688380 
3821.000000	97.688997 
3820.000000	97.689576 
3819.000000	97.690163 
3818.000000	97.690757 
3817.000000	97.691318 
3816.000000	97.691823 
3815.000000	97.692295 
3814.000000	97.692756 
3813.000000	97.693185 
3812.000000	97.693541 
3811.000000	97.693827 
3810.000000	97.694077 
3809.000000	97.694294 
3808.000000	97.694445 
3807.000000	97.694519 
3806.000000	97.694555 
3805.000000	97.694605 
3804.000000	97.694686 
3803.000000	97.694767 
3802.000000	97.694818 
3801.000000	97.694842 
3800.000000	97.694870 
3799.000000	97.694915 
3798.000000	97.694937 
3797.000000	97.694900 
3796.000000	97.694810 
3795.000000	97.694696 
3794.000000	97.694579 
3793.000000	97.694458 
3792.000000	97.694325 
3791.000000	97.694171 
3790.000000	97.693990 
3789.000000	97.693782 
3788.000000	97.693551 
3787.000000	97.693306 
3786.000000	97.693044 
3785.000000	97.692763 
3784.000000	97.692485 
3783.000000	97.692238 
3782.000000	97.692012 
3781.000000	97.691776 
3780.000000	97.691520 
3779.000000	97.691260 
3778.000000	97.691011 
3777.000000	97.690766 
3776.000000	97.690508 
3775.000000	97.690250 
3774.000000	97.690015 
3773.000000	97.689807 
3772.000000	97.689601 
3771.000000	97.689375 
3770.000000	97.689126 
3769.000000	97.688870 
3768.000000	97.688616 
3767.000000	97.688354 
3766.000000	97.688080 
3765.000000	97.687815 
3764.000000	97.687578 
3763.000000	97.687362 
3762.000000	97.687135 
3761.000000	97.686871 
3760.000000	97.686578 
3759.000000	97.686264 
3758.000000	97.685921 
3757.000000	97.685541 
3756.000000	97.685141 
3755.000000	97.684775 
3754.000000	97.684486 
3753.000000	97.684294 
3752.000000	97.684184 
3751.000000	97.684118 
3750.000000	97.684054 
3749.000000	97.683989 
3748.000000	97.683949 
3747.000000	97.683947 
3746.000000	97.683964 
3745.000000	97.683961 
3744.000000	97.683915 
3743.000000	97.683842 
3742.000000	97.683749 
3741.000000	97.683581 
3740.000000	97.683292 
3739.000000	97.682904 
3738.000000	97.682460 
3737.000000	97.681972 
3736.000000	97.681424 
3735.000000	97.680806 
3734.000000	97.680111 
3733.000000	97.679320 
3732.000000	97.678408 
3731.000000	97.677369 
3730.000000	97.676203 
3729.000000	97.674910 
3728.000000	97.673491 
3727.000000	97.671971 
3726.000000	97.670364 
3725.000000	97.668745 
3724.000000	97.667252 
3723.000000	97.665740 
3722.000000	97.663954 
3721.000000	97.661923 
3720.000000	97.659822 
3719.000000	97.657500 
3718.000000	97.654554 
3717.000000	97.651055 
3716.000000	97.647738 
3715.000000	97.645260 
3714.000000	97.643796 
3713.000000	97.643712 
3712.000000	97.644648 
3711.000000	97.644353 
3710.000000	97.641260 
3709.000000	97.635964 
3708.000000	97.629473 
3707.000000	97.622495 
3706.000000	97.615833 
3705.000000	97.610017 
3704.000000	97.604842 
3703.000000	97.599658 
3702.000000	97.593720 
3701.000000	97.586957 
3700.000000	97.580573 
3699.000000	97.575402 
3698.000000	97.570575 
3697.000000	97.565237 
3696.000000	97.559782 
3695.000000	97.554811 
3694.000000	97.549992 
3693.000000	97.544775 
3692.000000	97.539302 
3691.000000	97.533917 
3690.000000	97.528566 
3689.000000	97.523105 
3688.000000	97.517715 
3687.000000	97.512495 
3686.000000	97.507283 
3685.000000	97.502065 
3684.000000	97.496876 
3683.000000	97.491706 
3682.000000	97.486559 
3681.000000	97.481439 
3680.000000	97.476349 
3679.000000	97.471311 
3678.000000	97.466355 
3677.000000	97.461491 
3676.000000	97.456690 
3675.000000	97.451926 
3674.000000	97.447223 
3673.000000	97.442606 
3672.000000	97.438049 
3671.000000	97.433520 
3670.000000	97.429022 
3669.000000	97.424588 
3668.000000	97.420266 
3667.000000	97.416073 
3666.000000	97.411986 
3665.000000	97.407976 
3664.000000	97.404028 
3663.000000	97.400127 
3662.000000	97.396263 
3661.000000	97.392432 
3660.000000	97.388650 
3659.000000	97.384939 
3658.000000	97.381313 
3657.000000	97.377768 
3656.000000	97.374286 
3655.000000	97.370819 
3654.000000	97.367430 
3653.000000	97.364166 
3652.000000	97.360843 
3651.000000	97.357610 
3650.000000	97.354947 
3649.000000	97.352482 
3648.000000	97.349363 
3647.000000	97.345959 
3646.000000	97.343599 
3645.000000	97.342815 
3644.000000	97.342723 
3643.000000	97.342107 
3642.000000	97.340837 
3641.000000	97.339681 
3640.000000	97.338903 
3639.000000	97.337596 
3638.000000	97.335118 
3637.000000	97.332698 
3636.000000	97.331106 
3635.000000	97.328077 
3634.000000	97.320924 
3633.000000	97.311311 
3632.000000	97.304214 
3631.000000	97.302273 
3630.000000	97.304442 
3629.000000	97.303517 
3628.000000	97.295796 
3627.000000	97.292480 
3626.000000	97.297488 
3625.000000	97.299871 
3624.000000	97.295308 
3623.000000	97.288898 
3622.000000	97.284570 
3621.000000	97.281441 
3620.000000	97.277592 
3619.000000	97.272908 
3618.000000	97.270018 
3617.000000	97.272645 
3616.000000	97.279843 
3615.000000	97.286749 
3614.000000	97.290792 
3613.000000	97.293355 
3612.000000	97.297279 
3611.000000	97.303149 
3610.000000	97.308236 
3609.000000	97.310071 
3608.000000	97.309300 
3607.000000	97.308533 
3606.000000	97.309352 
3605.000000	97.310919 
3604.000000	97.312842 
3603.000000	97.316661 
3602.000000	97.322127 
3601.000000	97.325508 
3600.000000	97.324044 
3599.000000	97.319113 
3598.000000	97.313515 
3597.000000	97.309909 
3596.000000	97.310012 
3595.000000	97.312660 
3594.000000	97.314037 
3593.000000	97.311485 
3592.000000	97.305086 
3591.000000	97.295966 
3590.000000	97.286403 
3589.000000	97.280077 
3588.000000	97.279264 
3587.000000	97.282879 
3586.000000	97.290095 
3585.000000	97.299564 
3584.000000	97.307033 
3583.000000	97.310158 
3582.000000	97.311045 
3581.000000	97.312291 
3580.000000	97.313818 
3579.000000	97.314089 
3578.000000	97.312352 
3577.000000	97.309488 
3576.000000	97.307083 
3575.000000	97.305442 
3574.000000	97.303231 
3573.000000	97.298614 
3572.000000	97.290822 
3571.000000	97.280725 
3570.000000	97.270784 
3569.000000	97.264118 
3568.000000	97.262649 
3567.000000	97.265420 
3566.000000	97.270235 
3565.000000	97.275733 
3564.000000	97.279481 
3563.000000	97.279390 
3562.000000	97.276798 
3561.000000	97.274872 
3560.000000	97.275013 
3559.000000	97.275989 
3558.000000	97.275857 
3557.000000	97.273918 
3556.000000	97.271333 
3555.000000	97.269768 
3554.000000	97.269474 
3553.000000	97.268943 
3552.000000	97.266638 
3551.000000	97.262630 
3550.000000	97.257904 
3549.000000	97.253157 
3548.000000	97.249358 
3547.000000	97.247856 
3546.000000	97.248622 
3545.000000	97.250077 
3544.000000	97.251179 
3543.000000	97.252193 
3542.000000	97.253459 
3541.000000	97.254569 
3540.000000	97.255032 
3539.000000	97.254830 
3538.000000	97.254125 
3537.000000	97.253050 
3536.000000	97.251794 
3535.000000	97.250599 
3534.000000	97.249301 
3533.000000	97.247623 
3532.000000	97.245902 
3531.000000	97.244984 
3530.000000	97.244820 
3529.000000	97.243894 
3528.000000	97.240908 
3527.000000	97.236515 
3526.000000	97.232850 
3525.000000	97.231364 
3524.000000	97.231998 
3523.000000	97.233836 
3522.000000	97.235875 
3521.000000	97.237338 
3520.000000	97.237791 
3519.000000	97.237251 
3518.000000	97.236023 
3517.000000	97.234384 
3516.000000	97.232388 
3515.000000	97.230091 
3514.000000	97.227884 
3513.000000	97.226283 
3512.000000	97.225239 
3511.000000	97.224156 
3510.000000	97.222698 
3509.000000	97.221260 
3508.000000	97.220468 
3507.000000	97.220217 
3506.000000	97.219429 
3505.000000	97.217115 
3504.000000	97.213476 
3503.000000	97.209747 
3502.000000	97.207115 
3501.000000	97.205861 
3500.000000	97.205485 
3499.000000	97.205389 
3498.000000	97.205336 
3497.000000	97.205308 
3496.000000	97.205276 
3495.000000	97.205241 
3494.000000	97.205312 
3493.000000	97.205547 
3492.000000	97.205618 
3491.000000	97.204962 
3490.000000	97.203443 
3489.000000	97.201589 
3488.000000	97.199974 
3487.000000	97.198548 
3486.000000	97.196887 
3485.000000	97.194919 
3484.000000	97.193057 
3483.000000	97.191624 
3482.000000	97.190528 
3481.000000	97.189656 
3480.000000	97.189088 
3479.000000	97.188642 
3478.000000	97.187669 
3477.000000	97.185649 
3476.000000	97.182828 
3475.000000	97.180012 
3474.000000	97.177860 
3473.000000	97.176464 
3472.000000	97.175424 
3471.000000	97.174143 
3470.000000	97.172273 
3469.000000	97.170040 
3468.000000	97.168101 
3467.000000	97.167006 
3466.000000	97.166752 
3465.000000	97.166727 
3464.000000	97.166079 
3463.000000	97.164345 
3462.000000	97.161791 
3461.000000	97.159184 
3460.000000	97.157055 
3459.000000	97.155266 
3458.000000	97.153382 
3457.000000	97.151281 
3456.000000	97.149289 
3455.000000	97.147864 
3454.000000	97.147187 
3453.000000	97.147054 
3452.000000	97.147086 
3451.000000	97.147014 
3450.000000	97.146660 
3449.000000	97.145740 
3448.000000	97.143964 
3447.000000	97.141396 
3446.000000	97.138605 
3445.000000	97.136267 
3444.000000	97.134652 
3443.000000	97.133605 
3442.000000	97.132755 
3441.000000	97.131625 
3440.000000	97.129883 
3439.000000	97.127638 
3438.000000	97.125454 
3437.000000	97.123863 
3436.000000	97.122954 
3435.000000	97.122605 
3434.000000	97.122712 
3433.000000	97.122984 
3432.000000	97.122852 
3431.000000	97.121991 
3430.000000	97.120761 
3429.000000	97.119826 
3428.000000	97.119362 
3427.000000	97.118881 
3426.000000	97.117979 
3425.000000	97.116974 
3424.000000	97.116501 
3423.000000	97.116571 
3422.000000	97.116466 
3421.000000	97.115648 
3420.000000	97.114427 
3419.000000	97.113509 
3418.000000	97.113164 
3417.000000	97.113153 
3416.000000	97.113161 
3415.000000	97.112998 
3414.000000	97.112496 
3413.000000	97.111534 
3412.000000	97.110212 
3411.000000	97.108860 
3410.000000	97.107824 
3409.000000	97.107298 
3408.000000	97.107258 
3407.000000	97.107423 
3406.000000	97.107370 
3405.000000	97.106866 
3404.000000	97.106014 
3403.000000	97.105074 
3402.000000	97.104216 
3401.000000	97.103512 
3400.000000	97.103057 
3399.000000	97.102904 
3398.000000	97.102949 
3397.000000	97.103010 
3396.000000	97.103019 
3395.000000	97.103019 
3394.000000	97.103010 
3393.000000	97.102935 
3392.000000	97.102779 
3391.000000	97.102616 
3390.000000	97.102536 
3389.000000	97.102597 
3388.000000	97.102824 
3387.000000	97.103200 
3386.000000	97.103619 
3385.000000	97.103929 
3384.000000	97.104049 
3383.000000	97.104083 
3382.000000	97.104285 
3381.000000	97.104844 
3380.000000	97.105701 
3379.000000	97.106513 
3378.000000	97.106966 
3377.000000	97.107086 
3376.000000	97.107242 
3375.000000	97.107731 
3374.000000	97.108426 
3373.000000	97.108959 
3372.000000	97.109205 
3371.000000	97.109440 
3370.000000	97.110026 
3369.000000	97.111059 
3368.000000	97.112360 
3367.000000	97.113615 
3366.000000	97.114523 
3365.000000	97.114943 
3364.000000	97.115026 
3363.000000	97.115171 
3362.000000	97.115680 
3361.000000	97.116539 
3360.000000	97.117567 
3359.000000	97.118692 
3358.000000	97.119963 
3357.000000	97.121401 
3356.000000	97.122942 
3355.000000	97.124484 
3354.000000	97.125932 
3353.000000	97.127282 
3352.000000	97.128677 
3351.000000	97.130302 
3350.000000	97.132138 
3349.000000	97.133902 
3348.000000	97.135314 
3347.000000	97.136404 
3346.000000	97.137440 
3345.000000	97.138557 
3344.000000	97.139526 
3343.000000	97.139999 
3342.000000	97.140005 
3341.000000	97.140120 
3340.000000	97.140886 
3339.000000	97.142233 
3338.000000	97.143613 
3337.000000	97.144652 
3336.000000	97.145501 
3335.000000	97.146474 
3334.000000	97.147605 
3333.000000	97.148709 
3332.000000	97.149711 
3331.000000	97.150698 
3330.000000	97.151734 
3329.000000	97.152779 
3328.000000	97.153787 
3327.000000	97.154782 
3326.000000	97.155806 
3325.000000	97.156854 
3324.000000	97.157882 
3323.000000	97.158870 
3322.000000	97.159841 
3321.000000	97.160825 
3320.000000	97.161822 
3319.000000	97.162814 
3318.000000	97.163792 
3317.000000	97.164756 
3316.000000	97.165699 
3315.000000	97.166617 
3314.000000	97.167507 
3313.000000	97.168377 
3312.000000	97.169236 
3311.000000	97.170096 
3310.000000	97.170963 
3309.000000	97.171835 
3308.000000	97.172706 
3307.000000	97.173572 
3306.000000	97.174436 
3305.000000	97.175308 
3304.000000	97.176201 
3303.000000	97.177122 
3302.000000	97.178068 
3301.000000	97.179032 
3300.000000	97.179999 
3299.000000	97.180958 
3298.000000	97.181903 
3297.000000	97.182837 
3296.000000	97.183769 
3295.000000	97.184703 
3294.000000	97.185641 
3293.000000	97.186588 
3292.000000	97.187548 
3291.000000	97.188524 
3290.000000	97.189505 
3289.000000	97.190465 
3288.000000	97.191382 
3287.000000	97.192259 
3286.000000	97.193107 
3285.000000	97.193932 
3284.000000	97.194739 
3283.000000	97.195551 
3282.000000	97.196399 
3281.000000	97.197300 
3280.000000	97.198240 
3279.000000	97.199176 
3278.000000	97.200081 
3277.000000	97.200964 
3276.000000	97.201855 
3275.000000	97.202760 
3274.000000	97.203665 
3273.000000	97.204572 
3272.000000	97.205510 
3271.000000	97.206506 
3270.000000	97.207553 
3269.000000	97.208609 
3268.000000	97.209632 
3267.000000	97.210612 
3266.000000	97.211573 
3265.000000	97.212564 
3264.000000	97.213617 
3263.000000	97.214720 
3262.000000	97.215809 
3261.000000	97.216830 
3260.000000	97.217776 
3259.000000	97.218685 
3258.000000	97.219586 
3257.000000	97.220494 
3256.000000	97.221438 
3255.000000	97.222437 
3254.000000	97.223480 
3253.000000	97.224552 
3252.000000	97.225655 
3251.000000	97.226783 
3250.000000	97.227909 
3249.000000	97.229011 
3248.000000	97.230099 
3247.000000	97.231188 
3246.000000	97.232286 
3245.000000	97.233395 
3244.000000	97.234516 
3243.000000	97.235651 
3242.000000	97.236794 
3241.000000	97.237942 
3240.000000	97.239092 
3239.000000	97.240243 
3238.000000	97.241396 
3237.000000	97.242554 
3236.000000	97.243716 
3235.000000	97.244879 
3234.000000	97.246039 
3233.000000	97.247196 
3232.000000	97.248354 
3231.000000	97.249514 
3230.000000	97.250670 
3229.000000	97.251816 
3228.000000	97.252948 
3227.000000	97.254069 
3226.000000	97.255188 
3225.000000	97.256310 
3224.000000	97.257437 
3223.000000	97.258567 
3222.000000	97.259698 
3221.000000	97.260832 
3220.000000	97.261974 
3219.000000	97.263126 
3218.000000	97.264288 
3217.000000	97.265458 
3216.000000	97.266636 
3215.000000	97.267825 
3214.000000	97.269029 
3213.000000	97.270247 
3212.000000	97.271478 
3211.000000	97.272712 
3210.000000	97.273945 
3209.000000	97.275178 
3208.000000	97.276414 
3207.000000	97.277658 
3206.000000	97.278909 
3205.000000	97.280169 
3204.000000	97.281440 
3203.000000	97.282726 
3202.000000	97.284031 
3201.000000	97.285352 
3200.000000	97.286685 
3199.000000	97.288029 
3198.000000	97.289383 
3197.000000	97.290748 
3196.000000	97.292122 
3195.000000	97.293502 
3194.000000	97.294888 
3193.000000	97.296288 
3192.000000	97.297707 
3191.000000	97.299144 
3190.000000	97.300592 
3189.000000	97.302040 
3188.000000	97.303488 
3187.000000	97.304945 
3186.000000	97.306426 
3185.000000	97.307937 
3184.000000	97.309474 
3183.000000	97.311028 
3182.000000	97.312587 
3181.000000	97.314142 
3180.000000	97.315688 
3179.000000	97.317222 
3178.000000	97.318744 
3177.000000	97.320261 
3176.000000	97.321781 
3175.000000	97.323309 
3174.000000	97.324841 
3173.000000	97.326371 
3172.000000	97.327890 
3171.000000	97.329392 
3170.000000	97.330873 
3169.000000	97.332337 
3168.000000	97.333794 
3167.000000	97.335249 
3166.000000	97.336704 
3165.000000	97.338157 
3164.000000	97.339608 
3163.000000	97.341056 
3162.000000	97.342497 
3161.000000	97.343928 
3160.000000	97.345345 
3159.000000	97.346745 
3158.000000	97.348128 
3157.000000	97.349492 
3156.000000	97.350838 
3155.000000	97.352168 
3154.000000	97.353481 
3153.000000	97.354785 
3152.000000	97.356084 
3151.000000	97.357379 
3150.000000	97.358663 
3149.000000	97.359929 
3148.000000	97.361178 
3147.000000	97.362418 
3146.000000	97.363662 
3145.000000	97.364916 
3144.000000	97.366178 
3143.000000	97.367435 
3142.000000	97.368655 
3141.000000	97.369805 
3140.000000	97.370868 
3139.000000	97.371890 
3138.000000	97.372951 
3137.000000	97.374107 
3136.000000	97.375327 
3135.000000	97.376507 
3134.000000	97.377567 
3133.000000	97.378547 
3132.000000	97.379602 
3131.000000	97.380849 
3130.000000	97.382284 
3129.000000	97.383830 
3128.000000	97.385392 
3127.000000	97.386851 
3126.000000	97.388117 
3125.000000	97.389216 
3124.000000	97.390243 
3123.000000	97.391182 
3122.000000	97.391876 
3121.000000	97.392313 
3120.000000	97.392777 
3119.000000	97.393559 
3118.000000	97.394638 
3117.000000	97.395754 
3116.000000	97.396737 
3115.000000	97.397628 
3114.000000	97.398551 
3113.000000	97.399621 
3112.000000	97.400934 
3111.000000	97.402514 
3110.000000	97.404197 
3109.000000	97.405694 
3108.000000	97.406836 
3107.000000	97.407741 
3106.000000	97.408704 
3105.000000	97.409898 
3104.000000	97.411160 
3103.000000	97.412067 
3102.000000	97.412270 
3101.000000	97.411800 
3100.000000	97.411088 
3099.000000	97.410735 
3098.000000	97.411195 
3097.000000	97.412626 
3096.000000	97.414793 
3095.000000	97.416971 
3094.000000	97.418414 
3093.000000	97.418993 
3092.000000	97.419261 
3091.000000	97.419788 
3090.000000	97.420563 
3089.000000	97.421213 
3088.000000	97.421563 
3087.000000	97.421817 
3086.000000	97.422348 
3085.000000	97.423440 
3084.000000	97.425057 
3083.000000	97.426596 
3082.000000	97.427153 
3081.000000	97.426470 
3080.000000	97.425459 
3079.000000	97.425203 
3078.000000	97.425731 
3077.000000	97.426558 
3076.000000	97.427909 
3075.000000	97.430153 
3074.000000	97.432357 
3073.000000	97.432981 
3072.000000	97.432043 
3071.000000	97.431184 
3070.000000	97.431537 
3069.000000	97.432925 
3068.000000	97.435008 
3067.000000	97.437522 
3066.000000	97.439313 
3065.000000	97.438989 
3064.000000	97.436902 
3063.000000	97.434735 
3062.000000	97.432835 
3061.000000	97.429809 
3060.000000	97.425203 
3059.000000	97.420912 
3058.000000	97.419304 
3057.000000	97.421183 
3056.000000	97.425594 
3055.000000	97.430022 
3054.000000	97.430876 
3053.000000	97.426157 
3052.000000	97.418609 
3051.000000	97.414220 
3050.000000	97.416121 
3049.000000	97.421425 
3048.000000	97.425000 
3047.000000	97.424638 
3046.000000	97.421176 
3045.000000	97.415718 
3044.000000	97.409328 
3043.000000	97.404472 
3042.000000	97.403944 
3041.000000	97.407430 
3040.000000	97.410688 
3039.000000	97.409370 
3038.000000	97.402980 
3037.000000	97.394445 
3036.000000	97.386330 
3035.000000	97.378412 
3034.000000	97.369332 
3033.000000	97.359502 
3032.000000	97.351005 
3031.000000	97.344920 
3030.000000	97.340127 
3029.000000	97.334970 
3028.000000	97.328666 
3027.000000	97.320557 
3026.000000	97.309494 
3025.000000	97.295365 
3024.000000	97.280433 
3023.000000	97.267519 
3022.000000	97.257094 
3021.000000	97.247562 
3020.000000	97.237972 
3019.000000	97.228628 
3018.000000	97.219043 
3017.000000	97.207288 
3016.000000	97.192177 
3015.000000	97.174781 
3014.000000	97.157285 
3013.000000	97.141406 
3012.000000	97.128058 
3011.000000	97.116950 
3010.000000	97.105779 
3009.000000	97.091233 
3008.000000	97.072064 
3007.000000	97.050820 
3006.000000	97.031792 
3005.000000	97.017360 
3004.000000	97.006450 
3003.000000	96.995982 
3002.000000	96.983532 
3001.000000	96.969123 
3000.000000	96.954674 
2999.000000	96.941291 
2998.000000	96.927589 
2997.000000	96.911708 
2996.000000	96.894558 
2995.000000	96.879222 
2994.000000	96.866382 
2993.000000	96.851888 
2992.000000	96.830548 
2991.000000	96.802207 
2990.000000	96.773161 
2989.000000	96.751477 
2988.000000	96.741365 
2987.000000	96.741517 
2986.000000	96.747462 
2985.000000	96.755121 
2984.000000	96.762610 
2983.000000	96.769585 
2982.000000	96.775795 
2981.000000	96.780547 
2980.000000	96.783037 
2979.000000	96.782610 
2978.000000	96.778973 
2977.000000	96.772739 
2976.000000	96.765580 
2975.000000	96.759317 
2974.000000	96.755003 
2973.000000	96.753336 
2972.000000	96.755308 
2971.000000	96.761267 
2970.000000	96.769544 
2969.000000	96.777447 
2968.000000	96.784141 
2967.000000	96.791521 
2966.000000	96.801643 
2965.000000	96.814092 
2964.000000	96.826425 
2963.000000	96.836524 
2962.000000	96.843918 
2961.000000	96.849489 
2960.000000	96.854880 
2959.000000	96.862002 
2958.000000	96.872120 
2957.000000	96.884808 
2956.000000	96.897765 
2955.000000	96.907973 
2954.000000	96.913814 
2953.000000	96.916791 
2952.000000	96.920961 
2951.000000	96.929605 
2950.000000	96.941820 
2949.000000	96.952906 
2948.000000	96.958525 
2947.000000	96.958041 
2946.000000	96.954005 
2945.000000	96.949601 
2944.000000	96.947019 
2943.000000	96.947051 
2942.000000	96.948648 
2941.000000	96.949077 
2940.000000	96.946075 
2939.000000	96.940340 
2938.000000	96.934859 
2937.000000	96.931331 
2936.000000	96.928283 
2935.000000	96.923328 
2934.000000	96.916244 
2933.000000	96.908704 
2932.000000	96.901632 
2931.000000	96.894369 
2930.000000	96.886580 
2929.000000	96.879616 
2928.000000	96.875145 
2927.000000	96.873139 
2926.000000	96.872159 
2925.000000	96.871447 
2924.000000	96.871873 
2923.000000	96.874533 
2922.000000	96.878938 
2921.000000	96.883134 
2920.000000	96.885719 
2919.000000	96.887418 
2918.000000	96.890110 
2917.000000	96.894050 
2916.000000	96.896686 
2915.000000	96.895199 
2914.000000	96.890291 
2913.000000	96.886307 
2912.000000	96.886911 
2911.000000	96.891391 
2910.000000	96.895968 
2909.000000	96.898233 
2908.000000	96.899135 
2907.000000	96.900576 
2906.000000	96.902308 
2905.000000	96.901786 
2904.000000	96.896875 
2903.000000	96.888856 
2902.000000	96.882839 
2901.000000	96.884542 
2900.000000	96.895707 
2899.000000	96.912730 
2898.000000	96.929781 
2897.000000	96.943457 
2896.000000	96.953725 
2895.000000	96.961146 
2894.000000	96.965739 
2893.000000	96.968842 
2892.000000	96.973584 
2891.000000	96.981621 
2890.000000	96.990602 
2889.000000	96.996702 
2888.000000	96.999059 
2887.000000	97.000078 
2886.000000	97.001959 
2885.000000	97.005053 
2884.000000	97.009745 
2883.000000	97.017568 
2882.000000	97.029195 
2881.000000	97.042779 
2880.000000	97.055831 
2879.000000	97.068029 
2878.000000	97.080508 
2877.000000	97.092783 
2876.000000	97.102324 
2875.000000	97.107798 
2874.000000	97.111282 
2873.000000	97.116073 
2872.000000	97.122861 
2871.000000	97.129334 
2870.000000	97.133510 
2869.000000	97.136174 
2868.000000	97.139616 
2867.000000	97.144920 
2866.000000	97.151352 
2865.000000	97.157900 
2864.000000	97.164510 
2863.000000	97.171941 
2862.000000	97.181061 
2861.000000	97.192172 
2860.000000	97.204265 
2859.000000	97.215140 
2858.000000	97.223241 
2857.000000	97.229546 
2856.000000	97.236692 
2855.000000	97.245919 
2854.000000	97.255750 
2853.000000	97.264051 
2852.000000	97.270556 
2851.000000	97.276777 
2850.000000	97.284266 
2849.000000	97.293789 
2848.000000	97.305597 
2847.000000	97.319394 
2846.000000	97.333988 
2845.000000	97.347651 
2844.000000	97.359123 
2843.000000	97.368216 
2842.000000	97.375732 
2841.000000	97.382881 
2840.000000	97.390264 
2839.000000	97.397192 
2838.000000	97.402417 
2837.000000	97.405793 
2836.000000	97.408846 
2835.000000	97.413461 
2834.000000	97.420373 
2833.000000	97.429116 
2832.000000	97.438691 
2831.000000	97.447806 
2830.000000	97.455074 
2829.000000	97.459775 
2828.000000	97.462331 
2827.000000	97.463773 
2826.000000	97.465125 
2825.000000	97.467358 
2824.000000	97.471149 
2823.000000	97.475996 
2822.000000	97.480093 
2821.000000	97.481816 
2820.000000	97.481135 
2819.000000	97.479241 
2818.000000	97.477344 
2817.000000	97.476402 
2816.000000	97.477413 
2815.000000	97.480807 
2814.000000	97.485410 
2813.000000	97.488790 
2812.000000	97.489135 
2811.000000	97.486756 
2810.000000	97.483852 
2809.000000	97.482920 
2808.000000	97.485153 
2807.000000	97.490003 
2806.000000	97.495962 
2805.000000	97.501622 
2804.000000	97.505982 
2803.000000	97.508305 
2802.000000	97.508565 
2801.000000	97.508101 
2800.000000	97.508886 
2799.000000	97.511553 
2798.000000	97.514605 
2797.000000	97.516015 
2796.000000	97.515290 
2795.000000	97.513691 
2794.000000	97.512929 
2793.000000	97.513963 
2792.000000	97.516689 
2791.000000	97.520146 
2790.000000	97.523119 
2789.000000	97.524951 
2788.000000	97.525854 
2787.000000	97.526449 
2786.000000	97.527185 
2785.000000	97.528202 
2784.000000	97.529410 
2783.000000	97.530587 
2782.000000	97.531581 
2781.000000	97.532467 
2780.000000	97.533408 
2779.000000	97.534446 
2778.000000	97.535514 
2777.000000	97.536568 
2776.000000	97.537600 
2775.000000	97.538618 
2774.000000	97.539625 
2773.000000	97.540620 
2772.000000	97.541598 
2771.000000	97.542562 
2770.000000	97.543518 
2769.000000	97.544474 
2768.000000	97.545428 
2767.000000	97.546369 
2766.000000	97.547286 
2765.000000	97.548173 
2764.000000	97.549032 
2763.000000	97.549871 
2762.000000	97.550696 
2761.000000	97.551509 
2760.000000	97.552310 
2759.000000	97.553101 
2758.000000	97.553881 
2757.000000	97.554649 
2756.000000	97.555403 
2755.000000	97.556147 
2754.000000	97.556887 
2753.000000	97.557627 
2752.000000	97.558368 
2751.000000	97.559107 
2750.000000	97.559838 
2749.000000	97.560559 
2748.000000	97.561266 
2747.000000	97.561959 
2746.000000	97.562635 
2745.000000	97.563301 
2744.000000	97.563962 
2743.000000	97.564625 
2742.000000	97.565293 
2741.000000	97.565966 
2740.000000	97.566645 
2739.000000	97.567333 
2738.000000	97.568031 
2737.000000	97.568736 
2736.000000	97.569447 
2735.000000	97.570163 
2734.000000	97.570887 
2733.000000	97.571619 
2732.000000	97.572359 
2731.000000	97.573106 
2730.000000	97.573857 
2729.000000	97.574608 
2728.000000	97.575354 
2727.000000	97.576091 
2726.000000	97.576817 
2725.000000	97.577533 
2724.000000	97.578248 
2723.000000	97.578970 
2722.000000	97.579700 
2721.000000	97.580436 
2720.000000	97.581175 
2719.000000	97.581920 
2718.000000	97.582673 
2717.000000	97.583435 
2716.000000	97.584201 
2715.000000	97.584968 
2714.000000	97.585735 
2713.000000	97.586498 
2712.000000	97.587255 
2711.000000	97.588002 
2710.000000	97.588734 
2709.000000	97.589454 
2708.000000	97.590166 
2707.000000	97.590873 
2706.000000	97.591578 
2705.000000	97.592280 
2704.000000	97.592977 
2703.000000	97.593665 
2702.000000	97.594346 
2701.000000	97.595020 
2700.000000	97.595692 
2699.000000	97.596361 
2698.000000	97.597020 
2697.000000	97.597660 
2696.000000	97.598273 
2695.000000	97.598855 
2694.000000	97.599408 
2693.000000	97.599936 
2692.000000	97.600443 
2691.000000	97.600932 
2690.000000	97.601403 
2689.000000	97.601854 
2688.000000	97.602286 
2687.000000	97.602699 
2686.000000	97.603096 
2685.000000	97.603479 
2684.000000	97.603850 
2683.000000	97.604206 
2682.000000	97.604541 
2681.000000	97.604849 
2680.000000	97.605126 
2679.000000	97.605377 
2678.000000	97.605604 
2677.000000	97.605809 
2676.000000	97.605989 
2675.000000	97.606143 
2674.000000	97.606274 
2673.000000	97.606388 
2672.000000	97.606488 
2671.000000	97.606578 
2670.000000	97.606657 
2669.000000	97.606723 
2668.000000	97.606775 
2667.000000	97.606812 
2666.000000	97.606834 
2665.000000	97.606838 
2664.000000	97.606826 
2663.000000	97.606799 
2662.000000	97.606760 
2661.000000	97.606713 
2660.000000	97.606654 
2659.000000	97.606575 
2658.000000	97.606461 
2657.000000	97.606311 
2656.000000	97.606145 
2655.000000	97.605984 
2654.000000	97.605819 
2653.000000	97.605630 
2652.000000	97.605412 
2651.000000	97.605198 
2650.000000	97.605030 
2649.000000	97.604920 
2648.000000	97.604827 
2647.000000	97.604694 
2646.000000	97.604490 
2645.000000	97.604218 
2644.000000	97.603911 
2643.000000	97.603624 
2642.000000	97.603392 
2641.000000	97.603211 
2640.000000	97.603047 
2639.000000	97.602890 
2638.000000	97.602757 
2637.000000	97.602663 
2636.000000	97.602602 
2635.000000	97.602581 
2634.000000	97.602630 
2633.000000	97.602760 
2632.000000	97.602874 
2631.000000	97.602804 
2630.000000	97.602478 
2629.000000	97.601998 
2628.000000	97.601541 
2627.000000	97.601173 
2626.000000	97.600864 
2625.000000	97.600616 
2624.000000	97.600491 
2623.000000	97.600489 
2622.000000	97.600478 
2621.000000	97.600302 
2620.000000	97.599932 
2619.000000	97.599490 
2618.000000	97.599178 
2617.000000	97.599134 
2616.000000	97.599337 
2615.000000	97.599600 
2614.000000	97.599698 
2613.000000	97.599552 
2612.000000	97.599253 
2611.000000	97.598947 
2610.000000	97.598718 
2609.000000	97.598600 
2608.000000	97.598640 
2607.000000	97.598847 
2606.000000	97.599116 
2605.000000	97.599339 
2604.000000	97.599501 
2603.000000	97.599582 
2602.000000	97.599505 
2601.000000	97.599287 
2600.000000	97.599097 
2599.000000	97.599012 
2598.000000	97.598874 
2597.000000	97.598546 
2596.000000	97.598136 
2595.000000	97.597781 
2594.000000	97.597382 
2593.000000	97.596861 
2592.000000	97.596552 
2591.000000	97.596843 
2590.000000	97.597553 
2589.000000	97.598095 
2588.000000	97.598205 
2587.000000	97.598205 
2586.000000	97.598470 
2585.000000	97.598940 
2584.000000	97.599261 
2583.000000	97.599257 
2582.000000	97.599031 
2581.000000	97.598807 
2580.000000	97.598757 
2579.000000	97.598949 
2578.000000	97.599317 
2577.000000	97.599680 
2576.000000	97.599846 
2575.000000	97.599705 
2574.000000	97.599287 
2573.000000	97.598800 
2572.000000	97.598513 
2571.000000	97.598513 
2570.000000	97.598629 
2569.000000	97.598740 
2568.000000	97.599004 
2567.000000	97.599558 
2566.000000	97.600233 
2565.000000	97.600731 
2564.000000	97.600954 
2563.000000	97.601021 
2562.000000	97.601072 
2561.000000	97.601162 
2560.000000	97.601308 
2559.000000	97.601518 
2558.000000	97.601751 
2557.000000	97.601930 
2556.000000	97.602028 
2555.000000	97.602089 
2554.000000	97.602152 
2553.000000	97.602180 
2552.000000	97.602112 
2551.000000	97.601958 
2550.000000	97.601820 
2549.000000	97.601790 
2548.000000	97.601854 
2547.000000	97.601881 
2546.000000	97.601781 
2545.000000	97.601616 
2544.000000	97.601508 
2543.000000	97.601435 
2542.000000	97.601260 
2541.000000	97.600952 
2540.000000	97.600677 
2539.000000	97.600601 
2538.000000	97.600695 
2537.000000	97.600756 
2536.000000	97.600664 
2535.000000	97.600507 
2534.000000	97.600392 
2533.000000	97.600300 
2532.000000	97.600205 
2531.000000	97.600210 
2530.000000	97.600385 
2529.000000	97.600530 
2528.000000	97.600307 
2527.000000	97.599639 
2526.000000	97.598906 
2525.000000	97.598612 
2524.000000	97.598925 
2523.000000	97.599592 
2522.000000	97.600217 
2521.000000	97.600554 
2520.000000	97.600539 
2519.000000	97.600260 
2518.000000	97.599959 
2517.000000	97.599891 
2516.000000	97.600015 
2515.000000	97.599932 
2514.000000	97.599366 
2513.000000	97.598671 
2512.000000	97.598579 
2511.000000	97.599449 
2510.000000	97.601006 
2509.000000	97.602779 
2508.000000	97.604455 
2507.000000	97.605779 
2506.000000	97.606605 
2505.000000	97.607279 
2504.000000	97.608493 
2503.000000	97.610331 
2502.000000	97.611851 
2501.000000	97.612114 
2500.000000	97.611332 
2499.000000	97.610607 
2498.000000	97.610561 
2497.000000	97.610885 
2496.000000	97.611369 
2495.000000	97.612573 
2494.000000	97.614977 
2493.000000	97.617933 
2492.000000	97.620124 
2491.000000	97.621057 
2490.000000	97.621457 
2489.000000	97.622165 
2488.000000	97.623014 
2487.000000	97.623309 
2486.000000	97.623065 
2485.000000	97.623139 
2484.000000	97.624084 
2483.000000	97.625394 
2482.000000	97.626164 
2481.000000	97.626163 
2480.000000	97.625926 
2479.000000	97.626041 
2478.000000	97.626690 
2477.000000	97.627760 
2476.000000	97.628974 
2475.000000	97.629885 
2474.000000	97.630100 
2473.000000	97.629621 
2472.000000	97.628814 
2471.000000	97.628011 
2470.000000	97.627424 
2469.000000	97.627383 
2468.000000	97.628180 
2467.000000	97.629565 
2466.000000	97.630725 
2465.000000	97.631099 
2464.000000	97.631002 
2463.000000	97.631212 
2462.000000	97.632104 
2461.000000	97.633464 
2460.000000	97.634932 
2459.000000	97.636290 
2458.000000	97.637317 
2457.000000	97.637709 
2456.000000	97.637260 
2455.000000	97.636090 
2454.000000	97.634698 
2453.000000	97.633654 
2452.000000	97.633156 
2451.000000	97.632947 
2450.000000	97.632811 
2449.000000	97.633021 
2448.000000	97.633965 
2447.000000	97.635473 
2446.000000	97.636857 
2445.000000	97.637598 
2444.000000	97.637713 
2443.000000	97.637482 
2442.000000	97.637158 
2441.000000	97.636952 
2440.000000	97.637001 
2439.000000	97.637306 
2438.000000	97.637920 
2437.000000	97.639151 
2436.000000	97.641152 
2435.000000	97.643322 
2434.000000	97.644661 
2433.000000	97.644837 
2432.000000	97.644579 
2431.000000	97.644898 
2430.000000	97.646194 
2429.000000	97.648212 
2428.000000	97.650341 
2427.000000	97.651835 
2426.000000	97.652099 
2425.000000	97.651146 
2424.000000	97.649777 
2423.000000	97.648789 
2422.000000	97.648309 
2421.000000	97.648504 
2420.000000	97.650015 
2419.000000	97.652777 
2418.000000	97.655532 
2417.000000	97.657405 
2416.000000	97.658819 
2415.000000	97.660041 
2414.000000	97.660510 
2413.000000	97.660628 
2412.000000	97.662220 
2411.000000	97.665638 
2410.000000	97.668260 
2409.000000	97.667861 
2408.000000	97.665919 
2407.000000	97.665382 
2406.000000	97.666500 
2405.000000	97.667026 
2404.000000	97.665648 
2403.000000	97.663100 
2402.000000	97.660541 
2401.000000	97.658863 
2400.000000	97.659148 
2399.000000	97.661953 
2398.000000	97.666433 
2397.000000	97.671453 
2396.000000	97.676724 
2395.000000	97.681656 
2394.000000	97.684339 
2393.000000	97.683800 
2392.000000	97.682355 
2391.000000	97.683567 
2390.000000	97.688176 
2389.000000	97.693933 
2388.000000	97.699131 
2387.000000	97.704315 
2386.000000	97.710400 
2385.000000	97.716947 
2384.000000	97.722696 
2383.000000	97.726342 
2382.000000	97.726317 
2381.000000	97.721385 
2380.000000	97.712136 
2379.000000	97.700682 
2378.000000	97.688320 
2377.000000	97.675175 
2376.000000	97.663222 
2375.000000	97.657359 
2374.000000	97.660686 
2373.000000	97.670250 
2372.000000	97.679741 
2371.000000	97.686615 
2370.000000	97.693180 
2369.000000	97.700547 
2368.000000	97.705583 
2367.000000	97.705218 
2366.000000	97.700500 
2365.000000	97.694868 
2364.000000	97.690572 
2363.000000	97.688491 
2362.000000	97.689376 
2361.000000	97.693188 
2360.000000	97.698847 
2359.000000	97.704748 
2358.000000	97.708028 
2357.000000	97.706400 
2356.000000	97.699903 
2355.000000	97.691640 
2354.000000	97.682901 
2353.000000	97.675037 
2352.000000	97.672426 
2351.000000	97.677224 
2350.000000	97.685641 
2349.000000	97.691289 
2348.000000	97.692561 
2347.000000	97.692324 
2346.000000	97.693360 
2345.000000	97.696998 
2344.000000	97.701647 
2343.000000	97.705371 
2342.000000	97.705406 
2341.000000	97.701464 
2340.000000	97.696071 
2339.000000	97.690951 
2338.000000	97.685691 
2337.000000	97.679397 
2336.000000	97.675648 
2335.000000	97.677165 
2334.000000	97.682164 
2333.000000	97.685132 
2332.000000	97.687771 
2331.000000	97.693126 
2330.000000	97.701950 
2329.000000	97.708616 
2328.000000	97.712760 
2327.000000	97.716210 
2326.000000	97.719618 
2325.000000	97.721935 
2324.000000	97.724154 
2323.000000	97.728398 
2322.000000	97.732325 
2321.000000	97.731039 
2320.000000	97.725725 
2319.000000	97.721253 
2318.000000	97.721580 
2317.000000	97.722792 
2316.000000	97.722561 
2315.000000	97.719769 
2314.000000	97.717732 
2313.000000	97.717234 
2312.000000	97.721540 
2311.000000	97.730754 
2310.000000	97.742464 
2309.000000	97.749779 
2308.000000	97.750889 
2307.000000	97.748221 
2306.000000	97.746111 
2305.000000	97.745057 
2304.000000	97.745487 
2303.000000	97.747091 
2302.000000	97.750058 
2301.000000	97.751774 
2300.000000	97.750936 
2299.000000	97.746214 
2298.000000	97.738274 
2297.000000	97.727358 
2296.000000	97.716173 
2295.000000	97.706992 
2294.000000	97.700054 
2293.000000	97.692680 
2292.000000	97.683617 
2291.000000	97.674626 
2290.000000	97.668295 
2289.000000	97.665723 
2288.000000	97.665843 
2287.000000	97.666367 
2286.000000	97.664493 
2285.000000	97.659801 
2284.000000	97.655033 
2283.000000	97.653074 
2282.000000	97.652668 
2281.000000	97.650264 
2280.000000	97.644950 
2279.000000	97.639183 
2278.000000	97.634746 
2277.000000	97.631150 
2276.000000	97.628444 
2275.000000	97.627918 
2274.000000	97.629782 
2273.000000	97.632339 
2272.000000	97.634251 
2271.000000	97.635198 
2270.000000	97.634682 
2269.000000	97.632437 
2268.000000	97.629992 
2267.000000	97.629238 
2266.000000	97.629684 
2265.000000	97.629166 
2264.000000	97.626967 
2263.000000	97.624056 
2262.000000	97.620839 
2261.000000	97.616919 
2260.000000	97.612760 
2259.000000	97.609735 
2258.000000	97.608263 
2257.000000	97.607389 
2256.000000	97.606188 
2255.000000	97.604686 
2254.000000	97.603258 
2253.000000	97.601833 
2252.000000	97.600081 
2251.000000	97.597766 
2250.000000	97.594810 
2249.000000	97.591412 
2248.000000	97.588192 
2247.000000	97.585726 
2246.000000	97.583944 
2245.000000	97.582293 
2244.000000	97.580283 
2243.000000	97.577908 
2242.000000	97.575420 
2241.000000	97.573070 
2240.000000	97.570965 
2239.000000	97.569075 
2238.000000	97.567273 
2237.000000	97.565419 
2236.000000	97.563484 
2235.000000	97.561507 
2234.000000	97.559519 
2233.000000	97.557520 
2232.000000	97.555505 
2231.000000	97.553468 
2230.000000	97.551400 
2229.000000	97.549294 
2228.000000	97.547157 
2227.000000	97.545003 
2226.000000	97.542838 
2225.000000	97.540647 
2224.000000	97.538417 
2223.000000	97.536155 
2222.000000	97.533892 
2221.000000	97.531657 
2220.000000	97.529459 
2219.000000	97.527284 
2218.000000	97.525110 
2217.000000	97.522924 
2216.000000	97.520726 
2215.000000	97.518530 
2214.000000	97.516352 
2213.000000	97.514205 
2212.000000	97.512109 
2211.000000	97.510074 
2210.000000	97.508102 
2209.000000	97.506174 
2208.000000	97.504270 
2207.000000	97.502375 
2206.000000	97.500480 
2205.000000	97.498571 
2204.000000	97.496635 
2203.000000	97.494664 
2202.000000	97.492660 
2201.000000	97.490631 
2200.000000	97.488582 
2199.000000	97.486517 
2198.000000	97.484437 
2197.000000	97.482352 
2196.000000	97.480274 
2195.000000	97.478217 
2194.000000	97.476216 
2193.000000	97.474297 
2192.000000	97.472492 
2191.000000	97.470831 
2190.000000	97.469221 
2189.000000	97.467484 
2188.000000	97.465648 
2187.000000	97.463988 
2186.000000	97.462499 
2185.000000	97.460661 
2184.000000	97.458161 
2183.000000	97.455742 
2182.000000	97.454576 
2181.000000	97.454937 
2180.000000	97.455698 
2179.000000	97.455348 
2178.000000	97.453316 
2177.000000	97.450329 
2176.000000	97.448035 
2175.000000	97.447683 
2174.000000	97.449152 
2173.000000	97.451245 
2172.000000	97.453248 
2171.000000	97.455368 
2170.000000	97.457268 
2169.000000	97.457532 
2168.000000	97.455582 
2167.000000	97.453273 
2166.000000	97.452956 
2165.000000	97.454178 
2164.000000	97.453848 
2163.000000	97.449947 
2162.000000	97.444093 
2161.000000	97.440338 
2160.000000	97.441910 
2159.000000	97.448987 
2158.000000	97.458461 
2157.000000	97.466462 
2156.000000	97.471798 
2155.000000	97.475825 
2154.000000	97.479722 
2153.000000	97.483536 
2152.000000	97.487420 
2151.000000	97.491679 
2150.000000	97.495316 
2149.000000	97.496724 
2148.000000	97.496526 
2147.000000	97.497611 
2146.000000	97.501416 
2145.000000	97.506332 
2144.000000	97.510841 
2143.000000	97.515850 
2142.000000	97.522268 
2141.000000	97.528616 
2140.000000	97.533224 
2139.000000	97.537135 
2138.000000	97.542673 
2137.000000	97.549941 
2136.000000	97.556438 
2135.000000	97.559584 
2134.000000	97.558481 
2133.000000	97.554450 
2132.000000	97.551263 
2131.000000	97.553000 
2130.000000	97.560537 
2129.000000	97.570499 
2128.000000	97.578137 
2127.000000	97.581427 
2126.000000	97.581742 
2125.000000	97.581605 
2124.000000	97.582251 
2123.000000	97.582963 
2122.000000	97.582351 
2121.000000	97.580186 
2120.000000	97.577973 
2119.000000	97.577354 
2118.000000	97.578442 
2117.000000	97.580295 
2116.000000	97.582216 
2115.000000	97.583779 
2114.000000	97.584135 
2113.000000	97.582691 
2112.000000	97.580448 
2111.000000	97.579408 
2110.000000	97.580319 
2109.000000	97.582047 
2108.000000	97.583223 
2107.000000	97.583551 
2106.000000	97.583241 
2105.000000	97.582442 
2104.000000	97.581745 
2103.000000	97.582054 
2102.000000	97.583252 
2101.000000	97.583825 
2100.000000	97.582619 
2099.000000	97.580229 
2098.000000	97.578310 
2097.000000	97.577713 
2096.000000	97.577942 
2095.000000	97.578001 
2094.000000	97.577318 
2093.000000	97.575954 
2092.000000	97.574290 
2091.000000	97.572712 
2090.000000	97.571344 
2089.000000	97.570019 
2088.000000	97.568503 
2087.000000	97.566673 
2086.000000	97.564478 
2085.000000	97.561928 
2084.000000	97.559232 
2083.000000	97.556687 
2082.000000	97.554367 
2081.000000	97.552119 
2080.000000	97.549901 
2079.000000	97.547942 
2078.000000	97.546325 
2077.000000	97.544623 
2076.000000	97.542364 
2075.000000	97.539681 
2074.000000	97.537088 
2073.000000	97.534650 
2072.000000	97.531940 
2071.000000	97.528789 
2070.000000	97.525525 
2069.000000	97.522496 
2068.000000	97.519771 
2067.000000	97.517229 
2066.000000	97.514681 
2065.000000	97.511911 
2064.000000	97.508807 
2063.000000	97.505512 
2062.000000	97.502369 
2061.000000	97.499640 
2060.000000	97.497287 
2059.000000	97.495098 
2058.000000	97.492814 
2057.000000	97.490262 
2056.000000	97.487453 
2055.000000	97.484493 
2054.000000	97.481516 
2053.000000	97.478624 
2052.000000	97.475853 
2051.000000	97.473192 
2050.000000	97.470604 
2049.000000	97.468075 
2048.000000	97.465630 
2047.000000	97.463293 
2046.000000	97.461063 
2045.000000	97.458933 
2044.000000	97.456915 
2043.000000	97.455032 
2042.000000	97.453292 
2041.000000	97.451689 
2040.000000	97.450207 
2039.000000	97.448826 
2038.000000	97.447516 
2037.000000	97.446244 
2036.000000	97.444986 
2035.000000	97.443753 
2034.000000	97.442582 
2033.000000	97.441505 
2032.000000	97.440532 
2031.000000	97.439641 
2030.000000	97.438794 
2029.000000	97.437962 
2028.000000	97.437143 
2027.000000	97.436352 
2026.000000	97.435606 
2025.000000	97.434924 
2024.000000	97.434333 
2023.000000	97.433863 
2022.000000	97.433502 
2021.000000	97.433198 
2020.000000	97.432867 
2019.000000	97.432446 
2018.000000	97.431902 
2017.000000	97.431241 
2016.000000	97.430531 
2015.000000	97.429869 
2014.000000	97.429322 
2013.000000	97.428835 
2012.000000	97.428301 
2011.000000	97.427794 
2010.000000	97.427541 
2009.000000	97.427599 
2008.000000	97.427687 
2007.000000	97.427484 
2006.000000	97.427005 
2005.000000	97.426572 
2004.000000	97.426512 
2003.000000	97.427044 
2002.000000	97.428229 
2001.000000	97.429641 
2000.000000	97.430383 
1999.000000	97.429700 
1998.000000	97.427536 
1997.000000	97.424582 
1996.000000	97.421862 
1995.000000	97.420278 
1994.000000	97.420198 
1993.000000	97.421168 
1992.000000	97.422115 
1991.000000	97.422350 
1990.000000	97.422166 
1989.000000	97.422304 
1988.000000	97.422909 
1987.000000	97.423093 
1986.000000	97.421764 
1985.000000	97.419073 
1984.000000	97.416751 
1983.000000	97.416384 
1982.000000	97.417459 
1981.000000	97.417714 
1980.000000	97.416015 
1979.000000	97.413945 
1978.000000	97.413588 
1977.000000	97.414710 
1976.000000	97.415394 
1975.000000	97.415158 
1974.000000	97.415711 
1973.000000	97.418569 
1972.000000	97.423214 
1971.000000	97.427724 
1970.000000	97.430529 
1969.000000	97.431262 
1968.000000	97.430559 
1967.000000	97.429634 
1966.000000	97.429845 
1965.000000	97.432124 
1964.000000	97.436506 
1963.000000	97.442124 
1962.000000	97.447764 
1961.000000	97.452388 
1960.000000	97.455317 
1959.000000	97.456368 
1958.000000	97.456192 
1957.000000	97.456316 
1956.000000	97.458051 
1955.000000	97.461350 
1954.000000	97.465047 
1953.000000	97.468124 
1952.000000	97.470521 
1951.000000	97.472611 
1950.000000	97.474593 
1949.000000	97.476724 
1948.000000	97.479583 
1947.000000	97.483408 
1946.000000	97.487473 
1945.000000	97.490694 
1944.000000	97.492832 
1943.000000	97.494525 
1942.000000	97.496389 
1941.000000	97.498489 
1940.000000	97.500739 
1939.000000	97.503120 
1938.000000	97.505565 
1937.000000	97.508001 
1936.000000	97.510480 
1935.000000	97.513024 
1934.000000	97.515486 
1933.000000	97.517750 
1932.000000	97.519911 
1931.000000	97.522143 
1930.000000	97.524407 
1929.000000	97.526424 
1928.000000	97.528127 
1927.000000	97.529801 
1926.000000	97.531663 
1925.000000	97.533490 
1924.000000	97.535021 
1923.000000	97.536406 
1922.000000	97.537877 
1921.000000	97.539297 
1920.000000	97.540456 
1919.000000	97.541534 
1918.000000	97.542659 
1917.000000	97.543373 
1916.000000	97.543407 
1915.000000	97.543327 
1914.000000	97.543783 
1913.000000	97.544780 
1912.000000	97.545919 
1911.000000	97.547265 
1910.000000	97.549083 
1909.000000	97.551081 
1908.000000	97.552847 
1907.000000	97.554193 
1906.000000	97.554913 
1905.000000	97.554651 
1904.000000	97.553590 
1903.000000	97.552787 
1902.000000	97.552971 
1901.000000	97.553865 
1900.000000	97.554844 
1899.000000	97.555593 
1898.000000	97.556118 
1897.000000	97.556420 
1896.000000	97.556487 
1895.000000	97.556474 
1894.000000	97.556511 
1893.000000	97.556552 
1892.000000	97.556633 
1891.000000	97.556980 
1890.000000	97.557672 
1889.000000	97.558467 
1888.000000	97.559135 
1887.000000	97.559719 
1886.000000	97.560302 
1885.000000	97.560849 
1884.000000	97.561319 
1883.000000	97.561794 
1882.000000	97.562418 
1881.000000	97.563247 
1880.000000	97.564242 
1879.000000	97.565315 
1878.000000	97.566396 
1877.000000	97.567484 
1876.000000	97.568612 
1875.000000	97.569814 
1874.000000	97.571096 
1873.000000	97.572433 
1872.000000	97.573786 
1871.000000	97.575137 
1870.000000	97.576483 
1869.000000	97.577833 
1868.000000	97.579207 
1867.000000	97.580628 
1866.000000	97.582107 
1865.000000	97.583640 
1864.000000	97.585223 
1863.000000	97.586863 
1862.000000	97.588571 
1861.000000	97.590339 
1860.000000	97.592148 
1859.000000	97.593990 
1858.000000	97.595869 
1857.000000	97.597787 
1856.000000	97.599726 
1855.000000	97.601678 
1854.000000	97.603655 
1853.000000	97.605622 
1852.000000	97.607558 
1851.000000	97.609548 
1850.000000	97.611692 
1849.000000	97.613942 
1848.000000	97.616103 
1847.000000	97.618127 
1846.000000	97.620160 
1845.000000	97.622216 
1844.000000	97.624067 
1843.000000	97.625872 
1842.000000	97.627980 
1841.000000	97.630032 
1840.000000	97.631803 
1839.000000	97.633696 
1838.000000	97.636051 
1837.000000	97.638190 
1836.000000	97.639108 
1835.000000	97.639287 
1834.000000	97.640275 
1833.000000	97.642241 
1832.000000	97.643824 
1831.000000	97.643649 
1830.000000	97.641755 
1829.000000	97.640282 
1828.000000	97.641304 
1827.000000	97.644527 
1826.000000	97.648554 
1825.000000	97.651972 
1824.000000	97.653479 
1823.000000	97.653755 
1822.000000	97.654370 
1821.000000	97.655292 
1820.000000	97.655184 
1819.000000	97.653971 
1818.000000	97.654298 
1817.000000	97.656788 
1816.000000	97.657994 
1815.000000	97.656464 
1814.000000	97.654762 
1813.000000	97.655513 
1812.000000	97.656931 
1811.000000	97.655927 
1810.000000	97.653781 
1809.000000	97.652589 
1808.000000	97.651902 
1807.000000	97.651035 
1806.000000	97.650174 
1805.000000	97.648923 
1804.000000	97.647001 
1803.000000	97.646431 
1802.000000	97.647988 
1801.000000	97.648492 
1800.000000	97.643869 
1799.000000	97.635618 
1798.000000	97.629716 
1797.000000	97.627763 
1796.000000	97.627104 
1795.000000	97.626842 
1794.000000	97.628824 
1793.000000	97.633121 
1792.000000	97.636167 
1791.000000	97.637859 
1790.000000	97.641373 
1789.000000	97.645156 
1788.000000	97.646573 
1787.000000	97.646914 
1786.000000	97.649651 
1785.000000	97.654855 
1784.000000	97.659090 
1783.000000	97.660897 
1782.000000	97.660439 
1781.000000	97.659320 
1780.000000	97.659216 
1779.000000	97.660563 
1778.000000	97.663357 
1777.000000	97.666594 
1776.000000	97.669866 
1775.000000	97.672526 
1774.000000	97.673512 
1773.000000	97.672265 
1772.000000	97.669432 
1771.000000	97.667637 
1770.000000	97.669091 
1769.000000	97.673019 
1768.000000	97.677686 
1767.000000	97.681278 
1766.000000	97.682776 
1765.000000	97.682748 
1764.000000	97.682377 
1763.000000	97.682567 
1762.000000	97.683212 
1761.000000	97.684405 
1760.000000	97.686130 
1759.000000	97.687727 
1758.000000	97.688960 
1757.000000	97.689990 
1756.000000	97.691144 
1755.000000	97.691636 
1754.000000	97.690741 
1753.000000	97.689431 
1752.000000	97.689664 
1751.000000	97.691259 
1750.000000	97.692297 
1749.000000	97.691805 
1748.000000	97.690437 
1747.000000	97.689141 
1746.000000	97.687622 
1745.000000	97.686534 
1744.000000	97.687072 
1743.000000	97.688773 
1742.000000	97.689985 
1741.000000	97.689851 
1740.000000	97.688851 
1739.000000	97.688564 
1738.000000	97.689960 
1737.000000	97.691185 
1736.000000	97.691431 
1735.000000	97.693153 
1734.000000	97.695170 
1733.000000	97.694661 
1732.000000	97.694086 
1731.000000	97.693840 
1730.000000	97.694675 
1729.000000	97.696444 
1728.000000	97.697630 
1727.000000	97.697146 
1726.000000	97.695474 
1725.000000	97.694539 
1724.000000	97.694430 
1723.000000	97.694438 
1722.000000	97.695147 
1721.000000	97.696173 
1720.000000	97.696508 
1719.000000	97.696540 
1718.000000	97.697459 
1717.000000	97.697690 
1716.000000	97.695545 
1715.000000	97.693043 
1714.000000	97.692862 
1713.000000	97.694238 
1712.000000	97.694536 
1711.000000	97.693720 
1710.000000	97.693379 
1709.000000	97.693320 
1708.000000	97.691894 
1707.000000	97.688921 
1706.000000	97.686375 
1705.000000	97.685135 
1704.000000	97.684145 
1703.000000	97.682533 
1702.000000	97.681442 
1701.000000	97.681890 
1700.000000	97.680872 
1699.000000	97.677995 
1698.000000	97.676126 
1697.000000	97.674457 
1696.000000	97.672305 
1695.000000	97.670032 
1694.000000	97.668219 
1693.000000	97.666100 
1692.000000	97.663278 
1691.000000	97.660382 
1690.000000	97.657756 
1689.000000	97.655250 
1688.000000	97.652720 
1687.000000	97.650078 
1686.000000	97.647378 
1685.000000	97.644636 
1684.000000	97.641852 
1683.000000	97.639080 
1682.000000	97.636314 
1681.000000	97.633554 
1680.000000	97.630802 
1679.000000	97.628056 
1678.000000	97.625308 
1677.000000	97.622548 
1676.000000	97.619781 
1675.000000	97.617012 
1674.000000	97.614242 
1673.000000	97.611477 
1672.000000	97.608727 
1671.000000	97.606008 
1670.000000	97.603331 
1669.000000	97.600701 
1668.000000	97.598127 
1667.000000	97.595607 
1666.000000	97.593129 
1665.000000	97.590681 
1664.000000	97.588261 
1663.000000	97.585869 
1662.000000	97.583504 
1661.000000	97.581166 
1660.000000	97.578861 
1659.000000	97.576588 
1658.000000	97.574346 
1657.000000	97.572138 
1656.000000	97.569975 
1655.000000	97.567864 
1654.000000	97.565800 
1653.000000	97.563767 
1652.000000	97.561780 
1651.000000	97.559879 
1650.000000	97.558057 
1649.000000	97.556311 
1648.000000	97.554652 
1647.000000	97.553089 
1646.000000	97.551620 
1645.000000	97.550243 
1644.000000	97.548951 
1643.000000	97.547731 
1642.000000	97.546580 
1641.000000	97.545493 
1640.000000	97.544462 
1639.000000	97.543475 
1638.000000	97.542527 
1637.000000	97.541620 
1636.000000	97.540757 
1635.000000	97.539930 
1634.000000	97.539169 
1633.000000	97.538516 
1632.000000	97.537930 
1631.000000	97.537421 
1630.000000	97.537009 
1629.000000	97.536572 
1628.000000	97.536008 
1627.000000	97.535545 
1626.000000	97.535321 
1625.000000	97.535088 
1624.000000	97.534735 
1623.000000	97.534608 
1622.000000	97.534975 
1621.000000	97.535653 
1620.000000	97.536442 
1619.000000	97.537503 
1618.000000	97.538858 
1617.000000	97.538720 
1616.000000	97.536541 
1615.000000	97.535639 
1614.000000	97.536570 
1613.000000	97.536621 
1612.000000	97.535673 
1611.000000	97.535791 
1610.000000	97.536561 
1609.000000	97.536393 
1608.000000	97.537591 
1607.000000	97.542364 
1606.000000	97.546995 
1605.000000	97.547733 
1604.000000	97.548004 
1603.000000	97.551157 
1602.000000	97.554714 
1601.000000	97.555786 
1600.000000	97.556897 
1599.000000	97.560658 
1598.000000	97.564245 
1597.000000	97.564675 
1596.000000	97.564073 
1595.000000	97.565831 
1594.000000	97.568629 
1593.000000	97.569809 
1592.000000	97.571346 
1591.000000	97.575996 
1590.000000	97.581072 
1589.000000	97.583172 
1588.000000	97.585193 
1587.000000	97.591406 
1586.000000	97.598909 
1585.000000	97.601564 
1584.000000	97.602986 
1583.000000	97.608898 
1582.000000	97.614921 
1581.000000	97.616306 
1580.000000	97.617808 
1579.000000	97.623940 
1578.000000	97.632348 
1577.000000	97.639473 
1576.000000	97.643900 
1575.000000	97.650885 
1574.000000	97.660250 
1573.000000	97.664301 
1572.000000	97.666298 
1571.000000	97.673738 
1570.000000	97.679911 
1569.000000	97.675513 
1568.000000	97.673494 
1567.000000	97.679150 
1566.000000	97.681637 
1565.000000	97.677174 
1564.000000	97.673690 
1563.000000	97.673527 
1562.000000	97.667960 
1561.000000	97.657796 
1560.000000	97.669098 
1559.000000	97.682885 
1558.000000	97.664000 
1557.000000	97.653041 
1556.000000	97.650607 
1555.000000	97.650837 
1554.000000	97.649713 
1553.000000	97.644871 
1552.000000	97.636449 
1551.000000	97.625898 
1550.000000	97.616174 
1549.000000	97.605687 
1548.000000	97.592768 
1547.000000	97.578013 
1546.000000	97.561067 
1545.000000	97.542272 
1544.000000	97.523668 
1543.000000	97.507364 
1542.000000	97.494162 
1541.000000	97.474855 
1540.000000	97.433697 
1539.000000	97.388626 
1538.000000	97.367164 
1537.000000	97.354124 
1536.000000	97.332478 
1535.000000	97.307212 
1534.000000	97.284709 
1533.000000	97.264629 
1532.000000	97.247127 
1531.000000	97.229887 
1530.000000	97.208484 
1529.000000	97.180740 
1528.000000	97.148949 
1527.000000	97.120124 
1526.000000	97.097372 
1525.000000	97.076333 
1524.000000	97.051180 
1523.000000	97.021248 
1522.000000	96.988862 
1521.000000	96.954421 
1520.000000	96.919980 
1519.000000	96.883307 
1518.000000	96.840639 
1517.000000	96.799161 
1516.000000	96.768308 
1515.000000	96.748371 
1514.000000	96.730140 
1513.000000	96.707436 
1512.000000	96.678016 
1511.000000	96.642152 
1510.000000	96.604654 
1509.000000	96.571107 
1508.000000	96.543670 
1507.000000	96.510184 
1506.000000	96.463983 
1505.000000	96.422437 
1504.000000	96.390711 
1503.000000	96.359521 
1502.000000	96.325751 
1501.000000	96.291348 
1500.000000	96.257927 
1499.000000	96.224788 
1498.000000	96.191359 
1497.000000	96.157289 
1496.000000	96.121821 
1495.000000	96.091000 
1494.000000	96.069422 
1493.000000	96.052206 
1492.000000	96.032609 
1491.000000	96.007521 
1490.000000	95.977211 
1489.000000	95.941946 
1488.000000	95.900331 
1487.000000	95.857636 
1486.000000	95.821731 
1485.000000	95.789067 
1484.000000	95.755928 
1483.000000	95.723023 
1482.000000	95.692928 
1481.000000	95.665921 
1480.000000	95.638401 
1479.000000	95.609394 
1478.000000	95.581274 
1477.000000	95.555906 
1476.000000	95.530791 
1475.000000	95.505156 
1474.000000	95.476886 
1473.000000	95.442543 
1472.000000	95.406121 
1471.000000	95.377575 
1470.000000	95.357703 
1469.000000	95.337324 
1468.000000	95.311710 
1467.000000	95.283816 
1466.000000	95.257477 
1465.000000	95.233434 
1464.000000	95.214453 
1463.000000	95.200565 
1462.000000	95.186837 
1461.000000	95.168472 
1460.000000	95.145897 
1459.000000	95.121225 
1458.000000	95.093093 
1457.000000	95.060273 
1456.000000	95.032246 
1455.000000	95.014478 
1454.000000	94.995519 
1453.000000	94.976459 
1452.000000	94.966598 
1451.000000	94.967136 
1450.000000	94.973094 
1449.000000	94.980893 
1448.000000	94.987140 
1447.000000	94.989727 
1446.000000	94.987233 
1445.000000	94.983242 
1444.000000	94.982813 
1443.000000	94.983534 
1442.000000	94.982378 
1441.000000	94.980074 
1440.000000	94.977842 
1439.000000	94.972013 
1438.000000	94.963450 
1437.000000	94.958648 
1436.000000	94.958952 
1435.000000	94.959250 
1434.000000	94.956459 
1433.000000	94.953841 
1432.000000	94.955612 
1431.000000	94.959045 
1430.000000	94.959955 
1429.000000	94.961644 
1428.000000	94.966683 
1427.000000	94.973109 
1426.000000	94.977079 
1425.000000	94.983178 
1424.000000	94.997503 
1423.000000	95.011902 
1422.000000	95.017230 
1421.000000	95.018302 
1420.000000	95.026589 
1419.000000	95.038103 
1418.000000	95.044775 
1417.000000	95.053121 
1416.000000	95.067960 
1415.000000	95.085812 
1414.000000	95.100474 
1413.000000	95.111580 
1412.000000	95.124151 
1411.000000	95.139628 
1410.000000	95.157457 
1409.000000	95.179354 
1408.000000	95.205309 
1407.000000	95.233976 
1406.000000	95.264630 
1405.000000	95.301231 
1404.000000	95.346457 
1403.000000	95.391025 
1402.000000	95.426145 
1401.000000	95.457111 
1400.000000	95.496948 
1399.000000	95.546175 
1398.000000	95.589876 
1397.000000	95.616810 
1396.000000	95.631284 
1395.000000	95.648556 
1394.000000	95.681655 
1393.000000	95.734988 
1392.000000	95.801782 
1391.000000	95.868180 
1390.000000	95.924825 
1389.000000	95.971945 
1388.000000	96.014204 
1387.000000	96.052666 
1386.000000	96.085327 
1385.000000	96.114765 
1384.000000	96.147772 
1383.000000	96.186140 
1382.000000	96.225590 
1381.000000	96.262289 
1380.000000	96.298135 
1379.000000	96.337259 
1378.000000	96.379459 
1377.000000	96.421153 
1376.000000	96.460383 
1375.000000	96.497692 
1374.000000	96.533748 
1373.000000	96.569879 
1372.000000	96.606491 
1371.000000	96.642211 
1370.000000	96.675641 
1369.000000	96.708433 
1368.000000	96.743696 
1367.000000	96.779430 
1366.000000	96.811159 
1365.000000	96.839078 
1364.000000	96.868117 
1363.000000	96.900476 
1362.000000	96.932741 
1361.000000	96.962071 
1360.000000	96.990481 
1359.000000	97.020432 
1358.000000	97.050459 
1357.000000	97.077856 
1356.000000	97.102800 
1355.000000	97.126818 
1354.000000	97.150651 
1353.000000	97.174595 
1352.000000	97.198612 
1351.000000	97.223329 
1350.000000	97.247757 
1349.000000	97.270154 
1348.000000	97.290576 
1347.000000	97.309530 
1346.000000	97.327820 
1345.000000	97.345779 
1344.000000	97.362502 
1343.000000	97.376039 
1342.000000	97.386602 
1341.000000	97.398024 
1340.000000	97.413816 
1339.000000	97.431877 
1338.000000	97.447235 
1337.000000	97.459000 
1336.000000	97.469635 
1335.000000	97.479610 
1334.000000	97.487711 
1333.000000	97.494975 
1332.000000	97.503939 
1331.000000	97.514278 
1330.000000	97.523157 
1329.000000	97.530156 
1328.000000	97.537884 
1327.000000	97.547460 
1326.000000	97.556504 
1325.000000	97.563101 
1324.000000	97.567820 
1323.000000	97.570543 
1322.000000	97.570357 
1321.000000	97.569057 
1320.000000	97.571129 
1319.000000	97.578644 
1318.000000	97.589029 
1317.000000	97.598600 
1316.000000	97.605707 
1315.000000	97.610208 
1314.000000	97.613164 
1313.000000	97.617438 
1312.000000	97.625333 
1311.000000	97.635050 
1310.000000	97.642314 
1309.000000	97.645840 
1308.000000	97.648533 
1307.000000	97.653420 
1306.000000	97.660255 
1305.000000	97.667477 
1304.000000	97.674718 
1303.000000	97.681555 
1302.000000	97.686585 
1301.000000	97.689009 
1300.000000	97.690034 
1299.000000	97.691537 
1298.000000	97.694155 
1297.000000	97.696719 
1296.000000	97.697274 
1295.000000	97.695036 
1294.000000	97.691976 
1293.000000	97.691536 
1292.000000	97.694619 
1291.000000	97.698325 
1290.000000	97.699982 
1289.000000	97.700488 
1288.000000	97.701631 
1287.000000	97.702105 
1286.000000	97.699449 
1285.000000	97.694900 
1284.000000	97.692725 
1283.000000	97.694614 
1282.000000	97.697500 
1281.000000	97.697465 
1280.000000	97.694043 
1279.000000	97.690036 
1278.000000	97.688728 
1277.000000	97.691564 
1276.000000	97.696906 
1275.000000	97.701047 
1274.000000	97.701706 
1273.000000	97.700301 
1272.000000	97.699272 
1271.000000	97.698109 
1270.000000	97.694408 
1269.000000	97.688370 
1268.000000	97.683216 
1267.000000	97.680555 
1266.000000	97.678207 
1265.000000	97.673749 
1264.000000	97.667903 
1263.000000	97.663261 
1262.000000	97.661058 
1261.000000	97.660307 
1260.000000	97.659526 
1259.000000	97.658183 
1258.000000	97.656581 
1257.000000	97.654527 
1256.000000	97.650184 
1255.000000	97.641591 
1254.000000	97.629827 
1253.000000	97.619026 
1252.000000	97.612083 
1251.000000	97.608150 
1250.000000	97.605767 
1249.000000	97.606217 
1248.000000	97.611117 
1247.000000	97.617979 
1246.000000	97.621243 
1245.000000	97.617253 
1244.000000	97.606456 
1243.000000	97.592696 
1242.000000	97.582433 
1241.000000	97.581850 
1240.000000	97.590626 
1239.000000	97.599625 
1238.000000	97.598528 
1237.000000	97.585427 
1236.000000	97.566293 
1235.000000	97.546790 
1234.000000	97.528434 
1233.000000	97.511618 
1232.000000	97.497319 
1231.000000	97.484811 
1230.000000	97.471639 
1229.000000	97.457032 
1228.000000	97.442330 
1227.000000	97.427292 
1226.000000	97.408768 
1225.000000	97.383978 
1224.000000	97.352925 
1223.000000	97.317182 
1222.000000	97.278423 
1221.000000	97.238287 
1220.000000	97.197505 
1219.000000	97.154881 
1218.000000	97.109068 
1217.000000	97.060931 
1216.000000	97.011655 
1215.000000	96.959203 
1214.000000	96.900366 
1213.000000	96.836689 
1212.000000	96.774319 
1211.000000	96.716183 
1210.000000	96.657566 
1209.000000	96.591962 
1208.000000	96.518942 
1207.000000	96.443882 
1206.000000	96.371561 
1205.000000	96.302217 
1204.000000	96.233016 
1203.000000	96.161408 
1202.000000	96.087360 
1201.000000	96.013383 
1200.000000	95.941910 
1199.000000	95.872201 
1198.000000	95.800909 
1197.000000	95.726131 
1196.000000	95.649429 
1195.000000	95.573488 
1194.000000	95.499319 
1193.000000	95.426149 
1192.000000	95.352199 
1191.000000	95.274932 
1190.000000	95.192743 
1189.000000	95.107285 
1188.000000	95.022000 
1187.000000	94.937479 
1186.000000	94.850723 
1185.000000	94.759947 
1184.000000	94.667094 
1183.000000	94.574034 
1182.000000	94.479415 
1181.000000	94.381611 
1180.000000	94.281757 
1179.000000	94.180744 
1178.000000	94.075719 
1177.000000	93.963132 
1176.000000	93.843503 
1175.000000	93.720145 
1174.000000	93.595159 
1173.000000	93.469911 
1172.000000	93.347151 
1171.000000	93.228335 
1170.000000	93.110634 
1169.000000	92.991288 
1168.000000	92.874040 
1167.000000	92.767211 
1166.000000	92.677146 
1165.000000	92.608470 
1164.000000	92.568791 
1163.000000	92.565938 
1162.000000	92.598860 
1161.000000	92.654883 
1160.000000	92.715892 
1159.000000	92.764348 
1158.000000	92.786170 
1157.000000	92.774116 
1156.000000	92.729269 
1155.000000	92.656750 
1154.000000	92.561216 
1153.000000	92.449002 
1152.000000	92.331320 
1151.000000	92.219127 
1150.000000	92.114967 
1149.000000	92.014728 
1148.000000	91.916444 
1147.000000	91.821750 
1146.000000	91.729560 
1145.000000	91.635115 
1144.000000	91.536404 
1143.000000	91.436160 
1142.000000	91.336703 
1141.000000	91.237767 
1140.000000	91.139905 
1139.000000	91.044855 
1138.000000	90.951748 
1137.000000	90.857716 
1136.000000	90.762641 
1135.000000	90.668610 
1134.000000	90.574806 
1133.000000	90.478185 
1132.000000	90.379143 
1131.000000	90.281066 
1130.000000	90.184349 
1129.000000	90.086526 
1128.000000	89.988058 
1127.000000	89.891613 
1126.000000	89.795366 
1125.000000	89.693686 
1124.000000	89.585494 
1123.000000	89.475869 
1122.000000	89.368535 
1121.000000	89.262803 
1120.000000	89.158560 
1119.000000	89.057663 
1118.000000	88.959450 
1117.000000	88.861344 
1116.000000	88.764653 
1115.000000	88.673312 
1114.000000	88.586532 
1113.000000	88.499493 
1112.000000	88.411435 
1111.000000	88.325641 
1110.000000	88.241873 
1109.000000	88.156760 
1108.000000	88.070554 
1107.000000	87.986106 
1106.000000	87.902110 
1105.000000	87.815048 
1104.000000	87.727206 
1103.000000	87.644498 
1102.000000	87.566824 
1101.000000	87.488966 
1100.000000	87.409902 
1099.000000	87.333555 
1098.000000	87.261457 
1097.000000	87.192706 
1096.000000	87.129438 
1095.000000	87.072485 
1094.000000	87.013825 
1093.000000	86.944077 
1092.000000	86.866913 
1091.000000	86.795899 
1090.000000	86.737827 
1089.000000	86.688887 
1088.000000	86.645240 
1087.000000	86.605889 
1086.000000	86.566411 
1085.000000	86.522298 
1084.000000	86.478527 
1083.000000	86.444325 
1082.000000	86.418666 
1081.000000	86.392585 
1080.000000	86.365325 
1079.000000	86.345459 
1078.000000	86.335512 
1077.000000	86.327911 
1076.000000	86.316957 
1075.000000	86.302465 
1074.000000	86.280965 
1073.000000	86.245692 
1072.000000	86.195524 
1071.000000	86.130873 
1070.000000	86.040480 
1069.000000	85.907779 
1068.000000	85.734543 
1067.000000	85.546456 
1066.000000	85.370242 
1065.000000	85.214290 
1064.000000	85.074254 
1063.000000	84.943032 
1062.000000	84.808808 
1061.000000	84.656804 
1060.000000	84.483327 
1059.000000	84.302267 
1058.000000	84.132318 
1057.000000	83.982809 
1056.000000	83.853054 
1055.000000	83.736027 
1054.000000	83.619850 
1053.000000	83.495303 
1052.000000	83.365581 
1051.000000	83.240854 
1050.000000	83.122457 
1049.000000	83.002972 
1048.000000	82.881196 
1047.000000	82.763432 
1046.000000	82.650361 
1045.000000	82.536205 
1044.000000	82.420528 
1043.000000	82.308306 
1042.000000	82.198466 
1041.000000	82.084718 
1040.000000	81.968466 
1039.000000	81.859434 
1038.000000	81.763110 
1037.000000	81.678628 
1036.000000	81.607903 
1035.000000	81.554319 
1034.000000	81.513135 
1033.000000	81.475381 
1032.000000	81.439479 
1031.000000	81.406854 
1030.000000	81.370816 
1029.000000	81.326091 
1028.000000	81.286046 
1027.000000	81.271672 
1026.000000	81.283482 
1025.000000	81.301030 
1024.000000	81.310307 
1023.000000	81.314319 
1022.000000	81.316404 
1021.000000	81.312554 
1020.000000	81.303220 
1019.000000	81.295381 
1018.000000	81.289099 
1017.000000	81.277165 
1016.000000	81.260556 
1015.000000	81.249083 
1014.000000	81.244499 
1013.000000	81.238482 
1012.000000	81.229765 
1011.000000	81.227777 
1010.000000	81.236380 
1009.000000	81.248888 
1008.000000	81.262220 
1007.000000	81.281968 
1006.000000	81.311069 
1005.000000	81.347076 
1004.000000	81.391818 
1003.000000	81.449251 
1002.000000	81.512560 
1001.000000	81.568769 
1000.000000	81.618547 
999.000000	 81.676440 
998.000000	 81.748910 
997.000000	 81.826703 
996.000000	 81.901518 
995.000000	 81.976238 
994.000000	 82.055393 
993.000000	 82.138575 
992.000000	 82.226194 
991.000000	 82.319633 
990.000000	 82.414096 
989.000000	 82.503466 
988.000000	 82.593138 
987.000000	 82.695242 
986.000000	 82.810870 
985.000000	 82.930319 
984.000000	 83.050924 
983.000000	 83.180102 
982.000000	 83.319816 
981.000000	 83.462775 
980.000000	 83.605981 
979.000000	 83.754131 
978.000000	 83.907212 
977.000000	 84.058579 
976.000000	 84.208136 
975.000000	 84.364270 
974.000000	 84.529595 
973.000000	 84.696971 
972.000000	 84.862616 
971.000000	 85.031658 
970.000000	 85.207600 
969.000000	 85.386722 
968.000000	 85.565250 
967.000000	 85.742433 
966.000000	 85.915328 
965.000000	 86.080483 
964.000000	 86.241823 
963.000000	 86.407353 
962.000000	 86.577508 
961.000000	 86.745928 
960.000000	 86.910997 
959.000000	 87.076053 
958.000000	 87.238726 
957.000000	 87.391471 
956.000000	 87.533477 
955.000000	 87.671933 
954.000000	 87.810840 
953.000000	 87.947883 
952.000000	 88.082264 
951.000000	 88.215408 
950.000000	 88.344031 
949.000000	 88.462949 
948.000000	 88.574983 
947.000000	 88.687968 
946.000000	 88.801442 
945.000000	 88.906548 
944.000000	 88.999956 
943.000000	 89.088258 
942.000000	 89.177818 
941.000000	 89.269483 
940.000000	 89.364086 
939.000000	 89.463512 
938.000000	 89.564946 
937.000000	 89.662764 
936.000000	 89.757066 
935.000000	 89.852412 
934.000000	 89.948432 
933.000000	 90.040687 
932.000000	 90.130477 
931.000000	 90.224156 
930.000000	 90.322128 
929.000000	 90.417755 
928.000000	 90.508175 
927.000000	 90.597329 
926.000000	 90.687266 
925.000000	 90.774423 
924.000000	 90.855330 
923.000000	 90.929181 
922.000000	 90.994928 
921.000000	 91.053071 
920.000000	 91.109893 
919.000000	 91.172323 
918.000000	 91.238743 
917.000000	 91.301670 
916.000000	 91.358861 
915.000000	 91.415153 
914.000000	 91.474661 
913.000000	 91.538398 
912.000000	 91.608434 
911.000000	 91.686982 
910.000000	 91.772477 
909.000000	 91.863474 
908.000000	 91.964125 
907.000000	 92.078285 
906.000000	 92.201007 
905.000000	 92.323947 
904.000000	 92.446118 
903.000000	 92.571035 
902.000000	 92.697089 
901.000000	 92.820266 
900.000000	 92.942946 
899.000000	 93.070359 
898.000000	 93.200675 
897.000000	 93.327689 
896.000000	 93.449733 
895.000000	 93.566391 
894.000000	 93.671348 
893.000000	 93.760031 
892.000000	 93.840921 
891.000000	 93.926656 
890.000000	 94.014105 
889.000000	 94.082897 
888.000000	 94.112254 
887.000000	 94.091503 
886.000000	 94.020340 
885.000000	 93.911643 
884.000000	 93.790186 
883.000000	 93.673331 
882.000000	 93.553405 
881.000000	 93.414140 
880.000000	 93.264718 
879.000000	 93.140476 
878.000000	 93.066873 
877.000000	 93.040219 
876.000000	 93.048358 
875.000000	 93.092752 
874.000000	 93.183265 
873.000000	 93.326676 
872.000000	 93.526357 
871.000000	 93.777536 
870.000000	 94.055737 
869.000000	 94.323711 
868.000000	 94.557786 
867.000000	 94.759175 
866.000000	 94.938328 
865.000000	 95.100612 
864.000000	 95.250746 
863.000000	 95.397932 
862.000000	 95.547545 
861.000000	 95.694771 
860.000000	 95.832854 
859.000000	 95.962086 
858.000000	 96.086241 
857.000000	 96.205903 
856.000000	 96.319593 
855.000000	 96.426510 
854.000000	 96.524413 
853.000000	 96.609047 
852.000000	 96.678869 
851.000000	 96.737565 
850.000000	 96.791200 
849.000000	 96.846369 
848.000000	 96.909820 
847.000000	 96.983460 
846.000000	 97.059655 
845.000000	 97.128007 
844.000000	 97.186873 
843.000000	 97.241939 
842.000000	 97.294509 
841.000000	 97.339142 
840.000000	 97.372509 
839.000000	 97.395973 
838.000000	 97.409257 
837.000000	 97.410999 
836.000000	 97.407474 
835.000000	 97.411644 
834.000000	 97.429475 
833.000000	 97.454054 
832.000000	 97.476369 
831.000000	 97.494777 
830.000000	 97.510871 
829.000000	 97.524067 
828.000000	 97.536024 
827.000000	 97.554687 
826.000000	 97.587531 
825.000000	 97.633183 
824.000000	 97.682224 
823.000000	 97.722726 
822.000000	 97.745251 
821.000000	 97.748721 
820.000000	 97.741762 
819.000000	 97.732527 
818.000000	 97.717017 
817.000000	 97.682453 
816.000000	 97.621421 
815.000000	 97.536769 
814.000000	 97.432303 
813.000000	 97.304477 
812.000000	 97.144211 
811.000000	 96.940792 
810.000000	 96.682251 
809.000000	 96.358327 
808.000000	 95.967517 
807.000000	 95.519566 
806.000000	 95.030812 
805.000000	 94.520879 
804.000000	 94.013069 
803.000000	 93.530120 
802.000000	 93.087642 
801.000000	 92.698848 
800.000000	 92.385164 
799.000000	 92.170123 
798.000000	 92.059703 
797.000000	 92.038377 
796.000000	 92.084559 
795.000000	 92.178229 
794.000000	 92.295677 
793.000000	 92.413720 
792.000000	 92.522124 
791.000000	 92.619693 
790.000000	 92.697902 
789.000000	 92.741053 
788.000000	 92.742058 
787.000000	 92.704471 
786.000000	 92.628739 
785.000000	 92.510184 
784.000000	 92.351843 
783.000000	 92.166606 
782.000000	 91.966742 
781.000000	 91.766153 
780.000000	 91.592962 
779.000000	 91.481146 
778.000000	 91.444349 
777.000000	 91.472398 
776.000000	 91.555161 
775.000000	 91.691166 
774.000000	 91.868951 
773.000000	 92.060979 
772.000000	 92.245827 
771.000000	 92.421934 
770.000000	 92.592953 
769.000000	 92.754475 
768.000000	 92.901736 
767.000000	 93.035844 
766.000000	 93.155216 
765.000000	 93.254540 
764.000000	 93.339491 
763.000000	 93.429105 
762.000000	 93.534858 
761.000000	 93.648382 
760.000000	 93.756869 
759.000000	 93.859109 
758.000000	 93.959380 
757.000000	 94.057922 
756.000000	 94.156979 
755.000000	 94.265944 
754.000000	 94.389348 
753.000000	 94.515376 
752.000000	 94.624148 
751.000000	 94.704310 
750.000000	 94.759953 
749.000000	 94.807493 
748.000000	 94.866411 
747.000000	 94.944190 
746.000000	 95.027882 
745.000000	 95.099034 
744.000000	 95.157871 
743.000000	 95.222345 
742.000000	 95.302779 
741.000000	 95.390829 
740.000000	 95.476191 
739.000000	 95.559950 
738.000000	 95.645653 
737.000000	 95.729154 
736.000000	 95.804568 
735.000000	 95.871434 
734.000000	 95.930859 
733.000000	 95.982510 
732.000000	 96.028613 
731.000000	 96.072515 
730.000000	 96.111138 
729.000000	 96.138898 
728.000000	 96.158984 
727.000000	 96.182202 
726.000000	 96.216104 
725.000000	 96.261524 
724.000000	 96.318155 
723.000000	 96.383984 
722.000000	 96.448407 
721.000000	 96.495752 
720.000000	 96.518508 
719.000000	 96.519914 
718.000000	 96.502153 
717.000000	 96.462614 
716.000000	 96.406410 
715.000000	 96.352318 
714.000000	 96.322093 
713.000000	 96.331907 
712.000000	 96.392320 
711.000000	 96.502459 
710.000000	 96.638929 
709.000000	 96.766733 
708.000000	 96.866085 
707.000000	 96.936571 
706.000000	 96.983155 
705.000000	 97.006104 
704.000000	 97.003755 
703.000000	 96.976867 
702.000000	 96.922508 
701.000000	 96.830974 
700.000000	 96.695400 
699.000000	 96.516931 
698.000000	 96.305175 
697.000000	 96.083658 
696.000000	 95.892895 
695.000000	 95.776829 
694.000000	 95.754405 
693.000000	 95.810786 
692.000000	 95.918090 
691.000000	 96.052168 
690.000000	 96.193786 
689.000000	 96.326857 
688.000000	 96.442470 
687.000000	 96.540611 
686.000000	 96.621075 
685.000000	 96.682438 
684.000000	 96.731905 
683.000000	 96.780803 
682.000000	 96.830943 
681.000000	 96.876502 
680.000000	 96.919462 
679.000000	 96.967611 
678.000000	 97.019378 
677.000000	 97.068346 
676.000000	 97.113859 
675.000000	 97.160315 
674.000000	 97.206049 
673.000000	 97.236076 
672.000000	 97.235985 
671.000000	 97.193536 
670.000000	 97.103689 
669.000000	 96.976993 
668.000000	 96.910352 
667.000000	 97.014655 
666.000000	 97.208552 
665.000000	 97.358169 
664.000000	 97.449090 
663.000000	 97.505489 
662.000000	 97.548060 
661.000000	 97.586066 
660.000000	 97.622342 
659.000000	 97.658443 
658.000000	 97.690135 
657.000000	 97.710878 
656.000000	 97.715549 
655.000000	 97.705807 
654.000000	 97.689231 
653.000000	 97.672468 
652.000000	 97.661109 
651.000000	 97.663868 
650.000000	 97.685007 

