4000.000000	98.992972 
3999.000000	98.991934 
3998.000000	98.990745 
3997.000000	98.989771 
3996.000000	98.989134 
3995.000000	98.988731 
3994.000000	98.988405 
3993.000000	98.988085 
3992.000000	98.987794 
3991.000000	98.987564 
3990.000000	98.987356 
3989.000000	98.987081 
3988.000000	98.986659 
3987.000000	98.986108 
3986.000000	98.985595 
3985.000000	98.985301 
3984.000000	98.985197 
3983.000000	98.985058 
3982.000000	98.984767 
3981.000000	98.984482 
3980.000000	98.984372 
3979.000000	98.984337 
3978.000000	98.984165 
3977.000000	98.983878 
3976.000000	98.983713 
3975.000000	98.983713 
3974.000000	98.983558 
3973.000000	98.982885 
3972.000000	98.981648 
3971.000000	98.980133 
3970.000000	98.978741 
3969.000000	98.977809 
3968.000000	98.977566 
3967.000000	98.978051 
3966.000000	98.978999 
3965.000000	98.979833 
3964.000000	98.979942 
3963.000000	98.979093 
3962.000000	98.977651 
3961.000000	98.976374 
3960.000000	98.975762 
3959.000000	98.975748 
3958.000000	98.975957 
3957.000000	98.976106 
3956.000000	98.976069 
3955.000000	98.975658 
3954.000000	98.974676 
3953.000000	98.973182 
3952.000000	98.971581 
3951.000000	98.970338 
3950.000000	98.969594 
3949.000000	98.969161 
3948.000000	98.968740 
3947.000000	98.968147 
3946.000000	98.967426 
3945.000000	98.966796 
3944.000000	98.966453 
3943.000000	98.966392 
3942.000000	98.966568 
3941.000000	98.967072 
3940.000000	98.967962 
3939.000000	98.969020 
3938.000000	98.969800 
3937.000000	98.969949 
3936.000000	98.969396 
3935.000000	98.968243 
3934.000000	98.966682 
3933.000000	98.964979 
3932.000000	98.963475 
3931.000000	98.962388 
3930.000000	98.961799 
3929.000000	98.961854 
3928.000000	98.962580 
3927.000000	98.963591 
3926.000000	98.964195 
3925.000000	98.963914 
3924.000000	98.962899 
3923.000000	98.961700 
3922.000000	98.960746 
3921.000000	98.960250 
3920.000000	98.960317 
3919.000000	98.960890 
3918.000000	98.961625 
3917.000000	98.962095 
3916.000000	98.962233 
3915.000000	98.962336 
3914.000000	98.962642 
3913.000000	98.963034 
3912.000000	98.963178 
3911.000000	98.962933 
3910.000000	98.962437 
3909.000000	98.961964 
3908.000000	98.961741 
3907.000000	98.961757 
3906.000000	98.961807 
3905.000000	98.961553 
3904.000000	98.960757 
3903.000000	98.959549 
3902.000000	98.958380 
3901.000000	98.957727 
3900.000000	98.957787 
3899.000000	98.958334 
3898.000000	98.958926 
3897.000000	98.959207 
3896.000000	98.959082 
3895.000000	98.958788 
3894.000000	98.958757 
3893.000000	98.959286 
3892.000000	98.960161 
3891.000000	98.960699 
3890.000000	98.960438 
3889.000000	98.959442 
3888.000000	98.958162 
3887.000000	98.957099 
3886.000000	98.956543 
3885.000000	98.956438 
3884.000000	98.956403 
3883.000000	98.955956 
3882.000000	98.954938 
3881.000000	98.953774 
3880.000000	98.953211 
3879.000000	98.953550 
3878.000000	98.954480 
3877.000000	98.955573 
3876.000000	98.956669 
3875.000000	98.957627 
3874.000000	98.958124 
3873.000000	98.957919 
3872.000000	98.957159 
3871.000000	98.956238 
3870.000000	98.955575 
3869.000000	98.955520 
3868.000000	98.955985 
3867.000000	98.956393 
3866.000000	98.956287 
3865.000000	98.955770 
3864.000000	98.955382 
3863.000000	98.955484 
3862.000000	98.955950 
3861.000000	98.956762 
3860.000000	98.958087 
3859.000000	98.959709 
3858.000000	98.960922 
3857.000000	98.961204 
3856.000000	98.960807 
3855.000000	98.960477 
3854.000000	98.960261 
3853.000000	98.959672 
3852.000000	98.958831 
3851.000000	98.958176 
3850.000000	98.957786 
3849.000000	98.957703 
3848.000000	98.958004 
3847.000000	98.958692 
3846.000000	98.959505 
3845.000000	98.960119 
3844.000000	98.960459 
3843.000000	98.960586 
3842.000000	98.960548 
3841.000000	98.960516 
3840.000000	98.960747 
3839.000000	98.961391 
3838.000000	98.962312 
3837.000000	98.963114 
3836.000000	98.963512 
3835.000000	98.963528 
3834.000000	98.963355 
3833.000000	98.963209 
3832.000000	98.963213 
3831.000000	98.963378 
3830.000000	98.963667 
3829.000000	98.964047 
3828.000000	98.964582 
3827.000000	98.965349 
3826.000000	98.966206 
3825.000000	98.966812 
3824.000000	98.966904 
3823.000000	98.966555 
3822.000000	98.966167 
3821.000000	98.966056 
3820.000000	98.966160 
3819.000000	98.966182 
3818.000000	98.965985 
3817.000000	98.965830 
3816.000000	98.966096 
3815.000000	98.966760 
3814.000000	98.967344 
3813.000000	98.967468 
3812.000000	98.967244 
3811.000000	98.967177 
3810.000000	98.967607 
3809.000000	98.968336 
3808.000000	98.968891 
3807.000000	98.969066 
3806.000000	98.969003 
3805.000000	98.968711 
3804.000000	98.967916 
3803.000000	98.966694 
3802.000000	98.965612 
3801.000000	98.965062 
3800.000000	98.964790 
3799.000000	98.964193 
3798.000000	98.963287 
3797.000000	98.963008 
3796.000000	98.964126 
3795.000000	98.966266 
3794.000000	98.968143 
3793.000000	98.968835 
3792.000000	98.968473 
3791.000000	98.967918 
3790.000000	98.967784 
3789.000000	98.967948 
3788.000000	98.968018 
3787.000000	98.967827 
3786.000000	98.967410 
3785.000000	98.966781 
3784.000000	98.965908 
3783.000000	98.964731 
3782.000000	98.963152 
3781.000000	98.961388 
3780.000000	98.960239 
3779.000000	98.960631 
3778.000000	98.962593 
3777.000000	98.964990 
3776.000000	98.966514 
3775.000000	98.966791 
3774.000000	98.966393 
3773.000000	98.965993 
3772.000000	98.965758 
3771.000000	98.965269 
3770.000000	98.964036 
3769.000000	98.962146 
3768.000000	98.960052 
3767.000000	98.958040 
3766.000000	98.956374 
3765.000000	98.955480 
3764.000000	98.955701 
3763.000000	98.956733 
3762.000000	98.957617 
3761.000000	98.957432 
3760.000000	98.955946 
3759.000000	98.953976 
3758.000000	98.952250 
3757.000000	98.950347 
3756.000000	98.947280 
3755.000000	98.942490 
3754.000000	98.936660 
3753.000000	98.931638 
3752.000000	98.929243 
3751.000000	98.929420 
3750.000000	98.930277 
3749.000000	98.930744 
3748.000000	98.931579 
3747.000000	98.934330 
3746.000000	98.940696 
3745.000000	98.950460 
3744.000000	98.960615 
3743.000000	98.966407 
3742.000000	98.964251 
3741.000000	98.954600 
3740.000000	98.942315 
3739.000000	98.934032 
3738.000000	98.933180 
3737.000000	98.936837 
3736.000000	98.939229 
3735.000000	98.937979 
3734.000000	98.935559 
3733.000000	98.934906 
3732.000000	98.936752 
3731.000000	98.940232 
3730.000000	98.943530 
3729.000000	98.945078 
3728.000000	98.945103 
3727.000000	98.945225 
3726.000000	98.946434 
3725.000000	98.947613 
3724.000000	98.946741 
3723.000000	98.942871 
3722.000000	98.936776 
3721.000000	98.930051 
3720.000000	98.923438 
3719.000000	98.917708 
3718.000000	98.913951 
3717.000000	98.911937 
3716.000000	98.909651 
3715.000000	98.904915 
3714.000000	98.898724 
3713.000000	98.895401 
3712.000000	98.897267 
3711.000000	98.900327 
3710.000000	98.898027 
3709.000000	98.887750 
3708.000000	98.871574 
3707.000000	98.853063 
3706.000000	98.835140 
3705.000000	98.819768 
3704.000000	98.807433 
3703.000000	98.796604 
3702.000000	98.784074 
3701.000000	98.767748 
3700.000000	98.748630 
3699.000000	98.729812 
3698.000000	98.714323 
3697.000000	98.703622 
3696.000000	98.697354 
3695.000000	98.693610 
3694.000000	98.689607 
3693.000000	98.682861 
3692.000000	98.672664 
3691.000000	98.660883 
3690.000000	98.651271 
3689.000000	98.646993 
3688.000000	98.647465 
3687.000000	98.648090 
3686.000000	98.644724 
3685.000000	98.637478 
3684.000000	98.629695 
3683.000000	98.624665 
3682.000000	98.622469 
3681.000000	98.619703 
3680.000000	98.612478 
3679.000000	98.599245 
3678.000000	98.581681 
3677.000000	98.563829 
3676.000000	98.549802 
3675.000000	98.541506 
3674.000000	98.537242 
3673.000000	98.533349 
3672.000000	98.527656 
3671.000000	98.520989 
3670.000000	98.514710 
3669.000000	98.508664 
3668.000000	98.501814 
3667.000000	98.493603 
3666.000000	98.484787 
3665.000000	98.476593 
3664.000000	98.469282 
3663.000000	98.462143 
3662.000000	98.454052 
3661.000000	98.444022 
3660.000000	98.431997 
3659.000000	98.419133 
3658.000000	98.407684 
3657.000000	98.399332 
3656.000000	98.393634 
3655.000000	98.388770 
3654.000000	98.383025 
3653.000000	98.376035 
3652.000000	98.368698 
3651.000000	98.362072 
3650.000000	98.356187 
3649.000000	98.350883 
3648.000000	98.347250 
3647.000000	98.346226 
3646.000000	98.347560 
3645.000000	98.350565 
3644.000000	98.354601 
3643.000000	98.358833 
3642.000000	98.361712 
3641.000000	98.361317 
3640.000000	98.356770 
3639.000000	98.348868 
3638.000000	98.339688 
3637.000000	98.331278 
3636.000000	98.324408 
3635.000000	98.317918 
3634.000000	98.309441 
3633.000000	98.297634 
3632.000000	98.283740 
3631.000000	98.270950 
3630.000000	98.261528 
3629.000000	98.253876 
3628.000000	98.244981 
3627.000000	98.235131 
3626.000000	98.226526 
3625.000000	98.220744 
3624.000000	98.217668 
3623.000000	98.215548 
3622.000000	98.212672 
3621.000000	98.208866 
3620.000000	98.204928 
3619.000000	98.201907 
3618.000000	98.201467 
3617.000000	98.205706 
3616.000000	98.216158 
3615.000000	98.232712 
3614.000000	98.252687 
3613.000000	98.271648 
3612.000000	98.285912 
3611.000000	98.294215 
3610.000000	98.297897 
3609.000000	98.299174 
3608.000000	98.298981 
3607.000000	98.297478 
3606.000000	98.295977 
3605.000000	98.297724 
3604.000000	98.305843 
3603.000000	98.320229 
3602.000000	98.336598 
3601.000000	98.349074 
3600.000000	98.354412 
3599.000000	98.353986 
3598.000000	98.352321 
3597.000000	98.353236 
3596.000000	98.357499 
3595.000000	98.362469 
3594.000000	98.364311 
3593.000000	98.361208 
3592.000000	98.354222 
3591.000000	98.345673 
3590.000000	98.338079 
3589.000000	98.333405 
3588.000000	98.332271 
3587.000000	98.333781 
3586.000000	98.336627 
3585.000000	98.340256 
3584.000000	98.344923 
3583.000000	98.350703 
3582.000000	98.356961 
3581.000000	98.362365 
3580.000000	98.365502 
3579.000000	98.365469 
3578.000000	98.362451 
3577.000000	98.357826 
3576.000000	98.353414 
3575.000000	98.350347 
3574.000000	98.348462 
3573.000000	98.346779 
3572.000000	98.344383 
3571.000000	98.340686 
3570.000000	98.335430 
3569.000000	98.329094 
3568.000000	98.323331 
3567.000000	98.320219 
3566.000000	98.320419 
3565.000000	98.322417 
3564.000000	98.324126 
3563.000000	98.324875 
3562.000000	98.325438 
3561.000000	98.326602 
3560.000000	98.328008 
3559.000000	98.328525 
3558.000000	98.327791 
3557.000000	98.326881 
3556.000000	98.327092 
3555.000000	98.328493 
3554.000000	98.330050 
3553.000000	98.330746 
3552.000000	98.330265 
3551.000000	98.328643 
3550.000000	98.325979 
3549.000000	98.322817 
3548.000000	98.320203 
3547.000000	98.318729 
3546.000000	98.317891 
3545.000000	98.316854 
3544.000000	98.315748 
3543.000000	98.315554 
3542.000000	98.316824 
3541.000000	98.319129 
3540.000000	98.321601 
3539.000000	98.323538 
3538.000000	98.324574 
3537.000000	98.324611 
3536.000000	98.323886 
3535.000000	98.322864 
3534.000000	98.321999 
3533.000000	98.321598 
3532.000000	98.321798 
3531.000000	98.322511 
3530.000000	98.323313 
3529.000000	98.323624 
3528.000000	98.323169 
3527.000000	98.322211 
3526.000000	98.321346 
3525.000000	98.321043 
3524.000000	98.321361 
3523.000000	98.322044 
3522.000000	98.322720 
3521.000000	98.323146 
3520.000000	98.323336 
3519.000000	98.323450 
3518.000000	98.323575 
3517.000000	98.323589 
3516.000000	98.323315 
3515.000000	98.322775 
3514.000000	98.322233 
3513.000000	98.321964 
3512.000000	98.322023 
3511.000000	98.322227 
3510.000000	98.322313 
3509.000000	98.322156 
3508.000000	98.321829 
3507.000000	98.321484 
3506.000000	98.321206 
3505.000000	98.320973 
3504.000000	98.320732 
3503.000000	98.320468 
3502.000000	98.320192 
3501.000000	98.319888 
3500.000000	98.319513 
3499.000000	98.319047 
3498.000000	98.318526 
3497.000000	98.317980 
3496.000000	98.317355 
3495.000000	98.316578 
3494.000000	98.315700 
3493.000000	98.314907 
3492.000000	98.314326 
3491.000000	98.313892 
3490.000000	98.313461 
3489.000000	98.312992 
3488.000000	98.312503 
3487.000000	98.311846 
3486.000000	98.310774 
3485.000000	98.309352 
3484.000000	98.308056 
3483.000000	98.307232 
3482.000000	98.306702 
3481.000000	98.306026 
3480.000000	98.305069 
3479.000000	98.304011 
3478.000000	98.302930 
3477.000000	98.301675 
3476.000000	98.300100 
3475.000000	98.298307 
3474.000000	98.296639 
3473.000000	98.295412 
3472.000000	98.294631 
3471.000000	98.293992 
3470.000000	98.293120 
3469.000000	98.291872 
3468.000000	98.290415 
3467.000000	98.289032 
3466.000000	98.287900 
3465.000000	98.287023 
3464.000000	98.286262 
3463.000000	98.285358 
3462.000000	98.284030 
3461.000000	98.282180 
3460.000000	98.279999 
3459.000000	98.277829 
3458.000000	98.275869 
3457.000000	98.274084 
3456.000000	98.272379 
3455.000000	98.270800 
3454.000000	98.269515 
3453.000000	98.268616 
3452.000000	98.267992 
3451.000000	98.267380 
3450.000000	98.266529 
3449.000000	98.265323 
3448.000000	98.263763 
3447.000000	98.261897 
3446.000000	98.259763 
3445.000000	98.257456 
3444.000000	98.255214 
3443.000000	98.253353 
3442.000000	98.252030 
3441.000000	98.251055 
3440.000000	98.249940 
3439.000000	98.248254 
3438.000000	98.245914 
3437.000000	98.243258 
3436.000000	98.240914 
3435.000000	98.239373 
3434.000000	98.238699 
3433.000000	98.238495 
3432.000000	98.238137 
3431.000000	98.237248 
3430.000000	98.235873 
3429.000000	98.234325 
3428.000000	98.232903 
3427.000000	98.231676 
3426.000000	98.230535 
3425.000000	98.229380 
3424.000000	98.228190 
3423.000000	98.226970 
3422.000000	98.225713 
3421.000000	98.224467 
3420.000000	98.223338 
3419.000000	98.222375 
3418.000000	98.221472 
3417.000000	98.220485 
3416.000000	98.219406 
3415.000000	98.218339 
3414.000000	98.217303 
3413.000000	98.216163 
3412.000000	98.214823 
3411.000000	98.213432 
3410.000000	98.212290 
3409.000000	98.211563 
3408.000000	98.211163 
3407.000000	98.210862 
3406.000000	98.210485 
3405.000000	98.209954 
3404.000000	98.209240 
3403.000000	98.208322 
3402.000000	98.207215 
3401.000000	98.206068 
3400.000000	98.205178 
3399.000000	98.204782 
3398.000000	98.204765 
3397.000000	98.204685 
3396.000000	98.204236 
3395.000000	98.203618 
3394.000000	98.203286 
3393.000000	98.203408 
3392.000000	98.203720 
3391.000000	98.203849 
3390.000000	98.203718 
3389.000000	98.203557 
3388.000000	98.203635 
3387.000000	98.204026 
3386.000000	98.204568 
3385.000000	98.204935 
3384.000000	98.204835 
3383.000000	98.204268 
3382.000000	98.203673 
3381.000000	98.203651 
3380.000000	98.204410 
3379.000000	98.205556 
3378.000000	98.206444 
3377.000000	98.206844 
3376.000000	98.207077 
3375.000000	98.207531 
3374.000000	98.208190 
3373.000000	98.208750 
3372.000000	98.209096 
3371.000000	98.209478 
3370.000000	98.210195 
3369.000000	98.211270 
3368.000000	98.212498 
3367.000000	98.213698 
3366.000000	98.214797 
3365.000000	98.215754 
3364.000000	98.216509 
3363.000000	98.217050 
3362.000000	98.217459 
3361.000000	98.217900 
3360.000000	98.218567 
3359.000000	98.219592 
3358.000000	98.220925 
3357.000000	98.222299 
3356.000000	98.223410 
3355.000000	98.224185 
3354.000000	98.224859 
3353.000000	98.225777 
3352.000000	98.227121 
3351.000000	98.228847 
3350.000000	98.230742 
3349.000000	98.232483 
3348.000000	98.233769 
3347.000000	98.234536 
3346.000000	98.235018 
3345.000000	98.235589 
3344.000000	98.236415 
3343.000000	98.237376 
3342.000000	98.238306 
3341.000000	98.239178 
3340.000000	98.240078 
3339.000000	98.241054 
3338.000000	98.242097 
3337.000000	98.243169 
3336.000000	98.244230 
3335.000000	98.245252 
3334.000000	98.246221 
3333.000000	98.247147 
3332.000000	98.248062 
3331.000000	98.248994 
3330.000000	98.249946 
3329.000000	98.250902 
3328.000000	98.251847 
3327.000000	98.252778 
3326.000000	98.253701 
3325.000000	98.254624 
3324.000000	98.255546 
3323.000000	98.256464 
3322.000000	98.257380 
3321.000000	98.258296 
3320.000000	98.259214 
3319.000000	98.260127 
3318.000000	98.261031 
3317.000000	98.261920 
3316.000000	98.262789 
3315.000000	98.263636 
3314.000000	98.264457 
3313.000000	98.265255 
3312.000000	98.266037 
3311.000000	98.266811 
3310.000000	98.267584 
3309.000000	98.268356 
3308.000000	98.269127 
3307.000000	98.269894 
3306.000000	98.270660 
3305.000000	98.271432 
3304.000000	98.272216 
3303.000000	98.273018 
3302.000000	98.273840 
3301.000000	98.274677 
3300.000000	98.275499 
3299.000000	98.276269 
3298.000000	98.276959 
3297.000000	98.277575 
3296.000000	98.278161 
3295.000000	98.278776 
3294.000000	98.279471 
3293.000000	98.280250 
3292.000000	98.281072 
3291.000000	98.281912 
3290.000000	98.282764 
3289.000000	98.283617 
3288.000000	98.284447 
3287.000000	98.285231 
3286.000000	98.285963 
3285.000000	98.286638 
3284.000000	98.287243 
3283.000000	98.287794 
3282.000000	98.288362 
3281.000000	98.289027 
3280.000000	98.289784 
3279.000000	98.290518 
3278.000000	98.291142 
3277.000000	98.291712 
3276.000000	98.292356 
3275.000000	98.293085 
3274.000000	98.293774 
3273.000000	98.294366 
3272.000000	98.295040 
3271.000000	98.296057 
3270.000000	98.297460 
3269.000000	98.298967 
3268.000000	98.300198 
3267.000000	98.301031 
3266.000000	98.301705 
3265.000000	98.302608 
3264.000000	98.303904 
3263.000000	98.305403 
3262.000000	98.306780 
3261.000000	98.307837 
3260.000000	98.308455 
3259.000000	98.308440 
3258.000000	98.307673 
3257.000000	98.306536 
3256.000000	98.305995 
3255.000000	98.306749 
3254.000000	98.308551 
3253.000000	98.310597 
3252.000000	98.312448 
3251.000000	98.314334 
3250.000000	98.316437 
3249.000000	98.318306 
3248.000000	98.319281 
3247.000000	98.319338 
3246.000000	98.319225 
3245.000000	98.319690 
3244.000000	98.320717 
3243.000000	98.321708 
3242.000000	98.322268 
3241.000000	98.322609 
3240.000000	98.323223 
3239.000000	98.324385 
3238.000000	98.326085 
3237.000000	98.328218 
3236.000000	98.330609 
3235.000000	98.332913 
3234.000000	98.334750 
3233.000000	98.336026 
3232.000000	98.336986 
3231.000000	98.337844 
3230.000000	98.338457 
3229.000000	98.338555 
3228.000000	98.338253 
3227.000000	98.338168 
3226.000000	98.338859 
3225.000000	98.340238 
3224.000000	98.341638 
3223.000000	98.342496 
3222.000000	98.342873 
3221.000000	98.343243 
3220.000000	98.343913 
3219.000000	98.344778 
3218.000000	98.345576 
3217.000000	98.346166 
3216.000000	98.346614 
3215.000000	98.347248 
3214.000000	98.348638 
3213.000000	98.351224 
3212.000000	98.354750 
3211.000000	98.358201 
3210.000000	98.360587 
3209.000000	98.361695 
3208.000000	98.362016 
3207.000000	98.362072 
3206.000000	98.362019 
3205.000000	98.361984 
3204.000000	98.362462 
3203.000000	98.363981 
3202.000000	98.366381 
3201.000000	98.368627 
3200.000000	98.369645 
3199.000000	98.369380 
3198.000000	98.368932 
3197.000000	98.369529 
3196.000000	98.371473 
3195.000000	98.374222 
3194.000000	98.377264 
3193.000000	98.380528 
3192.000000	98.383945 
3191.000000	98.387073 
3190.000000	98.389431 
3189.000000	98.390969 
3188.000000	98.392008 
3187.000000	98.392937 
3186.000000	98.394115 
3185.000000	98.395803 
3184.000000	98.397880 
3183.000000	98.399738 
3182.000000	98.400812 
3181.000000	98.401143 
3180.000000	98.401277 
3179.000000	98.401684 
3178.000000	98.402487 
3177.000000	98.403642 
3176.000000	98.405170 
3175.000000	98.407209 
3174.000000	98.409944 
3173.000000	98.413370 
3172.000000	98.417023 
3171.000000	98.420098 
3170.000000	98.422067 
3169.000000	98.423024 
3168.000000	98.423338 
3167.000000	98.423225 
3166.000000	98.422947 
3165.000000	98.423073 
3164.000000	98.423996 
3163.000000	98.425384 
3162.000000	98.426567 
3161.000000	98.427331 
3160.000000	98.428016 
3159.000000	98.428958 
3158.000000	98.430216 
3157.000000	98.431768 
3156.000000	98.433582 
3155.000000	98.435448 
3154.000000	98.437049 
3153.000000	98.438310 
3152.000000	98.439483 
3151.000000	98.440813 
3150.000000	98.442233 
3149.000000	98.443474 
3148.000000	98.444407 
3147.000000	98.445206 
3146.000000	98.446203 
3145.000000	98.447582 
3144.000000	98.449213 
3143.000000	98.450746 
3142.000000	98.451945 
3141.000000	98.452909 
3140.000000	98.453969 
3139.000000	98.455346 
3138.000000	98.456939 
3137.000000	98.458431 
3136.000000	98.459598 
3135.000000	98.460447 
3134.000000	98.461160 
3133.000000	98.461960 
3132.000000	98.462983 
3131.000000	98.464175 
3130.000000	98.465348 
3129.000000	98.466415 
3128.000000	98.467566 
3127.000000	98.469154 
3126.000000	98.471403 
3125.000000	98.474205 
3124.000000	98.477032 
3123.000000	98.479158 
3122.000000	98.480135 
3121.000000	98.480177 
3120.000000	98.480153 
3119.000000	98.480853 
3118.000000	98.482333 
3117.000000	98.484045 
3116.000000	98.485527 
3115.000000	98.486823 
3114.000000	98.488240 
3113.000000	98.489978 
3112.000000	98.492157 
3111.000000	98.494926 
3110.000000	98.498211 
3109.000000	98.501387 
3108.000000	98.503642 
3107.000000	98.504793 
3106.000000	98.505450 
3105.000000	98.506139 
3104.000000	98.506521 
3103.000000	98.505960 
3102.000000	98.504686 
3101.000000	98.503809 
3100.000000	98.504015 
3099.000000	98.504843 
3098.000000	98.505647 
3097.000000	98.506867 
3096.000000	98.509594 
3095.000000	98.513986 
3094.000000	98.518730 
3093.000000	98.522225 
3092.000000	98.523941 
3091.000000	98.524351 
3090.000000	98.524119 
3089.000000	98.523714 
3088.000000	98.523447 
3087.000000	98.523540 
3086.000000	98.524323 
3085.000000	98.526286 
3084.000000	98.529395 
3083.000000	98.532359 
3082.000000	98.533467 
3081.000000	98.532558 
3080.000000	98.531371 
3079.000000	98.531387 
3078.000000	98.532310 
3077.000000	98.533416 
3076.000000	98.534988 
3075.000000	98.537190 
3074.000000	98.538819 
3073.000000	98.538770 
3072.000000	98.537771 
3071.000000	98.537043 
3070.000000	98.536195 
3069.000000	98.534342 
3068.000000	98.532492 
3067.000000	98.532468 
3066.000000	98.533699 
3065.000000	98.533604 
3064.000000	98.531510 
3063.000000	98.529860 
3062.000000	98.530735 
3061.000000	98.533115 
3060.000000	98.534643 
3059.000000	98.534657 
3058.000000	98.534422 
3057.000000	98.535257 
3056.000000	98.537090 
3055.000000	98.538018 
3054.000000	98.535091 
3053.000000	98.527011 
3052.000000	98.516785 
3051.000000	98.510283 
3050.000000	98.510906 
3049.000000	98.516474 
3048.000000	98.521970 
3047.000000	98.524165 
3046.000000	98.522562 
3045.000000	98.517692 
3044.000000	98.510903 
3043.000000	98.505279 
3042.000000	98.504120 
3041.000000	98.507286 
3040.000000	98.510250 
3039.000000	98.507936 
3038.000000	98.499067 
3037.000000	98.486246 
3036.000000	98.472434 
3035.000000	98.458365 
3034.000000	98.443564 
3033.000000	98.428746 
3032.000000	98.416029 
3031.000000	98.406830 
3030.000000	98.400321 
3029.000000	98.394153 
3028.000000	98.385937 
3027.000000	98.373904 
3026.000000	98.357459 
3025.000000	98.338129 
3024.000000	98.319197 
3023.000000	98.303047 
3022.000000	98.289135 
3021.000000	98.275449 
3020.000000	98.261148 
3019.000000	98.246354 
3018.000000	98.229869 
3017.000000	98.209312 
3016.000000	98.184200 
3015.000000	98.157453 
3014.000000	98.133155 
3013.000000	98.113544 
3012.000000	98.098098 
3011.000000	98.084003 
3010.000000	98.067207 
3009.000000	98.044882 
3008.000000	98.017951 
3007.000000	97.990270 
3006.000000	97.964540 
3005.000000	97.940020 
3004.000000	97.914870 
3003.000000	97.889389 
3002.000000	97.865850 
3001.000000	97.846120 
3000.000000	97.830373 
2999.000000	97.817125 
2998.000000	97.803547 
2997.000000	97.786941 
2996.000000	97.767074 
2995.000000	97.745906 
2994.000000	97.723665 
2993.000000	97.696727 
2992.000000	97.661734 
2991.000000	97.621420 
2990.000000	97.584114 
2989.000000	97.557276 
2988.000000	97.543270 
2987.000000	97.540992 
2986.000000	97.548743 
2985.000000	97.564086 
2984.000000	97.582444 
2983.000000	97.598168 
2982.000000	97.607611 
2981.000000	97.610746 
2980.000000	97.609813 
2979.000000	97.606485 
2978.000000	97.600354 
2977.000000	97.590287 
2976.000000	97.577319 
2975.000000	97.565509 
2974.000000	97.559182 
2973.000000	97.559692 
2972.000000	97.565469 
2971.000000	97.574562 
2970.000000	97.586057 
2969.000000	97.599509 
2968.000000	97.614536 
2967.000000	97.631081 
2966.000000	97.648848 
2965.000000	97.666332 
2964.000000	97.681671 
2963.000000	97.694726 
2962.000000	97.707205 
2961.000000	97.720477 
2960.000000	97.734431 
2959.000000	97.748763 
2958.000000	97.763855 
2957.000000	97.779432 
2956.000000	97.793390 
2955.000000	97.803278 
2954.000000	97.808975 
2953.000000	97.813488 
2952.000000	97.821117 
2951.000000	97.834385 
2950.000000	97.851730 
2949.000000	97.867992 
2948.000000	97.878158 
2947.000000	97.881156 
2946.000000	97.879884 
2945.000000	97.877924 
2944.000000	97.877156 
2943.000000	97.878256 
2942.000000	97.881254 
2941.000000	97.884497 
2940.000000	97.884995 
2939.000000	97.881533 
2938.000000	97.876455 
2937.000000	97.872849 
2936.000000	97.870673 
2935.000000	97.867151 
2934.000000	97.860554 
2933.000000	97.852035 
2932.000000	97.843864 
2931.000000	97.837226 
2930.000000	97.832053 
2929.000000	97.827878 
2928.000000	97.824168 
2927.000000	97.820223 
2926.000000	97.815369 
2925.000000	97.809704 
2924.000000	97.804837 
2923.000000	97.803426 
2922.000000	97.806904 
2921.000000	97.813416 
2920.000000	97.819184 
2919.000000	97.822518 
2918.000000	97.825244 
2917.000000	97.829042 
2916.000000	97.831677 
2915.000000	97.828929 
2914.000000	97.820145 
2913.000000	97.809952 
2912.000000	97.803843 
2911.000000	97.803253 
2910.000000	97.805626 
2909.000000	97.808013 
2908.000000	97.809425 
2907.000000	97.809963 
2906.000000	97.808758 
2905.000000	97.803404 
2904.000000	97.792103 
2903.000000	97.777007 
2902.000000	97.765569 
2901.000000	97.765992 
2900.000000	97.780914 
2899.000000	97.805276 
2898.000000	97.830311 
2897.000000	97.850143 
2896.000000	97.863807 
2895.000000	97.872463 
2894.000000	97.877433 
2893.000000	97.881073 
2892.000000	97.886732 
2891.000000	97.895733 
2890.000000	97.905451 
2889.000000	97.912315 
2888.000000	97.916313 
2887.000000	97.920658 
2886.000000	97.927156 
2885.000000	97.934309 
2884.000000	97.940926 
2883.000000	97.949290 
2882.000000	97.962486 
2881.000000	97.979743 
2880.000000	97.996934 
2879.000000	98.011637 
2878.000000	98.025227 
2877.000000	98.039304 
2876.000000	98.052444 
2875.000000	98.062263 
2874.000000	98.069258 
2873.000000	98.076492 
2872.000000	98.085862 
2871.000000	98.096444 
2870.000000	98.106677 
2869.000000	98.116549 
2868.000000	98.126962 
2867.000000	98.138014 
2866.000000	98.148720 
2865.000000	98.158070 
2864.000000	98.166041 
2863.000000	98.173979 
2862.000000	98.184061 
2861.000000	98.197602 
2860.000000	98.213523 
2859.000000	98.229122 
2858.000000	98.242860 
2857.000000	98.255975 
2856.000000	98.270904 
2855.000000	98.288450 
2854.000000	98.306914 
2853.000000	98.323642 
2852.000000	98.336987 
2851.000000	98.347170 
2850.000000	98.355988 
2849.000000	98.365684 
2848.000000	98.377498 
2847.000000	98.390860 
2846.000000	98.403850 
2845.000000	98.414539 
2844.000000	98.422244 
2843.000000	98.428019 
2842.000000	98.434046 
2841.000000	98.442014 
2840.000000	98.451755 
2839.000000	98.461658 
2838.000000	98.470480 
2837.000000	98.478328 
2836.000000	98.485887 
2835.000000	98.493438 
2834.000000	98.501096 
2833.000000	98.509472 
2832.000000	98.519112 
2831.000000	98.529188 
2830.000000	98.537381 
2829.000000	98.541523 
2828.000000	98.541369 
2827.000000	98.538923 
2826.000000	98.537302 
2825.000000	98.538888 
2824.000000	98.543905 
2823.000000	98.550379 
2822.000000	98.555713 
2821.000000	98.558719 
2820.000000	98.560237 
2819.000000	98.561835 
2818.000000	98.564139 
2817.000000	98.566653 
2816.000000	98.568918 
2815.000000	98.571177 
2814.000000	98.573507 
2813.000000	98.574784 
2812.000000	98.573391 
2811.000000	98.569268 
2810.000000	98.564781 
2809.000000	98.563033 
2808.000000	98.565418 
2807.000000	98.571160 
2806.000000	98.578733 
2805.000000	98.586858 
2804.000000	98.594140 
2803.000000	98.598833 
2802.000000	98.599997 
2801.000000	98.598730 
2800.000000	98.597478 
2799.000000	98.597727 
2798.000000	98.598738 
2797.000000	98.598845 
2796.000000	98.597587 
2795.000000	98.596195 
2794.000000	98.596150 
2793.000000	98.597784 
2792.000000	98.600439 
2791.000000	98.603481 
2790.000000	98.606662 
2789.000000	98.609661 
2788.000000	98.611933 
2787.000000	98.613298 
2786.000000	98.614291 
2785.000000	98.615610 
2784.000000	98.617334 
2783.000000	98.618941 
2782.000000	98.620030 
2781.000000	98.620800 
2780.000000	98.621752 
2779.000000	98.623102 
2778.000000	98.624625 
2777.000000	98.625965 
2776.000000	98.626985 
2775.000000	98.627865 
2774.000000	98.628885 
2773.000000	98.630157 
2772.000000	98.631558 
2771.000000	98.632903 
2770.000000	98.634145 
2769.000000	98.635363 
2768.000000	98.636589 
2767.000000	98.637734 
2766.000000	98.638700 
2765.000000	98.639516 
2764.000000	98.640286 
2763.000000	98.641059 
2762.000000	98.641811 
2761.000000	98.642544 
2760.000000	98.643344 
2759.000000	98.644306 
2758.000000	98.645424 
2757.000000	98.646602 
2756.000000	98.647711 
2755.000000	98.648707 
2754.000000	98.649635 
2753.000000	98.650561 
2752.000000	98.651508 
2751.000000	98.652453 
2750.000000	98.653374 
2749.000000	98.654267 
2748.000000	98.655133 
2747.000000	98.655973 
2746.000000	98.656794 
2745.000000	98.657611 
2744.000000	98.658443 
2743.000000	98.659295 
2742.000000	98.660161 
2741.000000	98.661034 
2740.000000	98.661908 
2739.000000	98.662783 
2738.000000	98.663656 
2737.000000	98.664525 
2736.000000	98.665389 
2735.000000	98.666247 
2734.000000	98.667102 
2733.000000	98.667954 
2732.000000	98.668805 
2731.000000	98.669658 
2730.000000	98.670516 
2729.000000	98.671380 
2728.000000	98.672250 
2727.000000	98.673119 
2726.000000	98.673984 
2725.000000	98.674842 
2724.000000	98.675699 
2723.000000	98.676556 
2722.000000	98.677414 
2721.000000	98.678266 
2720.000000	98.679111 
2719.000000	98.679945 
2718.000000	98.680767 
2717.000000	98.681573 
2716.000000	98.682358 
2715.000000	98.683126 
2714.000000	98.683884 
2713.000000	98.684640 
2712.000000	98.685397 
2711.000000	98.686153 
2710.000000	98.686905 
2709.000000	98.687654 
2708.000000	98.688403 
2707.000000	98.689154 
2706.000000	98.689904 
2705.000000	98.690647 
2704.000000	98.691377 
2703.000000	98.692088 
2702.000000	98.692779 
2701.000000	98.693449 
2700.000000	98.694098 
2699.000000	98.694728 
2698.000000	98.695339 
2697.000000	98.695928 
2696.000000	98.696492 
2695.000000	98.697031 
2694.000000	98.697546 
2693.000000	98.698042 
2692.000000	98.698522 
2691.000000	98.698988 
2690.000000	98.699444 
2689.000000	98.699893 
2688.000000	98.700335 
2687.000000	98.700756 
2686.000000	98.701140 
2685.000000	98.701487 
2684.000000	98.701807 
2683.000000	98.702107 
2682.000000	98.702367 
2681.000000	98.702560 
2680.000000	98.702694 
2679.000000	98.702831 
2678.000000	98.703026 
2677.000000	98.703308 
2676.000000	98.703681 
2675.000000	98.704084 
2674.000000	98.704399 
2673.000000	98.704544 
2672.000000	98.704576 
2671.000000	98.704627 
2670.000000	98.704732 
2669.000000	98.704819 
2668.000000	98.704837 
2667.000000	98.704790 
2666.000000	98.704650 
2665.000000	98.704364 
2664.000000	98.703981 
2663.000000	98.703702 
2662.000000	98.703691 
2661.000000	98.703902 
2660.000000	98.704095 
2659.000000	98.704062 
2658.000000	98.703800 
2657.000000	98.703463 
2656.000000	98.703195 
2655.000000	98.703023 
2654.000000	98.702871 
2653.000000	98.702657 
2652.000000	98.702373 
2651.000000	98.702126 
2650.000000	98.702084 
2649.000000	98.702329 
2648.000000	98.702729 
2647.000000	98.702972 
2646.000000	98.702775 
2645.000000	98.702047 
2644.000000	98.700905 
2643.000000	98.699638 
2642.000000	98.698621 
2641.000000	98.698174 
2640.000000	98.698430 
2639.000000	98.699260 
2638.000000	98.700324 
2637.000000	98.701188 
2636.000000	98.701517 
2635.000000	98.701296 
2634.000000	98.700886 
2633.000000	98.700713 
2632.000000	98.700799 
2631.000000	98.700753 
2630.000000	98.700269 
2629.000000	98.699511 
2628.000000	98.698926 
2627.000000	98.698805 
2626.000000	98.699166 
2625.000000	98.699917 
2624.000000	98.700878 
2623.000000	98.701685 
2622.000000	98.701926 
2621.000000	98.701446 
2620.000000	98.700420 
2619.000000	98.699149 
2618.000000	98.697909 
2617.000000	98.696991 
2616.000000	98.696654 
2615.000000	98.696899 
2614.000000	98.697447 
2613.000000	98.698045 
2612.000000	98.698693 
2611.000000	98.699536 
2610.000000	98.700633 
2609.000000	98.701778 
2608.000000	98.702513 
2607.000000	98.702475 
2606.000000	98.701763 
2605.000000	98.700929 
2604.000000	98.700449 
2603.000000	98.700275 
2602.000000	98.700118 
2601.000000	98.699980 
2600.000000	98.700097 
2599.000000	98.700414 
2598.000000	98.700502 
2597.000000	98.700105 
2596.000000	98.699492 
2595.000000	98.699120 
2594.000000	98.699059 
2593.000000	98.699027 
2592.000000	98.698921 
2591.000000	98.698969 
2590.000000	98.699256 
2589.000000	98.699486 
2588.000000	98.699390 
2587.000000	98.699149 
2586.000000	98.699220 
2585.000000	98.699811 
2584.000000	98.700649 
2583.000000	98.701209 
2582.000000	98.701146 
2581.000000	98.700586 
2580.000000	98.700027 
2579.000000	98.699903 
2578.000000	98.700249 
2577.000000	98.700828 
2576.000000	98.701489 
2575.000000	98.702186 
2574.000000	98.702694 
2573.000000	98.702590 
2572.000000	98.701708 
2571.000000	98.700487 
2570.000000	98.699703 
2569.000000	98.699773 
2568.000000	98.700387 
2567.000000	98.700691 
2566.000000	98.699949 
2565.000000	98.698235 
2564.000000	98.696616 
2563.000000	98.696297 
2562.000000	98.697507 
2561.000000	98.699431 
2560.000000	98.701248 
2559.000000	98.703009 
2558.000000	98.705047 
2557.000000	98.707021 
2556.000000	98.708177 
2555.000000	98.708402 
2554.000000	98.708348 
2553.000000	98.708353 
2552.000000	98.707921 
2551.000000	98.706737 
2550.000000	98.705517 
2549.000000	98.705248 
2548.000000	98.705873 
2547.000000	98.706390 
2546.000000	98.706217 
2545.000000	98.705790 
2544.000000	98.705589 
2543.000000	98.705243 
2542.000000	98.704200 
2541.000000	98.702978 
2540.000000	98.702909 
2539.000000	98.704575 
2538.000000	98.707080 
2537.000000	98.709018 
2536.000000	98.709955 
2535.000000	98.710459 
2534.000000	98.710957 
2533.000000	98.711140 
2532.000000	98.710639 
2531.000000	98.709727 
2530.000000	98.708976 
2529.000000	98.708448 
2528.000000	98.707711 
2527.000000	98.706678 
2526.000000	98.706013 
2525.000000	98.706463 
2524.000000	98.708080 
2523.000000	98.710182 
2522.000000	98.711914 
2521.000000	98.712823 
2520.000000	98.712904 
2519.000000	98.712487 
2518.000000	98.712018 
2517.000000	98.711693 
2516.000000	98.711291 
2515.000000	98.710566 
2514.000000	98.709838 
2513.000000	98.709841 
2512.000000	98.710869 
2511.000000	98.712384 
2510.000000	98.713594 
2509.000000	98.714296 
2508.000000	98.714824 
2507.000000	98.715414 
2506.000000	98.716010 
2505.000000	98.716606 
2504.000000	98.717335 
2503.000000	98.718128 
2502.000000	98.718667 
2501.000000	98.718894 
2500.000000	98.719247 
2499.000000	98.720149 
2498.000000	98.721444 
2497.000000	98.722582 
2496.000000	98.723323 
2495.000000	98.723947 
2494.000000	98.724710 
2493.000000	98.725452 
2492.000000	98.725908 
2491.000000	98.726169 
2490.000000	98.726636 
2489.000000	98.727494 
2488.000000	98.728401 
2487.000000	98.728851 
2486.000000	98.728792 
2485.000000	98.728764 
2484.000000	98.729356 
2483.000000	98.730604 
2482.000000	98.731961 
2481.000000	98.732855 
2480.000000	98.733197 
2479.000000	98.733316 
2478.000000	98.733540 
2477.000000	98.733861 
2476.000000	98.734079 
2475.000000	98.734115 
2474.000000	98.734053 
2473.000000	98.734013 
2472.000000	98.734069 
2471.000000	98.734255 
2470.000000	98.734594 
2469.000000	98.735065 
2468.000000	98.735558 
2467.000000	98.735932 
2466.000000	98.736145 
2465.000000	98.736291 
2464.000000	98.736499 
2463.000000	98.736829 
2462.000000	98.737261 
2461.000000	98.737753 
2460.000000	98.738261 
2459.000000	98.738744 
2458.000000	98.739136 
2457.000000	98.739351 
2456.000000	98.739327 
2455.000000	98.739106 
2454.000000	98.738841 
2453.000000	98.738721 
2452.000000	98.738831 
2451.000000	98.739123 
2450.000000	98.739503 
2449.000000	98.739910 
2448.000000	98.740321 
2447.000000	98.740711 
2446.000000	98.741062 
2445.000000	98.741395 
2444.000000	98.741748 
2443.000000	98.742131 
2442.000000	98.742527 
2441.000000	98.742913 
2440.000000	98.743286 
2439.000000	98.743669 
2438.000000	98.744107 
2437.000000	98.744633 
2436.000000	98.745241 
2435.000000	98.745890 
2434.000000	98.746525 
2433.000000	98.747125 
2432.000000	98.747702 
2431.000000	98.748303 
2430.000000	98.748970 
2429.000000	98.749719 
2428.000000	98.750540 
2427.000000	98.751389 
2426.000000	98.752207 
2425.000000	98.752934 
2424.000000	98.753533 
2423.000000	98.754022 
2422.000000	98.754534 
2421.000000	98.755278 
2420.000000	98.756379 
2419.000000	98.757682 
2418.000000	98.758860 
2417.000000	98.759816 
2416.000000	98.760823 
2415.000000	98.762159 
2414.000000	98.763722 
2413.000000	98.765206 
2412.000000	98.766558 
2411.000000	98.767940 
2410.000000	98.769304 
2409.000000	98.770436 
2408.000000	98.771388 
2407.000000	98.772444 
2406.000000	98.773600 
2405.000000	98.774455 
2404.000000	98.774747 
2403.000000	98.774648 
2402.000000	98.774532 
2401.000000	98.774816 
2400.000000	98.775986 
2399.000000	98.778245 
2398.000000	98.781166 
2397.000000	98.784135 
2396.000000	98.786950 
2395.000000	98.789482 
2394.000000	98.791107 
2393.000000	98.791458 
2392.000000	98.791358 
2391.000000	98.792241 
2390.000000	98.794528 
2389.000000	98.797394 
2388.000000	98.800010 
2387.000000	98.802218 
2386.000000	98.804201 
2385.000000	98.806029 
2384.000000	98.807718 
2383.000000	98.809261 
2382.000000	98.810469 
2381.000000	98.811155 
2380.000000	98.811467 
2379.000000	98.811790 
2378.000000	98.812273 
2377.000000	98.812768 
2376.000000	98.813285 
2375.000000	98.814188 
2374.000000	98.815708 
2373.000000	98.817569 
2372.000000	98.819245 
2371.000000	98.820551 
2370.000000	98.821675 
2369.000000	98.822742 
2368.000000	98.823655 
2367.000000	98.824361 
2366.000000	98.824986 
2365.000000	98.825663 
2364.000000	98.826412 
2363.000000	98.827206 
2362.000000	98.828056 
2361.000000	98.828960 
2360.000000	98.829863 
2359.000000	98.830699 
2358.000000	98.831411 
2357.000000	98.831971 
2356.000000	98.832413 
2355.000000	98.832797 
2354.000000	98.833174 
2353.000000	98.833602 
2352.000000	98.834123 
2351.000000	98.834724 
2350.000000	98.835359 
2349.000000	98.835963 
2348.000000	98.836506 
2347.000000	98.836988 
2346.000000	98.837445 
2345.000000	98.837910 
2344.000000	98.838393 
2343.000000	98.838864 
2342.000000	98.839275 
2341.000000	98.839607 
2340.000000	98.839898 
2339.000000	98.840190 
2338.000000	98.840457 
2337.000000	98.840635 
2336.000000	98.840754 
2335.000000	98.840928 
2334.000000	98.841167 
2333.000000	98.841376 
2332.000000	98.841641 
2331.000000	98.842178 
2330.000000	98.842945 
2329.000000	98.843673 
2328.000000	98.844224 
2327.000000	98.844647 
2326.000000	98.844904 
2325.000000	98.844910 
2324.000000	98.844896 
2323.000000	98.845175 
2322.000000	98.845521 
2321.000000	98.845244 
2320.000000	98.844283 
2319.000000	98.843621 
2318.000000	98.844214 
2317.000000	98.845883 
2316.000000	98.847538 
2315.000000	98.848298 
2314.000000	98.847939 
2313.000000	98.846903 
2312.000000	98.846295 
2311.000000	98.847282 
2310.000000	98.849484 
2309.000000	98.850732 
2308.000000	98.849463 
2307.000000	98.846883 
2306.000000	98.845402 
2305.000000	98.846017 
2304.000000	98.847904 
2303.000000	98.850122 
2302.000000	98.852547 
2301.000000	98.855223 
2300.000000	98.857399 
2299.000000	98.857757 
2298.000000	98.855246 
2297.000000	98.849312 
2296.000000	98.840664 
2295.000000	98.831491 
2294.000000	98.824303 
2293.000000	98.820175 
2292.000000	98.818370 
2291.000000	98.817424 
2290.000000	98.816333 
2289.000000	98.814908 
2288.000000	98.813551 
2287.000000	98.812861 
2286.000000	98.813170 
2285.000000	98.814403 
2284.000000	98.816338 
2283.000000	98.818593 
2282.000000	98.820156 
2281.000000	98.819548 
2280.000000	98.816063 
2279.000000	98.810889 
2278.000000	98.806550 
2277.000000	98.804922 
2276.000000	98.805813 
2275.000000	98.807272 
2274.000000	98.807581 
2273.000000	98.807256 
2272.000000	98.808494 
2271.000000	98.812345 
2270.000000	98.817241 
2269.000000	98.821002 
2268.000000	98.823474 
2267.000000	98.826036 
2266.000000	98.829184 
2265.000000	98.832025 
2264.000000	98.833777 
2263.000000	98.834371 
2262.000000	98.833758 
2261.000000	98.831970 
2260.000000	98.829933 
2259.000000	98.828705 
2258.000000	98.827935 
2257.000000	98.826569 
2256.000000	98.825060 
2255.000000	98.825382 
2254.000000	98.828390 
2253.000000	98.832378 
2252.000000	98.834770 
2251.000000	98.834472 
2250.000000	98.831909 
2249.000000	98.828039 
2248.000000	98.824240 
2247.000000	98.822129 
2246.000000	98.822301 
2245.000000	98.823592 
2244.000000	98.824156 
2243.000000	98.823454 
2242.000000	98.822537 
2241.000000	98.822590 
2240.000000	98.823858 
2239.000000	98.825853 
2238.000000	98.827817 
2237.000000	98.829000 
2236.000000	98.829115 
2235.000000	98.828634 
2234.000000	98.828432 
2233.000000	98.829034 
2232.000000	98.830399 
2231.000000	98.832173 
2230.000000	98.833761 
2229.000000	98.834392 
2228.000000	98.833699 
2227.000000	98.832334 
2226.000000	98.831454 
2225.000000	98.831282 
2224.000000	98.830886 
2223.000000	98.829665 
2222.000000	98.828524 
2221.000000	98.828809 
2220.000000	98.830588 
2219.000000	98.832644 
2218.000000	98.833840 
2217.000000	98.834244 
2216.000000	98.834675 
2215.000000	98.835614 
2214.000000	98.836719 
2213.000000	98.837374 
2212.000000	98.837514 
2211.000000	98.837688 
2210.000000	98.838319 
2209.000000	98.839266 
2208.000000	98.840242 
2207.000000	98.841363 
2206.000000	98.842959 
2205.000000	98.844979 
2204.000000	98.847031 
2203.000000	98.849010 
2202.000000	98.851224 
2201.000000	98.853668 
2200.000000	98.855584 
2199.000000	98.856176 
2198.000000	98.855466 
2197.000000	98.854335 
2196.000000	98.853761 
2195.000000	98.854098 
2194.000000	98.855196 
2193.000000	98.856896 
2192.000000	98.859218 
2191.000000	98.862016 
2190.000000	98.864742 
2189.000000	98.866875 
2188.000000	98.868491 
2187.000000	98.869984 
2186.000000	98.871280 
2185.000000	98.871902 
2184.000000	98.871968 
2183.000000	98.872529 
2182.000000	98.874394 
2181.000000	98.877012 
2180.000000	98.878903 
2179.000000	98.879344 
2178.000000	98.878978 
2177.000000	98.879049 
2176.000000	98.880065 
2175.000000	98.881692 
2174.000000	98.883504 
2173.000000	98.885534 
2172.000000	98.888050 
2171.000000	98.891122 
2170.000000	98.894379 
2169.000000	98.897061 
2168.000000	98.898618 
2167.000000	98.899270 
2166.000000	98.899885 
2165.000000	98.901072 
2164.000000	98.902593 
2163.000000	98.903898 
2162.000000	98.904920 
2161.000000	98.906001 
2160.000000	98.907213 
2159.000000	98.908276 
2158.000000	98.909159 
2157.000000	98.910239 
2156.000000	98.911657 
2155.000000	98.912998 
2154.000000	98.913923 
2153.000000	98.914811 
2152.000000	98.916360 
2151.000000	98.918397 
2150.000000	98.919606 
2149.000000	98.919015 
2148.000000	98.917380 
2147.000000	98.916426 
2146.000000	98.916595 
2145.000000	98.916736 
2144.000000	98.916272 
2143.000000	98.916480 
2142.000000	98.918511 
2141.000000	98.921114 
2140.000000	98.921888 
2139.000000	98.920648 
2138.000000	98.919901 
2137.000000	98.921553 
2136.000000	98.924417 
2135.000000	98.925603 
2134.000000	98.923605 
2133.000000	98.919464 
2132.000000	98.915647 
2131.000000	98.913913 
2130.000000	98.914129 
2129.000000	98.914820 
2128.000000	98.914915 
2127.000000	98.914946 
2126.000000	98.916166 
2125.000000	98.918596 
2124.000000	98.920518 
2123.000000	98.920032 
2122.000000	98.916702 
2121.000000	98.911688 
2120.000000	98.906629 
2119.000000	98.902503 
2118.000000	98.899374 
2117.000000	98.896969 
2116.000000	98.895193 
2115.000000	98.893884 
2114.000000	98.892242 
2113.000000	98.889414 
2112.000000	98.886169 
2111.000000	98.884977 
2110.000000	98.887405 
2109.000000	98.892158 
2108.000000	98.896344 
2107.000000	98.898498 
2106.000000	98.899530 
2105.000000	98.901078 
2104.000000	98.903806 
2103.000000	98.906988 
2102.000000	98.908837 
2101.000000	98.907406 
2100.000000	98.902310 
2099.000000	98.896079 
2098.000000	98.892758 
2097.000000	98.894294 
2096.000000	98.899134 
2095.000000	98.904181 
2094.000000	98.907605 
2093.000000	98.909350 
2092.000000	98.909862 
2091.000000	98.909791 
2090.000000	98.910443 
2089.000000	98.912991 
2088.000000	98.916813 
2087.000000	98.919512 
2086.000000	98.919335 
2085.000000	98.917183 
2084.000000	98.915746 
2083.000000	98.916556 
2082.000000	98.918511 
2081.000000	98.919514 
2080.000000	98.918963 
2079.000000	98.917986 
2078.000000	98.917575 
2077.000000	98.917590 
2076.000000	98.917960 
2075.000000	98.919754 
2074.000000	98.923711 
2073.000000	98.927968 
2072.000000	98.928926 
2071.000000	98.924944 
2070.000000	98.918268 
2069.000000	98.912925 
2068.000000	98.910928 
2067.000000	98.911381 
2066.000000	98.912337 
2065.000000	98.912536 
2064.000000	98.911856 
2063.000000	98.911423 
2062.000000	98.913424 
2061.000000	98.919332 
2060.000000	98.928160 
2059.000000	98.937436 
2058.000000	98.944902 
2057.000000	98.949164 
2056.000000	98.949455 
2055.000000	98.945825 
2054.000000	98.940242 
2053.000000	98.936320 
2052.000000	98.936680 
2051.000000	98.940737 
2050.000000	98.945298 
2049.000000	98.947533 
2048.000000	98.947547 
2047.000000	98.947729 
2046.000000	98.949947 
2045.000000	98.953956 
2044.000000	98.958291 
2043.000000	98.961961 
2042.000000	98.965036 
2041.000000	98.968052 
2040.000000	98.971469 
2039.000000	98.975640 
2038.000000	98.980671 
2037.000000	98.985919 
2036.000000	98.989939 
2035.000000	98.991446 
2034.000000	98.990587 
2033.000000	98.989157 
2032.000000	98.989042 
2031.000000	98.990223 
2030.000000	98.990753 
2029.000000	98.989041 
2028.000000	98.985844 
2027.000000	98.983434 
2026.000000	98.982908 
2025.000000	98.983327 
2024.000000	98.983687 
2023.000000	98.984852 
2022.000000	98.988475 
2021.000000	98.994372 
2020.000000	98.999545 
2019.000000	99.000729 
2018.000000	98.997212 
2017.000000	98.991149 
2016.000000	98.986123 
2015.000000	98.984045 
2014.000000	98.984186 
2013.000000	98.984323 
2012.000000	98.983071 
2011.000000	98.981467 
2010.000000	98.981567 
2009.000000	98.983647 
2008.000000	98.985697 
2007.000000	98.986129 
2006.000000	98.985741 
2005.000000	98.985939 
2004.000000	98.986217 
2003.000000	98.985121 
2002.000000	98.982920 
2001.000000	98.981370 
2000.000000	98.980817 
1999.000000	98.979220 
1998.000000	98.974738 
1997.000000	98.968096 
1996.000000	98.961987 
1995.000000	98.958468 
1994.000000	98.957709 
1993.000000	98.958547 
1992.000000	98.959348 
1991.000000	98.959016 
1990.000000	98.957830 
1989.000000	98.957037 
1988.000000	98.957083 
1987.000000	98.956621 
1986.000000	98.954045 
1985.000000	98.949833 
1984.000000	98.946420 
1983.000000	98.945630 
1982.000000	98.947235 
1981.000000	98.950023 
1980.000000	98.953197 
1979.000000	98.956164 
1978.000000	98.957737 
1977.000000	98.956845 
1976.000000	98.953992 
1975.000000	98.951415 
1974.000000	98.951367 
1973.000000	98.954470 
1972.000000	98.959170 
1971.000000	98.962625 
1970.000000	98.962483 
1969.000000	98.958015 
1968.000000	98.950190 
1967.000000	98.941292 
1966.000000	98.934465 
1965.000000	98.932471 
1964.000000	98.936243 
1963.000000	98.944550 
1962.000000	98.954904 
1961.000000	98.964384 
1960.000000	98.969958 
1959.000000	98.969688 
1958.000000	98.964950 
1957.000000	98.960448 
1956.000000	98.959408 
1955.000000	98.959541 
1954.000000	98.956239 
1953.000000	98.948671 
1952.000000	98.940396 
1951.000000	98.934488 
1950.000000	98.930939 
1949.000000	98.929149 
1948.000000	98.929672 
1947.000000	98.932316 
1946.000000	98.934741 
1945.000000	98.934787 
1944.000000	98.932903 
1943.000000	98.930869 
1942.000000	98.929140 
1941.000000	98.926691 
1940.000000	98.922586 
1939.000000	98.916540 
1938.000000	98.909225 
1937.000000	98.903171 
1936.000000	98.901414 
1935.000000	98.903817 
1934.000000	98.906287 
1933.000000	98.905641 
1932.000000	98.903690 
1931.000000	98.904126 
1930.000000	98.907262 
1929.000000	98.910111 
1928.000000	98.910720 
1927.000000	98.909715 
1926.000000	98.907996 
1925.000000	98.905690 
1924.000000	98.903401 
1923.000000	98.902302 
1922.000000	98.902197 
1921.000000	98.901493 
1920.000000	98.899818 
1919.000000	98.898558 
1918.000000	98.898283 
1917.000000	98.897579 
1916.000000	98.895385 
1915.000000	98.892531 
1914.000000	98.890233 
1913.000000	98.888772 
1912.000000	98.887803 
1911.000000	98.887201 
1910.000000	98.887042 
1909.000000	98.887011 
1908.000000	98.886591 
1907.000000	98.885651 
1906.000000	98.884341 
1905.000000	98.882639 
1904.000000	98.880479 
1903.000000	98.878217 
1902.000000	98.876451 
1901.000000	98.875320 
1900.000000	98.874454 
1899.000000	98.873523 
1898.000000	98.872577 
1897.000000	98.871775 
1896.000000	98.871009 
1895.000000	98.869977 
1894.000000	98.868505 
1893.000000	98.866637 
1892.000000	98.864631 
1891.000000	98.862906 
1890.000000	98.861823 
1889.000000	98.861313 
1888.000000	98.860915 
1887.000000	98.860336 
1886.000000	98.859696 
1885.000000	98.859030 
1884.000000	98.857964 
1883.000000	98.856223 
1882.000000	98.854343 
1881.000000	98.853365 
1880.000000	98.853654 
1879.000000	98.854241 
1878.000000	98.853639 
1877.000000	98.851494 
1876.000000	98.849116 
1875.000000	98.848082 
1874.000000	98.848758 
1873.000000	98.850461 
1872.000000	98.852421 
1871.000000	98.854131 
1870.000000	98.854796 
1869.000000	98.853637 
1868.000000	98.851358 
1867.000000	98.850112 
1866.000000	98.850937 
1865.000000	98.852501 
1864.000000	98.852962 
1863.000000	98.852413 
1862.000000	98.852534 
1861.000000	98.854208 
1860.000000	98.856645 
1859.000000	98.859029 
1858.000000	98.861807 
1857.000000	98.865619 
1856.000000	98.870070 
1855.000000	98.874036 
1854.000000	98.876415 
1853.000000	98.876611 
1852.000000	98.875486 
1851.000000	98.875315 
1850.000000	98.877602 
1849.000000	98.881510 
1848.000000	98.884980 
1847.000000	98.887261 
1846.000000	98.889338 
1845.000000	98.892169 
1844.000000	98.895686 
1843.000000	98.899720 
1842.000000	98.904244 
1841.000000	98.908572 
1840.000000	98.912260 
1839.000000	98.915694 
1838.000000	98.918684 
1837.000000	98.919608 
1836.000000	98.917615 
1835.000000	98.915262 
1834.000000	98.916229 
1833.000000	98.920869 
1832.000000	98.926348 
1831.000000	98.929606 
1830.000000	98.929437 
1829.000000	98.927214 
1828.000000	98.925492 
1827.000000	98.925628 
1826.000000	98.927372 
1825.000000	98.929592 
1824.000000	98.931065 
1823.000000	98.931447 
1822.000000	98.931201 
1821.000000	98.930209 
1820.000000	98.927722 
1819.000000	98.924030 
1818.000000	98.921442 
1817.000000	98.921883 
1816.000000	98.923935 
1815.000000	98.925090 
1814.000000	98.925444 
1813.000000	98.927021 
1812.000000	98.929844 
1811.000000	98.930646 
1810.000000	98.927783 
1809.000000	98.923862 
1808.000000	98.921505 
1807.000000	98.920334 
1806.000000	98.919282 
1805.000000	98.918802 
1804.000000	98.919576 
1803.000000	98.920801 
1802.000000	98.920713 
1801.000000	98.918690 
1800.000000	98.915455 
1799.000000	98.912138 
1798.000000	98.910393 
1797.000000	98.910838 
1796.000000	98.911998 
1795.000000	98.912538 
1794.000000	98.913128 
1793.000000	98.915337 
1792.000000	98.918661 
1791.000000	98.920788 
1790.000000	98.921437 
1789.000000	98.922259 
1788.000000	98.924167 
1787.000000	98.926644 
1786.000000	98.928970 
1785.000000	98.930853 
1784.000000	98.931694 
1783.000000	98.931156 
1782.000000	98.929939 
1781.000000	98.929882 
1780.000000	98.932729 
1779.000000	98.938249 
1778.000000	98.944859 
1777.000000	98.950641 
1776.000000	98.954147 
1775.000000	98.955320 
1774.000000	98.955446 
1773.000000	98.956977 
1772.000000	98.961418 
1771.000000	98.966973 
1770.000000	98.970645 
1769.000000	98.971367 
1768.000000	98.970362 
1767.000000	98.969513 
1766.000000	98.969499 
1765.000000	98.970113 
1764.000000	98.971284 
1763.000000	98.972723 
1762.000000	98.973635 
1761.000000	98.974118 
1760.000000	98.975312 
1759.000000	98.977524 
1758.000000	98.979866 
1757.000000	98.981421 
1756.000000	98.982878 
1755.000000	98.985198 
1754.000000	98.987547 
1753.000000	98.988352 
1752.000000	98.987572 
1751.000000	98.987204 
1750.000000	98.988441 
1749.000000	98.989751 
1748.000000	98.989375 
1747.000000	98.987613 
1746.000000	98.985658 
1745.000000	98.984498 
1744.000000	98.984647 
1743.000000	98.985515 
1742.000000	98.985801 
1741.000000	98.985383 
1740.000000	98.985779 
1739.000000	98.988033 
1738.000000	98.990919 
1737.000000	98.992458 
1736.000000	98.991775 
1735.000000	98.989422 
1734.000000	98.986700 
1733.000000	98.985058 
1732.000000	98.985606 
1731.000000	98.988399 
1730.000000	98.992366 
1729.000000	98.995143 
1728.000000	98.995343 
1727.000000	98.993770 
1726.000000	98.992129 
1725.000000	98.991405 
1724.000000	98.991623 
1723.000000	98.992333 
1722.000000	98.993164 
1721.000000	98.993621 
1720.000000	98.993423 
1719.000000	98.992738 
1718.000000	98.991837 
1717.000000	98.990967 
1716.000000	98.989488 
1715.000000	98.986877 
1714.000000	98.984348 
1713.000000	98.982788 
1712.000000	98.981553 
1711.000000	98.980210 
1710.000000	98.978897 
1709.000000	98.977124 
1708.000000	98.974249 
1707.000000	98.970964 
1706.000000	98.969155 
1705.000000	98.969307 
1704.000000	98.968834 
1703.000000	98.965418 
1702.000000	98.959173 
1701.000000	98.953088 
1700.000000	98.949241 
1699.000000	98.946119 
1698.000000	98.943517 
1697.000000	98.942537 
1696.000000	98.942931 
1695.000000	98.943132 
1694.000000	98.942009 
1693.000000	98.939508 
1692.000000	98.936023 
1691.000000	98.932273 
1690.000000	98.928961 
1689.000000	98.925948 
1688.000000	98.922477 
1687.000000	98.918087 
1686.000000	98.913179 
1685.000000	98.909101 
1684.000000	98.905909 
1683.000000	98.903156 
1682.000000	98.900951 
1681.000000	98.898404 
1680.000000	98.895184 
1679.000000	98.891570 
1678.000000	98.887884 
1677.000000	98.884274 
1676.000000	98.881166 
1675.000000	98.878807 
1674.000000	98.876356 
1673.000000	98.872846 
1672.000000	98.868290 
1671.000000	98.863657 
1670.000000	98.860075 
1669.000000	98.857563 
1668.000000	98.855797 
1667.000000	98.854419 
1666.000000	98.852323 
1665.000000	98.848928 
1664.000000	98.845252 
1663.000000	98.842871 
1662.000000	98.841495 
1661.000000	98.839184 
1660.000000	98.835487 
1659.000000	98.831586 
1658.000000	98.828412 
1657.000000	98.824769 
1656.000000	98.819449 
1655.000000	98.812865 
1654.000000	98.809097 
1653.000000	98.807999 
1652.000000	98.805530 
1651.000000	98.802522 
1650.000000	98.797578 
1649.000000	98.791009 
1648.000000	98.785768 
1647.000000	98.783963 
1646.000000	98.783335 
1645.000000	98.781350 
1644.000000	98.777891 
1643.000000	98.775129 
1642.000000	98.775000 
1641.000000	98.777183 
1640.000000	98.779283 
1639.000000	98.779145 
1638.000000	98.776610 
1637.000000	98.773262 
1636.000000	98.770096 
1635.000000	98.768282 
1634.000000	98.769721 
1633.000000	98.772932 
1632.000000	98.774534 
1631.000000	98.773736 
1630.000000	98.771981 
1629.000000	98.770673 
1628.000000	98.770970 
1627.000000	98.774202 
1626.000000	98.779981 
1625.000000	98.785502 
1624.000000	98.788256 
1623.000000	98.788118 
1622.000000	98.786743 
1621.000000	98.784613 
1620.000000	98.781373 
1619.000000	98.778044 
1618.000000	98.776716 
1617.000000	98.776551 
1616.000000	98.774819 
1615.000000	98.773795 
1614.000000	98.776330 
1613.000000	98.780744 
1612.000000	98.784362 
1611.000000	98.786692 
1610.000000	98.788790 
1609.000000	98.791464 
1608.000000	98.795203 
1607.000000	98.800197 
1606.000000	98.805055 
1605.000000	98.808040 
1604.000000	98.809779 
1603.000000	98.812248 
1602.000000	98.816417 
1601.000000	98.822094 
1600.000000	98.829204 
1599.000000	98.837419 
1598.000000	98.844892 
1597.000000	98.849946 
1596.000000	98.853416 
1595.000000	98.857732 
1594.000000	98.863682 
1593.000000	98.869346 
1592.000000	98.872963 
1591.000000	98.875180 
1590.000000	98.877746 
1589.000000	98.881487 
1588.000000	98.886724 
1587.000000	98.893911 
1586.000000	98.902297 
1585.000000	98.909492 
1584.000000	98.914338 
1583.000000	98.917844 
1582.000000	98.920732 
1581.000000	98.923074 
1580.000000	98.925983 
1579.000000	98.931490 
1578.000000	98.940424 
1577.000000	98.950979 
1576.000000	98.958617 
1575.000000	98.962063 
1574.000000	98.963919 
1573.000000	98.965325 
1572.000000	98.967789 
1571.000000	98.974028 
1570.000000	98.982154 
1569.000000	98.984366 
1568.000000	98.979707 
1567.000000	98.974071 
1566.000000	98.971078 
1565.000000	98.971412 
1564.000000	98.975994 
1563.000000	98.982432 
1562.000000	98.986997 
1561.000000	98.986067 
1560.000000	98.987171 
1559.000000	98.990866 
1558.000000	98.986899 
1557.000000	98.983162 
1556.000000	98.981886 
1555.000000	98.980634 
1554.000000	98.977158 
1553.000000	98.973245 
1552.000000	98.970172 
1551.000000	98.967085 
1550.000000	98.962541 
1549.000000	98.958267 
1548.000000	98.956719 
1547.000000	98.957043 
1546.000000	98.954848 
1545.000000	98.947221 
1544.000000	98.936655 
1543.000000	98.928206 
1542.000000	98.924646 
1541.000000	98.923493 
1540.000000	98.913612 
1539.000000	98.894308 
1538.000000	98.878194 
1537.000000	98.866944 
1536.000000	98.856082 
1535.000000	98.845186 
1534.000000	98.836823 
1533.000000	98.831336 
1532.000000	98.826212 
1531.000000	98.818623 
1530.000000	98.808379 
1529.000000	98.797208 
1528.000000	98.785894 
1527.000000	98.774006 
1526.000000	98.761313 
1525.000000	98.749099 
1524.000000	98.739039 
1523.000000	98.731360 
1522.000000	98.723512 
1521.000000	98.711050 
1520.000000	98.693577 
1519.000000	98.674463 
1518.000000	98.655984 
1517.000000	98.639665 
1516.000000	98.626801 
1515.000000	98.617999 
1514.000000	98.611743 
1513.000000	98.605513 
1512.000000	98.597117 
1511.000000	98.584614 
1510.000000	98.567974 
1509.000000	98.549040 
1508.000000	98.531156 
1507.000000	98.513617 
1506.000000	98.494545 
1505.000000	98.477319 
1504.000000	98.462705 
1503.000000	98.449073 
1502.000000	98.435307 
1501.000000	98.422154 
1500.000000	98.410884 
1499.000000	98.401125 
1498.000000	98.389262 
1497.000000	98.372931 
1496.000000	98.354652 
1495.000000	98.338972 
1494.000000	98.327530 
1493.000000	98.319093 
1492.000000	98.312011 
1491.000000	98.304642 
1490.000000	98.294879 
1489.000000	98.282396 
1488.000000	98.268234 
1487.000000	98.252543 
1486.000000	98.235862 
1485.000000	98.217956 
1484.000000	98.199590 
1483.000000	98.183605 
1482.000000	98.171522 
1481.000000	98.162058 
1480.000000	98.152361 
1479.000000	98.141003 
1478.000000	98.128329 
1477.000000	98.115193 
1476.000000	98.101530 
1475.000000	98.086610 
1474.000000	98.070975 
1473.000000	98.056859 
1472.000000	98.045878 
1471.000000	98.036642 
1470.000000	98.026762 
1469.000000	98.015090 
1468.000000	98.001519 
1467.000000	97.986648 
1466.000000	97.972906 
1465.000000	97.963389 
1464.000000	97.958193 
1463.000000	97.952679 
1462.000000	97.942739 
1461.000000	97.929903 
1460.000000	97.919105 
1459.000000	97.912653 
1458.000000	97.903243 
1457.000000	97.881723 
1456.000000	97.856059 
1455.000000	97.837876 
1454.000000	97.824830 
1453.000000	97.813945 
1452.000000	97.807029 
1451.000000	97.807168 
1450.000000	97.814448 
1449.000000	97.826477 
1448.000000	97.838904 
1447.000000	97.847191 
1446.000000	97.849900 
1445.000000	97.849255 
1444.000000	97.848423 
1443.000000	97.847858 
1442.000000	97.846353 
1441.000000	97.843245 
1440.000000	97.838987 
1439.000000	97.833843 
1438.000000	97.827813 
1437.000000	97.823581 
1436.000000	97.825425 
1435.000000	97.832283 
1434.000000	97.839316 
1433.000000	97.845541 
1432.000000	97.852596 
1431.000000	97.860965 
1430.000000	97.868017 
1429.000000	97.871187 
1428.000000	97.871049 
1427.000000	97.870501 
1426.000000	97.871971 
1425.000000	97.875670 
1424.000000	97.880739 
1423.000000	97.884892 
1422.000000	97.886203 
1421.000000	97.885939 
1420.000000	97.887269 
1419.000000	97.888873 
1418.000000	97.885600 
1417.000000	97.879051 
1416.000000	97.875396 
1415.000000	97.875981 
1414.000000	97.876099 
1413.000000	97.871691 
1412.000000	97.865020 
1411.000000	97.861319 
1410.000000	97.861823 
1409.000000	97.864824 
1408.000000	97.870204 
1407.000000	97.879599 
1406.000000	97.893495 
1405.000000	97.910891 
1404.000000	97.931416 
1403.000000	97.953561 
1402.000000	97.974719 
1401.000000	97.995206 
1400.000000	98.018190 
1399.000000	98.043562 
1398.000000	98.063573 
1397.000000	98.069486 
1396.000000	98.061296 
1395.000000	98.051615 
1394.000000	98.057174 
1393.000000	98.083680 
1392.000000	98.123757 
1391.000000	98.165381 
1390.000000	98.199679 
1389.000000	98.223359 
1388.000000	98.237235 
1387.000000	98.244623 
1386.000000	98.250356 
1385.000000	98.258948 
1384.000000	98.272547 
1383.000000	98.289927 
1382.000000	98.307844 
1381.000000	98.324363 
1380.000000	98.340065 
1379.000000	98.356997 
1378.000000	98.376770 
1377.000000	98.399265 
1376.000000	98.422693 
1375.000000	98.444892 
1374.000000	98.465038 
1373.000000	98.484540 
1372.000000	98.505156 
1371.000000	98.527425 
1370.000000	98.551088 
1369.000000	98.574834 
1368.000000	98.597367 
1367.000000	98.618054 
1366.000000	98.637453 
1365.000000	98.657295 
1364.000000	98.678091 
1363.000000	98.697385 
1362.000000	98.712656 
1361.000000	98.725070 
1360.000000	98.738064 
1359.000000	98.753822 
1358.000000	98.772100 
1357.000000	98.791134 
1356.000000	98.809066 
1355.000000	98.824674 
1354.000000	98.838011 
1353.000000	98.850944 
1352.000000	98.864727 
1351.000000	98.878691 
1350.000000	98.891815 
1349.000000	98.902670 
1348.000000	98.910671 
1347.000000	98.916972 
1346.000000	98.923841 
1345.000000	98.932105 
1344.000000	98.940675 
1343.000000	98.948943 
1342.000000	98.958110 
1341.000000	98.968522 
1340.000000	98.977284 
1339.000000	98.981109 
1338.000000	98.980481 
1337.000000	98.978812 
1336.000000	98.978359 
1335.000000	98.978876 
1334.000000	98.979866 
1333.000000	98.981974 
1332.000000	98.985551 
1331.000000	98.989740 
1330.000000	98.993359 
1329.000000	98.995688 
1328.000000	98.996463 
1327.000000	98.996267 
1326.000000	98.996313 
1325.000000	98.996556 
1324.000000	98.995867 
1323.000000	98.993383 
1322.000000	98.989441 
1321.000000	98.985140 
1320.000000	98.981632 
1319.000000	98.980021 
1318.000000	98.981377 
1317.000000	98.985921 
1316.000000	98.991572 
1315.000000	98.994251 
1314.000000	98.991096 
1313.000000	98.984131 
1312.000000	98.979294 
1311.000000	98.980614 
1310.000000	98.986220 
1309.000000	98.991284 
1308.000000	98.993639 
1307.000000	98.995109 
1306.000000	98.997760 
1305.000000	99.000682 
1304.000000	99.002058 
1303.000000	99.001632 
1302.000000	99.000038 
1301.000000	98.997129 
1300.000000	98.993031 
1299.000000	98.989730 
1298.000000	98.989381 
1297.000000	98.991193 
1296.000000	98.992084 
1295.000000	98.991057 
1294.000000	98.990716 
1293.000000	98.993657 
1292.000000	98.998792 
1291.000000	99.002433 
1290.000000	99.002376 
1289.000000	98.999685 
1288.000000	98.996799 
1287.000000	98.995048 
1286.000000	98.994034 
1285.000000	98.992752 
1284.000000	98.990940 
1283.000000	98.989102 
1282.000000	98.987280 
1281.000000	98.984457 
1280.000000	98.980248 
1279.000000	98.976898 
1278.000000	98.978023 
1277.000000	98.984689 
1276.000000	98.993343 
1275.000000	98.998756 
1274.000000	98.998660 
1273.000000	98.994958 
1272.000000	98.990924 
1271.000000	98.988021 
1270.000000	98.985288 
1269.000000	98.980872 
1268.000000	98.973767 
1267.000000	98.964304 
1266.000000	98.953557 
1265.000000	98.943104 
1264.000000	98.935025 
1263.000000	98.930710 
1262.000000	98.929047 
1261.000000	98.926823 
1260.000000	98.922238 
1259.000000	98.917237 
1258.000000	98.914479 
1257.000000	98.912891 
1256.000000	98.908412 
1255.000000	98.899371 
1254.000000	98.888808 
1253.000000	98.880133 
1252.000000	98.872334 
1251.000000	98.861899 
1250.000000	98.848792 
1249.000000	98.838196 
1248.000000	98.835692 
1247.000000	98.841326 
1246.000000	98.848243 
1245.000000	98.847116 
1244.000000	98.833202 
1243.000000	98.811269 
1242.000000	98.793743 
1241.000000	98.791249 
1240.000000	98.802835 
1239.000000	98.815810 
1238.000000	98.816359 
1237.000000	98.800258 
1236.000000	98.773269 
1235.000000	98.743464 
1234.000000	98.715282 
1233.000000	98.689773 
1232.000000	98.666937 
1231.000000	98.645921 
1230.000000	98.624755 
1229.000000	98.601985 
1228.000000	98.577785 
1227.000000	98.551996 
1226.000000	98.521929 
1225.000000	98.483961 
1224.000000	98.437288 
1223.000000	98.384606 
1222.000000	98.328769 
1221.000000	98.269873 
1220.000000	98.206288 
1219.000000	98.137661 
1218.000000	98.065933 
1217.000000	97.993491 
1216.000000	97.920450 
1215.000000	97.843767 
1214.000000	97.759841 
1213.000000	97.668876 
1212.000000	97.575709 
1211.000000	97.484533 
1210.000000	97.393564 
1209.000000	97.297456 
1208.000000	97.194844 
1207.000000	97.090614 
1206.000000	96.989964 
1205.000000	96.892573 
1204.000000	96.793802 
1203.000000	96.689811 
1202.000000	96.580738 
1201.000000	96.470354 
1200.000000	96.363161 
1199.000000	96.260541 
1198.000000	96.159579 
1197.000000	96.057036 
1196.000000	95.953522 
1195.000000	95.851630 
1194.000000	95.751282 
1193.000000	95.650019 
1192.000000	95.547095 
1191.000000	95.443425 
1190.000000	95.337573 
1189.000000	95.225745 
1188.000000	95.106382 
1187.000000	94.981511 
1186.000000	94.853387 
1185.000000	94.723091 
1184.000000	94.592262 
1183.000000	94.462108 
1182.000000	94.330360 
1181.000000	94.193182 
1180.000000	94.050356 
1179.000000	93.904526 
1178.000000	93.755284 
1177.000000	93.598801 
1176.000000	93.433735 
1175.000000	93.262721 
1174.000000	93.087699 
1173.000000	92.909082 
1172.000000	92.730153 
1171.000000	92.556111 
1170.000000	92.387309 
1169.000000	92.219545 
1168.000000	92.052893 
1167.000000	91.894823 
1166.000000	91.754060 
1165.000000	91.638608 
1164.000000	91.560707 
1163.000000	91.534207 
1162.000000	91.561791 
1161.000000	91.629052 
1160.000000	91.712397 
1159.000000	91.787701 
1158.000000	91.832518 
1157.000000	91.830256 
1156.000000	91.777565 
1155.000000	91.684035 
1154.000000	91.562760 
1153.000000	91.424251 
1152.000000	91.278545 
1151.000000	91.135125 
1150.000000	90.997362 
1149.000000	90.862808 
1148.000000	90.731073 
1147.000000	90.605114 
1146.000000	90.483351 
1145.000000	90.358587 
1144.000000	90.227855 
1143.000000	90.096242 
1142.000000	89.967965 
1141.000000	89.840821 
1140.000000	89.712594 
1139.000000	89.585501 
1138.000000	89.460563 
1137.000000	89.334476 
1136.000000	89.205594 
1135.000000	89.076449 
1134.000000	88.947268 
1133.000000	88.813936 
1132.000000	88.675614 
1131.000000	88.537532 
1130.000000	88.403127 
1129.000000	88.270056 
1128.000000	88.136406 
1127.000000	88.003436 
1126.000000	87.869703 
1125.000000	87.730451 
1124.000000	87.585821 
1123.000000	87.441987 
1122.000000	87.301469 
1121.000000	87.160314 
1120.000000	87.017169 
1119.000000	86.875857 
1118.000000	86.736165 
1117.000000	86.592445 
1116.000000	86.445138 
1115.000000	86.303458 
1114.000000	86.172059 
1113.000000	86.044654 
1112.000000	85.915108 
1111.000000	85.784828 
1110.000000	85.655559 
1109.000000	85.525564 
1108.000000	85.395881 
1107.000000	85.270000 
1106.000000	85.145269 
1105.000000	85.015111 
1104.000000	84.881354 
1103.000000	84.753001 
1102.000000	84.631110 
1101.000000	84.508071 
1100.000000	84.383504 
1099.000000	84.266845 
1098.000000	84.162347 
1097.000000	84.063139 
1096.000000	83.963660 
1095.000000	83.864285 
1094.000000	83.761337 
1093.000000	83.647366 
1092.000000	83.525999 
1091.000000	83.412826 
1090.000000	83.316556 
1089.000000	83.231248 
1088.000000	83.149923 
1087.000000	83.072455 
1086.000000	82.997288 
1085.000000	82.920026 
1084.000000	82.843963 
1083.000000	82.778051 
1082.000000	82.721201 
1081.000000	82.663017 
1080.000000	82.602846 
1079.000000	82.552411 
1078.000000	82.515772 
1077.000000	82.482395 
1076.000000	82.444153 
1075.000000	82.402957 
1074.000000	82.357129 
1073.000000	82.296330 
1072.000000	82.214243 
1071.000000	82.109689 
1070.000000	81.971169 
1069.000000	81.779875 
1068.000000	81.537487 
1067.000000	81.276753 
1066.000000	81.034413 
1065.000000	80.823054 
1064.000000	80.634905 
1063.000000	80.456180 
1062.000000	80.268585 
1061.000000	80.054050 
1060.000000	79.812182 
1059.000000	79.564659 
1058.000000	79.333727 
1057.000000	79.124140 
1056.000000	78.929816 
1055.000000	78.744760 
1054.000000	78.561436 
1053.000000	78.371847 
1052.000000	78.177978 
1051.000000	77.990029 
1050.000000	77.809393 
1049.000000	77.627035 
1048.000000	77.441722 
1047.000000	77.262641 
1046.000000	77.091122 
1045.000000	76.917319 
1044.000000	76.737422 
1043.000000	76.557615 
1042.000000	76.378629 
1041.000000	76.192935 
1040.000000	76.001160 
1039.000000	75.816271 
1038.000000	75.648056 
1037.000000	75.497563 
1036.000000	75.367529 
1035.000000	75.261675 
1034.000000	75.172289 
1033.000000	75.084939 
1032.000000	74.995983 
1031.000000	74.909699 
1030.000000	74.822223 
1029.000000	74.729715 
1028.000000	74.649543 
1027.000000	74.607633 
1026.000000	74.602419 
1025.000000	74.604048 
1024.000000	74.592155 
1023.000000	74.571613 
1022.000000	74.548686 
1021.000000	74.517790 
1020.000000	74.477742 
1019.000000	74.437678 
1018.000000	74.399862 
1017.000000	74.356941 
1016.000000	74.311000 
1015.000000	74.274480 
1014.000000	74.247901 
1013.000000	74.218004 
1012.000000	74.182313 
1011.000000	74.154148 
1010.000000	74.138989 
1009.000000	74.127574 
1008.000000	74.116924 
1007.000000	74.116569 
1006.000000	74.129072 
1005.000000	74.145710 
1004.000000	74.165893 
1003.000000	74.199376 
1002.000000	74.244814 
1001.000000	74.288225 
1000.000000	74.327916 
999.000000	 74.378947 
998.000000	 74.447159 
997.000000	 74.520321 
996.000000	 74.590915 
995.000000	 74.666780 
994.000000	 74.752733 
993.000000	 74.841961 
992.000000	 74.931839 
991.000000	 75.028919 
990.000000	 75.132804 
989.000000	 75.234323 
988.000000	 75.334762 
987.000000	 75.447710 
986.000000	 75.577445 
985.000000	 75.714771 
984.000000	 75.857546 
983.000000	 76.014598 
982.000000	 76.185489 
981.000000	 76.357590 
980.000000	 76.528409 
979.000000	 76.710246 
978.000000	 76.907060 
977.000000	 77.107573 
976.000000	 77.307470 
975.000000	 77.518061 
974.000000	 77.745586 
973.000000	 77.980888 
972.000000	 78.216739 
971.000000	 78.457826 
970.000000	 78.706633 
969.000000	 78.956173 
968.000000	 79.203131 
967.000000	 79.452612 
966.000000	 79.704638 
965.000000	 79.951587 
964.000000	 80.193611 
963.000000	 80.440658 
962.000000	 80.694551 
961.000000	 80.944605 
960.000000	 81.185329 
959.000000	 81.422813 
958.000000	 81.659325 
957.000000	 81.887457 
956.000000	 82.104830 
955.000000	 82.319808 
954.000000	 82.537296 
953.000000	 82.752163 
952.000000	 82.960906 
951.000000	 83.166193 
950.000000	 83.366395 
949.000000	 83.554521 
948.000000	 83.731160 
947.000000	 83.905024 
946.000000	 84.077288 
945.000000	 84.238944 
944.000000	 84.386845 
943.000000	 84.528632 
942.000000	 84.668687 
941.000000	 84.803414 
940.000000	 84.934606 
939.000000	 85.073040 
938.000000	 85.223085 
937.000000	 85.376165 
936.000000	 85.524589 
935.000000	 85.670261 
934.000000	 85.815823 
933.000000	 85.959204 
932.000000	 86.101306 
931.000000	 86.247848 
930.000000	 86.399208 
929.000000	 86.548268 
928.000000	 86.691238 
927.000000	 86.830784 
926.000000	 86.966843 
925.000000	 87.094878 
924.000000	 87.214793 
923.000000	 87.331061 
922.000000	 87.443012 
921.000000	 87.546026 
920.000000	 87.642992 
919.000000	 87.742542 
918.000000	 87.844464 
917.000000	 87.938966 
916.000000	 88.022917 
915.000000	 88.105929 
914.000000	 88.198178 
913.000000	 88.302657 
912.000000	 88.420801 
911.000000	 88.554773 
910.000000	 88.702432 
909.000000	 88.860115 
908.000000	 89.030603 
907.000000	 89.218082 
906.000000	 89.416542 
905.000000	 89.615006 
904.000000	 89.813172 
903.000000	 90.019350 
902.000000	 90.234197 
901.000000	 90.449548 
900.000000	 90.662626 
899.000000	 90.878224 
898.000000	 91.096774 
897.000000	 91.312263 
896.000000	 91.521147 
895.000000	 91.721627 
894.000000	 91.906543 
893.000000	 92.070412 
892.000000	 92.221984 
891.000000	 92.375965 
890.000000	 92.532241 
889.000000	 92.676210 
888.000000	 92.798624 
887.000000	 92.901772 
886.000000	 92.988295 
885.000000	 93.059183 
884.000000	 93.122389 
883.000000	 93.187688 
882.000000	 93.252828 
881.000000	 93.311410 
880.000000	 93.374430 
879.000000	 93.464279 
878.000000	 93.584884 
877.000000	 93.718061 
876.000000	 93.853714 
875.000000	 94.002805 
874.000000	 94.174164 
873.000000	 94.359892 
872.000000	 94.551845 
871.000000	 94.752868 
870.000000	 94.962242 
869.000000	 95.167486 
868.000000	 95.360561 
867.000000	 95.547795 
866.000000	 95.735129 
865.000000	 95.916871 
864.000000	 96.087915 
863.000000	 96.255093 
862.000000	 96.426613 
861.000000	 96.599217 
860.000000	 96.764311 
859.000000	 96.919194 
858.000000	 97.065424 
857.000000	 97.203174 
856.000000	 97.333068 
855.000000	 97.457082 
854.000000	 97.573026 
853.000000	 97.675049 
852.000000	 97.763445 
851.000000	 97.846836 
850.000000	 97.931596 
849.000000	 98.016808 
848.000000	 98.101661 
847.000000	 98.188050 
846.000000	 98.272815 
845.000000	 98.347839 
844.000000	 98.412223 
843.000000	 98.474632 
842.000000	 98.538695 
841.000000	 98.595016 
840.000000	 98.632573 
839.000000	 98.649894 
838.000000	 98.651764 
837.000000	 98.644644 
836.000000	 98.639824 
835.000000	 98.650546 
834.000000	 98.678126 
833.000000	 98.708297 
832.000000	 98.727825 
831.000000	 98.738220 
830.000000	 98.748577 
829.000000	 98.763873 
828.000000	 98.787404 
827.000000	 98.825629 
826.000000	 98.879858 
825.000000	 98.938588 
824.000000	 98.986991 
823.000000	 99.019493 
822.000000	 99.037670 
821.000000	 99.043419 
820.000000	 99.040099 
819.000000	 99.031943 
818.000000	 99.014954 
817.000000	 98.973922 
816.000000	 98.894410 
815.000000	 98.774087 
814.000000	 98.618146 
813.000000	 98.426649 
812.000000	 98.188991 
811.000000	 97.886120 
810.000000	 97.495606 
809.000000	 97.001584 
808.000000	 96.406572 
807.000000	 95.731655 
806.000000	 95.002674 
805.000000	 94.241276 
804.000000	 93.471545 
803.000000	 92.724495 
802.000000	 92.028668 
801.000000	 91.406231 
800.000000	 90.884227 
799.000000	 90.495001 
798.000000	 90.253942 
797.000000	 90.146060 
796.000000	 90.140346 
795.000000	 90.206182 
794.000000	 90.314095 
793.000000	 90.438118 
792.000000	 90.564693 
791.000000	 90.687204 
790.000000	 90.788925 
789.000000	 90.844806 
788.000000	 90.841844 
787.000000	 90.782965 
786.000000	 90.668992 
785.000000	 90.492913 
784.000000	 90.256436 
783.000000	 89.977484 
782.000000	 89.677294 
781.000000	 89.376255 
780.000000	 89.106848 
779.000000	 88.911509 
778.000000	 88.817529 
777.000000	 88.826460 
776.000000	 88.930330 
775.000000	 89.118755 
774.000000	 89.365998 
773.000000	 89.634221 
772.000000	 89.900327 
771.000000	 90.163856 
770.000000	 90.423546 
769.000000	 90.665478 
768.000000	 90.880906 
767.000000	 91.075705 
766.000000	 91.253186 
765.000000	 91.406469 
764.000000	 91.538754 
763.000000	 91.673255 
762.000000	 91.828949 
761.000000	 91.999355 
760.000000	 92.166985 
759.000000	 92.326782 
758.000000	 92.484921 
757.000000	 92.647126 
756.000000	 92.820131 
755.000000	 93.013470 
754.000000	 93.225713 
753.000000	 93.434758 
752.000000	 93.612269 
751.000000	 93.745586 
750.000000	 93.843459 
749.000000	 93.927546 
748.000000	 94.020549 
747.000000	 94.132508 
746.000000	 94.253431 
745.000000	 94.367449 
744.000000	 94.476451 
743.000000	 94.599149 
742.000000	 94.744953 
741.000000	 94.902315 
740.000000	 95.056980 
739.000000	 95.207673 
738.000000	 95.357268 
737.000000	 95.500753 
736.000000	 95.630328 
735.000000	 95.744016 
734.000000	 95.843444 
733.000000	 95.930329 
732.000000	 96.007914 
731.000000	 96.077652 
730.000000	 96.133801 
729.000000	 96.171680 
728.000000	 96.199993 
727.000000	 96.235129 
726.000000	 96.285988 
725.000000	 96.353790 
724.000000	 96.442867 
723.000000	 96.556536 
722.000000	 96.682336 
721.000000	 96.797146 
720.000000	 96.891094 
719.000000	 96.973567 
718.000000	 97.052742 
717.000000	 97.126065 
716.000000	 97.195734 
715.000000	 97.274162 
714.000000	 97.365349 
713.000000	 97.456751 
712.000000	 97.538283 
711.000000	 97.615605 
710.000000	 97.695670 
709.000000	 97.773949 
708.000000	 97.842596 
707.000000	 97.899233 
706.000000	 97.940666 
705.000000	 97.955860 
704.000000	 97.932912 
703.000000	 97.866765 
702.000000	 97.750118 
701.000000	 97.564891 
700.000000	 97.294062 
699.000000	 96.937313 
698.000000	 96.517765 
697.000000	 96.084116 
696.000000	 95.707069 
695.000000	 95.457986 
694.000000	 95.372658 
693.000000	 95.438010 
692.000000	 95.613990 
691.000000	 95.856408 
690.000000	 96.124392 
689.000000	 96.383041 
688.000000	 96.611292 
687.000000	 96.805513 
686.000000	 96.969520 
685.000000	 97.110307 
684.000000	 97.241638 
683.000000	 97.372366 
682.000000	 97.491836 
681.000000	 97.584136 
680.000000	 97.657922 
679.000000	 97.741395 
678.000000	 97.846490 
677.000000	 97.962699 
676.000000	 98.078573 
675.000000	 98.192017 
674.000000	 98.292997 
673.000000	 98.358163 
672.000000	 98.373193 
671.000000	 98.339472 
670.000000	 98.259490 
669.000000	 98.146732 
668.000000	 98.108481 
667.000000	 98.269238 
666.000000	 98.517122 
665.000000	 98.707960 
664.000000	 98.822814 
663.000000	 98.885479 
662.000000	 98.925375 
661.000000	 98.961469 
660.000000	 98.998587 
659.000000	 99.036191 
658.000000	 99.068682 
657.000000	 99.087119 
656.000000	 99.083703 
655.000000	 99.059930 
654.000000	 99.022078 
653.000000	 98.973041 
652.000000	 98.923287 
651.000000	 98.903324 
650.000000	 98.935359 

