4000.000000	98.281425 
3999.000000	98.281450 
3998.000000	98.280846 
3997.000000	98.279787 
3996.000000	98.278649 
3995.000000	98.277858 
3994.000000	98.277731 
3993.000000	98.278275 
3992.000000	98.279116 
3991.000000	98.279713 
3990.000000	98.279826 
3989.000000	98.279672 
3988.000000	98.279573 
3987.000000	98.279626 
3986.000000	98.279766 
3985.000000	98.279949 
3984.000000	98.280102 
3983.000000	98.280079 
3982.000000	98.279925 
3981.000000	98.280007 
3980.000000	98.280502 
3979.000000	98.280997 
3978.000000	98.280975 
3977.000000	98.280570 
3976.000000	98.280428 
3975.000000	98.280777 
3974.000000	98.281040 
3973.000000	98.280535 
3972.000000	98.279161 
3971.000000	98.277362 
3970.000000	98.275726 
3969.000000	98.274744 
3968.000000	98.274709 
3967.000000	98.275513 
3966.000000	98.276622 
3965.000000	98.277374 
3964.000000	98.277260 
3963.000000	98.276132 
3962.000000	98.274320 
3961.000000	98.272537 
3960.000000	98.271336 
3959.000000	98.270735 
3958.000000	98.270413 
3957.000000	98.270199 
3956.000000	98.270110 
3955.000000	98.269956 
3954.000000	98.269421 
3953.000000	98.268415 
3952.000000	98.267175 
3951.000000	98.265944 
3950.000000	98.264712 
3949.000000	98.263454 
3948.000000	98.262317 
3947.000000	98.261579 
3946.000000	98.261457 
3945.000000	98.261927 
3944.000000	98.262534 
3943.000000	98.262589 
3942.000000	98.262053 
3941.000000	98.261628 
3940.000000	98.261836 
3939.000000	98.262420 
3938.000000	98.262654 
3937.000000	98.262212 
3936.000000	98.261380 
3935.000000	98.260355 
3934.000000	98.259143 
3933.000000	98.257920 
3932.000000	98.257166 
3931.000000	98.256902 
3930.000000	98.256572 
3929.000000	98.256197 
3928.000000	98.256544 
3927.000000	98.257968 
3926.000000	98.259372 
3925.000000	98.259126 
3924.000000	98.257174 
3923.000000	98.254870 
3922.000000	98.252937 
3921.000000	98.251165 
3920.000000	98.249642 
3919.000000	98.249165 
3918.000000	98.249888 
3917.000000	98.250819 
3916.000000	98.251216 
3915.000000	98.251453 
3914.000000	98.252029 
3913.000000	98.252743 
3912.000000	98.253185 
3911.000000	98.253569 
3910.000000	98.254122 
3909.000000	98.254624 
3908.000000	98.254836 
3907.000000	98.254575 
3906.000000	98.253581 
3905.000000	98.251166 
3904.000000	98.247175 
3903.000000	98.242895 
3902.000000	98.240102 
3901.000000	98.239423 
3900.000000	98.240160 
3899.000000	98.241228 
3898.000000	98.242188 
3897.000000	98.242943 
3896.000000	98.243227 
3895.000000	98.243054 
3894.000000	98.242768 
3893.000000	98.242638 
3892.000000	98.242350 
3891.000000	98.241463 
3890.000000	98.240204 
3889.000000	98.239134 
3888.000000	98.238515 
3887.000000	98.238137 
3886.000000	98.237801 
3885.000000	98.237589 
3884.000000	98.237517 
3883.000000	98.237301 
3882.000000	98.236770 
3881.000000	98.236143 
3880.000000	98.235781 
3879.000000	98.235710 
3878.000000	98.235715 
3877.000000	98.235664 
3876.000000	98.235569 
3875.000000	98.235418 
3874.000000	98.235167 
3873.000000	98.234833 
3872.000000	98.234474 
3871.000000	98.234119 
3870.000000	98.233802 
3869.000000	98.233572 
3868.000000	98.233423 
3867.000000	98.233318 
3866.000000	98.233225 
3865.000000	98.233149 
3864.000000	98.233113 
3863.000000	98.233136 
3862.000000	98.233198 
3861.000000	98.233271 
3860.000000	98.233370 
3859.000000	98.233517 
3858.000000	98.233687 
3857.000000	98.233796 
3856.000000	98.233786 
3855.000000	98.233633 
3854.000000	98.233320 
3853.000000	98.232938 
3852.000000	98.232684 
3851.000000	98.232607 
3850.000000	98.232615 
3849.000000	98.232648 
3848.000000	98.232758 
3847.000000	98.232999 
3846.000000	98.233286 
3845.000000	98.233481 
3844.000000	98.233546 
3843.000000	98.233526 
3842.000000	98.233480 
3841.000000	98.233465 
3840.000000	98.233481 
3839.000000	98.233522 
3838.000000	98.233619 
3837.000000	98.233725 
3836.000000	98.233747 
3835.000000	98.233664 
3834.000000	98.233557 
3833.000000	98.233556 
3832.000000	98.233710 
3831.000000	98.234001 
3830.000000	98.234383 
3829.000000	98.234804 
3828.000000	98.235285 
3827.000000	98.235857 
3826.000000	98.236408 
3825.000000	98.236813 
3824.000000	98.237021 
3823.000000	98.237046 
3822.000000	98.236933 
3821.000000	98.236756 
3820.000000	98.236715 
3819.000000	98.236825 
3818.000000	98.236883 
3817.000000	98.236797 
3816.000000	98.236822 
3815.000000	98.237279 
3814.000000	98.238088 
3813.000000	98.238789 
3812.000000	98.239086 
3811.000000	98.239225 
3810.000000	98.239698 
3809.000000	98.240523 
3808.000000	98.241069 
3807.000000	98.240865 
3806.000000	98.240202 
3805.000000	98.239708 
3804.000000	98.239437 
3803.000000	98.239229 
3802.000000	98.239124 
3801.000000	98.239464 
3800.000000	98.240413 
3799.000000	98.241144 
3798.000000	98.240882 
3797.000000	98.240265 
3796.000000	98.240711 
3795.000000	98.242624 
3794.000000	98.244779 
3793.000000	98.245785 
3792.000000	98.245757 
3791.000000	98.246070 
3790.000000	98.247259 
3789.000000	98.248205 
3788.000000	98.247951 
3787.000000	98.247047 
3786.000000	98.246545 
3785.000000	98.246443 
3784.000000	98.246049 
3783.000000	98.245380 
3782.000000	98.244683 
3781.000000	98.243653 
3780.000000	98.242198 
3779.000000	98.241458 
3778.000000	98.242408 
3777.000000	98.244240 
3776.000000	98.245027 
3775.000000	98.243955 
3774.000000	98.242167 
3773.000000	98.241216 
3772.000000	98.241044 
3771.000000	98.239925 
3770.000000	98.237062 
3769.000000	98.234108 
3768.000000	98.232488 
3767.000000	98.231303 
3766.000000	98.229362 
3765.000000	98.227134 
3764.000000	98.226397 
3763.000000	98.227560 
3762.000000	98.228492 
3761.000000	98.227222 
3760.000000	98.224544 
3759.000000	98.223225 
3758.000000	98.222836 
3757.000000	98.220322 
3756.000000	98.215295 
3755.000000	98.209705 
3754.000000	98.204453 
3753.000000	98.198543 
3752.000000	98.192551 
3751.000000	98.188960 
3750.000000	98.186986 
3749.000000	98.183888 
3748.000000	98.181064 
3747.000000	98.181953 
3746.000000	98.186165 
3745.000000	98.188126 
3744.000000	98.188582 
3743.000000	98.192528 
3742.000000	98.196306 
3741.000000	98.192956 
3740.000000	98.183538 
3739.000000	98.177477 
3738.000000	98.180806 
3737.000000	98.186965 
3736.000000	98.186389 
3735.000000	98.180196 
3734.000000	98.176596 
3733.000000	98.177487 
3732.000000	98.179441 
3731.000000	98.181921 
3730.000000	98.185690 
3729.000000	98.189009 
3728.000000	98.189853 
3727.000000	98.189017 
3726.000000	98.189773 
3725.000000	98.192839 
3724.000000	98.194816 
3723.000000	98.193180 
3722.000000	98.189718 
3721.000000	98.187657 
3720.000000	98.186351 
3719.000000	98.184473 
3718.000000	98.182408 
3717.000000	98.180495 
3716.000000	98.178563 
3715.000000	98.174758 
3714.000000	98.168141 
3713.000000	98.161652 
3712.000000	98.158929 
3711.000000	98.159129 
3710.000000	98.156827 
3709.000000	98.149091 
3708.000000	98.138039 
3707.000000	98.126658 
3706.000000	98.116793 
3705.000000	98.109232 
3704.000000	98.103893 
3703.000000	98.099718 
3702.000000	98.094190 
3701.000000	98.085195 
3700.000000	98.072944 
3699.000000	98.059804 
3698.000000	98.048450 
3697.000000	98.039721 
3696.000000	98.033776 
3695.000000	98.030404 
3694.000000	98.027735 
3693.000000	98.023627 
3692.000000	98.017466 
3691.000000	98.009476 
3690.000000	97.998593 
3689.000000	97.985516 
3688.000000	97.974763 
3687.000000	97.969197 
3686.000000	97.966853 
3685.000000	97.964030 
3684.000000	97.959646 
3683.000000	97.956396 
3682.000000	97.956545 
3681.000000	97.956865 
3680.000000	97.951586 
3679.000000	97.938819 
3678.000000	97.922492 
3677.000000	97.906996 
3676.000000	97.892834 
3675.000000	97.881726 
3674.000000	97.875349 
3673.000000	97.870860 
3672.000000	97.863907 
3671.000000	97.855253 
3670.000000	97.849760 
3669.000000	97.849899 
3668.000000	97.851487 
3667.000000	97.848948 
3666.000000	97.842758 
3665.000000	97.837142 
3664.000000	97.834307 
3663.000000	97.833537 
3662.000000	97.832437 
3661.000000	97.828612 
3660.000000	97.821974 
3659.000000	97.814235 
3658.000000	97.807882 
3657.000000	97.803209 
3656.000000	97.798640 
3655.000000	97.793618 
3654.000000	97.787597 
3653.000000	97.779574 
3652.000000	97.768913 
3651.000000	97.757094 
3650.000000	97.747629 
3649.000000	97.742969 
3648.000000	97.742623 
3647.000000	97.745397 
3646.000000	97.751455 
3645.000000	97.760486 
3644.000000	97.770372 
3643.000000	97.778982 
3642.000000	97.785293 
3641.000000	97.789114 
3640.000000	97.790583 
3639.000000	97.789319 
3638.000000	97.785879 
3637.000000	97.782008 
3636.000000	97.778920 
3635.000000	97.775173 
3634.000000	97.768176 
3633.000000	97.758016 
3632.000000	97.747242 
3631.000000	97.737976 
3630.000000	97.730545 
3629.000000	97.725568 
3628.000000	97.724396 
3627.000000	97.725590 
3626.000000	97.725383 
3625.000000	97.724107 
3624.000000	97.725785 
3623.000000	97.732341 
3622.000000	97.740668 
3621.000000	97.745013 
3620.000000	97.742195 
3619.000000	97.734566 
3618.000000	97.726809 
3617.000000	97.721948 
3616.000000	97.722209 
3615.000000	97.728965 
3614.000000	97.740639 
3613.000000	97.753082 
3612.000000	97.762368 
3611.000000	97.766752 
3610.000000	97.767715 
3609.000000	97.768987 
3608.000000	97.772955 
3607.000000	97.778919 
3606.000000	97.784581 
3605.000000	97.789610 
3604.000000	97.796159 
3603.000000	97.805414 
3602.000000	97.815322 
3601.000000	97.821816 
3600.000000	97.822837 
3599.000000	97.820095 
3598.000000	97.817320 
3597.000000	97.817234 
3596.000000	97.820973 
3595.000000	97.826671 
3594.000000	97.830522 
3593.000000	97.830317 
3592.000000	97.826577 
3591.000000	97.821444 
3590.000000	97.817524 
3589.000000	97.816594 
3588.000000	97.818638 
3587.000000	97.822205 
3586.000000	97.825818 
3585.000000	97.829109 
3584.000000	97.833179 
3583.000000	97.838983 
3582.000000	97.846087 
3581.000000	97.852166 
3580.000000	97.854861 
3579.000000	97.853747 
3578.000000	97.850626 
3577.000000	97.848072 
3576.000000	97.847379 
3575.000000	97.848122 
3574.000000	97.848746 
3573.000000	97.848056 
3572.000000	97.845656 
3571.000000	97.841798 
3570.000000	97.837288 
3569.000000	97.833440 
3568.000000	97.831625 
3567.000000	97.832422 
3566.000000	97.834824 
3565.000000	97.836913 
3564.000000	97.837620 
3563.000000	97.837501 
3562.000000	97.837616 
3561.000000	97.838468 
3560.000000	97.839757 
3559.000000	97.840906 
3558.000000	97.841564 
3557.000000	97.841793 
3556.000000	97.841882 
3555.000000	97.842128 
3554.000000	97.842564 
3553.000000	97.842720 
3552.000000	97.842024 
3551.000000	97.840253 
3550.000000	97.837834 
3549.000000	97.835782 
3548.000000	97.835058 
3547.000000	97.835625 
3546.000000	97.836336 
3545.000000	97.836148 
3544.000000	97.835365 
3543.000000	97.835055 
3542.000000	97.835627 
3541.000000	97.836606 
3540.000000	97.837403 
3539.000000	97.837821 
3538.000000	97.837919 
3537.000000	97.837752 
3536.000000	97.837404 
3535.000000	97.836962 
3534.000000	97.836498 
3533.000000	97.836094 
3532.000000	97.835856 
3531.000000	97.835831 
3530.000000	97.835930 
3529.000000	97.835965 
3528.000000	97.835821 
3527.000000	97.835531 
3526.000000	97.835228 
3525.000000	97.835038 
3524.000000	97.834993 
3523.000000	97.835055 
3522.000000	97.835137 
3521.000000	97.835163 
3520.000000	97.835122 
3519.000000	97.835050 
3518.000000	97.834963 
3517.000000	97.834827 
3516.000000	97.834613 
3515.000000	97.834345 
3514.000000	97.834093 
3513.000000	97.833905 
3512.000000	97.833776 
3511.000000	97.833663 
3510.000000	97.833525 
3509.000000	97.833358 
3508.000000	97.833183 
3507.000000	97.833021 
3506.000000	97.832868 
3505.000000	97.832707 
3504.000000	97.832523 
3503.000000	97.832323 
3502.000000	97.832123 
3501.000000	97.831929 
3500.000000	97.831737 
3499.000000	97.831551 
3498.000000	97.831382 
3497.000000	97.831219 
3496.000000	97.831004 
3495.000000	97.830658 
3494.000000	97.830167 
3493.000000	97.829634 
3492.000000	97.829197 
3491.000000	97.828861 
3490.000000	97.828518 
3489.000000	97.828142 
3488.000000	97.827805 
3487.000000	97.827437 
3486.000000	97.826809 
3485.000000	97.825932 
3484.000000	97.825209 
3483.000000	97.824918 
3482.000000	97.824798 
3481.000000	97.824420 
3480.000000	97.823827 
3479.000000	97.823394 
3478.000000	97.823201 
3477.000000	97.822870 
3476.000000	97.822033 
3475.000000	97.820720 
3474.000000	97.819280 
3473.000000	97.818058 
3472.000000	97.817200 
3471.000000	97.816658 
3470.000000	97.816284 
3469.000000	97.815953 
3468.000000	97.815595 
3467.000000	97.815160 
3466.000000	97.814644 
3465.000000	97.814104 
3464.000000	97.813526 
3463.000000	97.812693 
3462.000000	97.811334 
3461.000000	97.809478 
3460.000000	97.807532 
3459.000000	97.805914 
3458.000000	97.804676 
3457.000000	97.803539 
3456.000000	97.802297 
3455.000000	97.801043 
3454.000000	97.800075 
3453.000000	97.799590 
3452.000000	97.799550 
3451.000000	97.799745 
3450.000000	97.799873 
3449.000000	97.799613 
3448.000000	97.798757 
3447.000000	97.797346 
3446.000000	97.795663 
3445.000000	97.794091 
3444.000000	97.792909 
3443.000000	97.792177 
3442.000000	97.791732 
3441.000000	97.791263 
3440.000000	97.790524 
3439.000000	97.789494 
3438.000000	97.788332 
3437.000000	97.787243 
3436.000000	97.786363 
3435.000000	97.785721 
3434.000000	97.785255 
3433.000000	97.784826 
3432.000000	97.784303 
3431.000000	97.783666 
3430.000000	97.782992 
3429.000000	97.782356 
3428.000000	97.781756 
3427.000000	97.781144 
3426.000000	97.780505 
3425.000000	97.779877 
3424.000000	97.779291 
3423.000000	97.778725 
3422.000000	97.778135 
3421.000000	97.777515 
3420.000000	97.776898 
3419.000000	97.776317 
3418.000000	97.775781 
3417.000000	97.775279 
3416.000000	97.774798 
3415.000000	97.774329 
3414.000000	97.773862 
3413.000000	97.773391 
3412.000000	97.772917 
3411.000000	97.772442 
3410.000000	97.771975 
3409.000000	97.771525 
3408.000000	97.771100 
3407.000000	97.770702 
3406.000000	97.770331 
3405.000000	97.769984 
3404.000000	97.769661 
3403.000000	97.769360 
3402.000000	97.769077 
3401.000000	97.768807 
3400.000000	97.768549 
3399.000000	97.768307 
3398.000000	97.768088 
3397.000000	97.767899 
3396.000000	97.767738 
3395.000000	97.767602 
3394.000000	97.767485 
3393.000000	97.767386 
3392.000000	97.767308 
3391.000000	97.767254 
3390.000000	97.767229 
3389.000000	97.767240 
3388.000000	97.767298 
3387.000000	97.767411 
3386.000000	97.767576 
3385.000000	97.767773 
3384.000000	97.767972 
3383.000000	97.768154 
3382.000000	97.768343 
3381.000000	97.768596 
3380.000000	97.768938 
3379.000000	97.769310 
3378.000000	97.769633 
3377.000000	97.769939 
3376.000000	97.770369 
3375.000000	97.770994 
3374.000000	97.771679 
3373.000000	97.772207 
3372.000000	97.772519 
3371.000000	97.772774 
3370.000000	97.773176 
3369.000000	97.773795 
3368.000000	97.774584 
3367.000000	97.775441 
3366.000000	97.776202 
3365.000000	97.776695 
3364.000000	97.776912 
3363.000000	97.777073 
3362.000000	97.777416 
3361.000000	97.777985 
3360.000000	97.778714 
3359.000000	97.779618 
3358.000000	97.780738 
3357.000000	97.781938 
3356.000000	97.782909 
3355.000000	97.783484 
3354.000000	97.783896 
3353.000000	97.784654 
3352.000000	97.786132 
3351.000000	97.788202 
3350.000000	97.790265 
3349.000000	97.791728 
3348.000000	97.792475 
3347.000000	97.792885 
3346.000000	97.793368 
3345.000000	97.793963 
3344.000000	97.794434 
3343.000000	97.794575 
3342.000000	97.794410 
3341.000000	97.794244 
3340.000000	97.794440 
3339.000000	97.795086 
3338.000000	97.795953 
3337.000000	97.796730 
3336.000000	97.797300 
3335.000000	97.797758 
3334.000000	97.798235 
3333.000000	97.798782 
3332.000000	97.799382 
3331.000000	97.799994 
3330.000000	97.800580 
3329.000000	97.801129 
3328.000000	97.801673 
3327.000000	97.802245 
3326.000000	97.802837 
3325.000000	97.803410 
3324.000000	97.803939 
3323.000000	97.804437 
3322.000000	97.804924 
3321.000000	97.805410 
3320.000000	97.805894 
3319.000000	97.806369 
3318.000000	97.806835 
3317.000000	97.807291 
3316.000000	97.807734 
3315.000000	97.808163 
3314.000000	97.808577 
3313.000000	97.808979 
3312.000000	97.809373 
3311.000000	97.809766 
3310.000000	97.810164 
3309.000000	97.810570 
3308.000000	97.810983 
3307.000000	97.811397 
3306.000000	97.811807 
3305.000000	97.812215 
3304.000000	97.812630 
3303.000000	97.813065 
3302.000000	97.813525 
3301.000000	97.814009 
3300.000000	97.814508 
3299.000000	97.815013 
3298.000000	97.815515 
3297.000000	97.816010 
3296.000000	97.816495 
3295.000000	97.816986 
3294.000000	97.817512 
3293.000000	97.818092 
3292.000000	97.818713 
3291.000000	97.819345 
3290.000000	97.819959 
3289.000000	97.820540 
3288.000000	97.821093 
3287.000000	97.821629 
3286.000000	97.822136 
3285.000000	97.822561 
3284.000000	97.822851 
3283.000000	97.823031 
3282.000000	97.823239 
3281.000000	97.823642 
3280.000000	97.824282 
3279.000000	97.825010 
3278.000000	97.825630 
3277.000000	97.826116 
3276.000000	97.826608 
3275.000000	97.827215 
3274.000000	97.827892 
3273.000000	97.828569 
3272.000000	97.829313 
3271.000000	97.830261 
3270.000000	97.831423 
3269.000000	97.832591 
3268.000000	97.833465 
3267.000000	97.833912 
3266.000000	97.834110 
3265.000000	97.834475 
3264.000000	97.835288 
3263.000000	97.836438 
3262.000000	97.837509 
3261.000000	97.838212 
3260.000000	97.838611 
3259.000000	97.838926 
3258.000000	97.839255 
3257.000000	97.839589 
3256.000000	97.840009 
3255.000000	97.840630 
3254.000000	97.841404 
3253.000000	97.842164 
3252.000000	97.842871 
3251.000000	97.843650 
3250.000000	97.844553 
3249.000000	97.845416 
3248.000000	97.846041 
3247.000000	97.846438 
3246.000000	97.846834 
3245.000000	97.847448 
3244.000000	97.848285 
3243.000000	97.849165 
3242.000000	97.849909 
3241.000000	97.850492 
3240.000000	97.851004 
3239.000000	97.851535 
3238.000000	97.852156 
3237.000000	97.852949 
3236.000000	97.853975 
3235.000000	97.855156 
3234.000000	97.856246 
3233.000000	97.857009 
3232.000000	97.857412 
3231.000000	97.857671 
3230.000000	97.858069 
3229.000000	97.858725 
3228.000000	97.859578 
3227.000000	97.860562 
3226.000000	97.861753 
3225.000000	97.863228 
3224.000000	97.864817 
3223.000000	97.866161 
3222.000000	97.867064 
3221.000000	97.867697 
3220.000000	97.868375 
3219.000000	97.869143 
3218.000000	97.869815 
3217.000000	97.870337 
3216.000000	97.870872 
3215.000000	97.871603 
3214.000000	97.872579 
3213.000000	97.873746 
3212.000000	97.874984 
3211.000000	97.876117 
3210.000000	97.877011 
3209.000000	97.877705 
3208.000000	97.878384 
3207.000000	97.879165 
3206.000000	97.879981 
3205.000000	97.880736 
3204.000000	97.881530 
3203.000000	97.882599 
3202.000000	97.884040 
3201.000000	97.885649 
3200.000000	97.887072 
3199.000000	97.888135 
3198.000000	97.888988 
3197.000000	97.889921 
3196.000000	97.891050 
3195.000000	97.892246 
3194.000000	97.893397 
3193.000000	97.894598 
3192.000000	97.896005 
3191.000000	97.897582 
3190.000000	97.899091 
3189.000000	97.900349 
3188.000000	97.901391 
3187.000000	97.902411 
3186.000000	97.903588 
3185.000000	97.904960 
3184.000000	97.906431 
3183.000000	97.907871 
3182.000000	97.909235 
3181.000000	97.910564 
3180.000000	97.911887 
3179.000000	97.913175 
3178.000000	97.914409 
3177.000000	97.915627 
3176.000000	97.916888 
3175.000000	97.918205 
3174.000000	97.919553 
3173.000000	97.920905 
3172.000000	97.922238 
3171.000000	97.923526 
3170.000000	97.924748 
3169.000000	97.925925 
3168.000000	97.927100 
3167.000000	97.928295 
3166.000000	97.929503 
3165.000000	97.930713 
3164.000000	97.931921 
3163.000000	97.933121 
3162.000000	97.934307 
3161.000000	97.935477 
3160.000000	97.936629 
3159.000000	97.937772 
3158.000000	97.938917 
3157.000000	97.940072 
3156.000000	97.941238 
3155.000000	97.942400 
3154.000000	97.943540 
3153.000000	97.944651 
3152.000000	97.945737 
3151.000000	97.946807 
3150.000000	97.947861 
3149.000000	97.948901 
3148.000000	97.949934 
3147.000000	97.950969 
3146.000000	97.952014 
3145.000000	97.953069 
3144.000000	97.954123 
3143.000000	97.955162 
3142.000000	97.956178 
3141.000000	97.957170 
3140.000000	97.958146 
3139.000000	97.959115 
3138.000000	97.960087 
3137.000000	97.961066 
3136.000000	97.962048 
3135.000000	97.963024 
3134.000000	97.963983 
3133.000000	97.964936 
3132.000000	97.965908 
3131.000000	97.966901 
3130.000000	97.967888 
3129.000000	97.968864 
3128.000000	97.969880 
3127.000000	97.970980 
3126.000000	97.972143 
3125.000000	97.973289 
3124.000000	97.974363 
3123.000000	97.975362 
3122.000000	97.976301 
3121.000000	97.977193 
3120.000000	97.978067 
3119.000000	97.978974 
3118.000000	97.979953 
3117.000000	97.981026 
3116.000000	97.982193 
3115.000000	97.983407 
3114.000000	97.984556 
3113.000000	97.985548 
3112.000000	97.986426 
3111.000000	97.987356 
3110.000000	97.988471 
3109.000000	97.989737 
3108.000000	97.991004 
3107.000000	97.992172 
3106.000000	97.993238 
3105.000000	97.994179 
3104.000000	97.994858 
3103.000000	97.995148 
3102.000000	97.995157 
3101.000000	97.995191 
3100.000000	97.995461 
3099.000000	97.995985 
3098.000000	97.996804 
3097.000000	97.998153 
3096.000000	98.000123 
3095.000000	98.002238 
3094.000000	98.003759 
3093.000000	98.004444 
3092.000000	98.004828 
3091.000000	98.005450 
3090.000000	98.006116 
3089.000000	98.006240 
3088.000000	98.005719 
3087.000000	98.005277 
3086.000000	98.005839 
3085.000000	98.007565 
3084.000000	98.009414 
3083.000000	98.009830 
3082.000000	98.008215 
3081.000000	98.005960 
3080.000000	98.005372 
3079.000000	98.007141 
3078.000000	98.009723 
3077.000000	98.011655 
3076.000000	98.013412 
3075.000000	98.015942 
3074.000000	98.018581 
3073.000000	98.019831 
3072.000000	98.019436 
3071.000000	98.018245 
3070.000000	98.016595 
3069.000000	98.014525 
3068.000000	98.013219 
3067.000000	98.014274 
3066.000000	98.017273 
3065.000000	98.019641 
3064.000000	98.019343 
3063.000000	98.016514 
3062.000000	98.012276 
3061.000000	98.007409 
3060.000000	98.002668 
3059.000000	97.999295 
3058.000000	97.998630 
3057.000000	98.001440 
3056.000000	98.007184 
3055.000000	98.013080 
3054.000000	98.014878 
3053.000000	98.010547 
3052.000000	98.003335 
3051.000000	97.999422 
3050.000000	98.001667 
3049.000000	98.006967 
3048.000000	98.010128 
3047.000000	98.008694 
3046.000000	98.003295 
3045.000000	97.995518 
3044.000000	97.987408 
3043.000000	97.982040 
3042.000000	97.981976 
3041.000000	97.986239 
3040.000000	97.989900 
3039.000000	97.987846 
3038.000000	97.978980 
3037.000000	97.966510 
3036.000000	97.954317 
3035.000000	97.943484 
3034.000000	97.932798 
3033.000000	97.921790 
3032.000000	97.911712 
3031.000000	97.903455 
3030.000000	97.895935 
3029.000000	97.887289 
3028.000000	97.876556 
3027.000000	97.863434 
3026.000000	97.847658 
3025.000000	97.829933 
3024.000000	97.812694 
3023.000000	97.798325 
3022.000000	97.786774 
3021.000000	97.776240 
3020.000000	97.765691 
3019.000000	97.755097 
3018.000000	97.743363 
3017.000000	97.728135 
3016.000000	97.708434 
3015.000000	97.686223 
3014.000000	97.664776 
3013.000000	97.646248 
3012.000000	97.630744 
3011.000000	97.616394 
3010.000000	97.600081 
3009.000000	97.579571 
3008.000000	97.555593 
3007.000000	97.531065 
3006.000000	97.507996 
3005.000000	97.486116 
3004.000000	97.464624 
3003.000000	97.443788 
3002.000000	97.424243 
3001.000000	97.406028 
3000.000000	97.389025 
2999.000000	97.373207 
2998.000000	97.357807 
2997.000000	97.341577 
2996.000000	97.324603 
2995.000000	97.308253 
2994.000000	97.291882 
2993.000000	97.270940 
2992.000000	97.240869 
2991.000000	97.203303 
2990.000000	97.166957 
2989.000000	97.141525 
2988.000000	97.131217 
2987.000000	97.133819 
2986.000000	97.144248 
2985.000000	97.158137 
2984.000000	97.172511 
2983.000000	97.184676 
2982.000000	97.192063 
2981.000000	97.193609 
2980.000000	97.190588 
2979.000000	97.185259 
2978.000000	97.178877 
2977.000000	97.171640 
2976.000000	97.164318 
2975.000000	97.158802 
2974.000000	97.156690 
2973.000000	97.158078 
2972.000000	97.162034 
2971.000000	97.167555 
2970.000000	97.173847 
2969.000000	97.180646 
2968.000000	97.188902 
2967.000000	97.200356 
2966.000000	97.215615 
2965.000000	97.232986 
2964.000000	97.249777 
2963.000000	97.264366 
2962.000000	97.276657 
2961.000000	97.287253 
2960.000000	97.297075 
2959.000000	97.307489 
2958.000000	97.319788 
2957.000000	97.334174 
2956.000000	97.349344 
2955.000000	97.363109 
2954.000000	97.373774 
2953.000000	97.381789 
2952.000000	97.390224 
2951.000000	97.402443 
2950.000000	97.418322 
2949.000000	97.433373 
2948.000000	97.442651 
2947.000000	97.445119 
2946.000000	97.443715 
2945.000000	97.442020 
2944.000000	97.441832 
2943.000000	97.443401 
2942.000000	97.446184 
2941.000000	97.448822 
2940.000000	97.449851 
2939.000000	97.449275 
2938.000000	97.448593 
2937.000000	97.448755 
2936.000000	97.448912 
2935.000000	97.447613 
2934.000000	97.444403 
2933.000000	97.439692 
2932.000000	97.434006 
2931.000000	97.428291 
2930.000000	97.424222 
2929.000000	97.422925 
2928.000000	97.423387 
2927.000000	97.423068 
2926.000000	97.420428 
2925.000000	97.416534 
2924.000000	97.414025 
2923.000000	97.414670 
2922.000000	97.417867 
2921.000000	97.421260 
2920.000000	97.422975 
2919.000000	97.423373 
2918.000000	97.424203 
2917.000000	97.425639 
2916.000000	97.424829 
2915.000000	97.418505 
2914.000000	97.407107 
2913.000000	97.395283 
2912.000000	97.387766 
2911.000000	97.385227 
2910.000000	97.384722 
2909.000000	97.383500 
2908.000000	97.381522 
2907.000000	97.380085 
2906.000000	97.378854 
2905.000000	97.374971 
2904.000000	97.365817 
2903.000000	97.352745 
2902.000000	97.342672 
2901.000000	97.343188 
2900.000000	97.356579 
2899.000000	97.378066 
2898.000000	97.399439 
2897.000000	97.415231 
2896.000000	97.424689 
2895.000000	97.429426 
2894.000000	97.431539 
2893.000000	97.433970 
2892.000000	97.439915 
2891.000000	97.449901 
2890.000000	97.460459 
2889.000000	97.467550 
2888.000000	97.470917 
2887.000000	97.473491 
2886.000000	97.477025 
2885.000000	97.480668 
2884.000000	97.484355 
2883.000000	97.490996 
2882.000000	97.503324 
2881.000000	97.519914 
2880.000000	97.536500 
2879.000000	97.550952 
2878.000000	97.564739 
2877.000000	97.579308 
2876.000000	97.593219 
2875.000000	97.603998 
2874.000000	97.611343 
2873.000000	97.617113 
2872.000000	97.623013 
2871.000000	97.629588 
2870.000000	97.636964 
2869.000000	97.645179 
2868.000000	97.653884 
2867.000000	97.662804 
2866.000000	97.672432 
2865.000000	97.683324 
2864.000000	97.695022 
2863.000000	97.706968 
2862.000000	97.720185 
2861.000000	97.736204 
2860.000000	97.753976 
2859.000000	97.769932 
2858.000000	97.782306 
2857.000000	97.793765 
2856.000000	97.808012 
2855.000000	97.824762 
2854.000000	97.840112 
2853.000000	97.851368 
2852.000000	97.859489 
2851.000000	97.866931 
2850.000000	97.874951 
2849.000000	97.883568 
2848.000000	97.892668 
2847.000000	97.901921 
2846.000000	97.910313 
2845.000000	97.916835 
2844.000000	97.921653 
2843.000000	97.926297 
2842.000000	97.932631 
2841.000000	97.941375 
2840.000000	97.951228 
2839.000000	97.959633 
2838.000000	97.964973 
2837.000000	97.968000 
2836.000000	97.970836 
2835.000000	97.974824 
2834.000000	97.980007 
2833.000000	97.986403 
2832.000000	97.994387 
2831.000000	98.003316 
2830.000000	98.010864 
2829.000000	98.014791 
2828.000000	98.015190 
2827.000000	98.014562 
2826.000000	98.015850 
2825.000000	98.020423 
2824.000000	98.027423 
2823.000000	98.034435 
2822.000000	98.039077 
2821.000000	98.040507 
2820.000000	98.039611 
2819.000000	98.037865 
2818.000000	98.036373 
2817.000000	98.035986 
2816.000000	98.037514 
2815.000000	98.041145 
2814.000000	98.045870 
2813.000000	98.050016 
2812.000000	98.052395 
2811.000000	98.052827 
2810.000000	98.051976 
2809.000000	98.051098 
2808.000000	98.051647 
2807.000000	98.054496 
2806.000000	98.059277 
2805.000000	98.064546 
2804.000000	98.068676 
2803.000000	98.070844 
2802.000000	98.071533 
2801.000000	98.072267 
2800.000000	98.074383 
2799.000000	98.077677 
2798.000000	98.080415 
2797.000000	98.081056 
2796.000000	98.079763 
2795.000000	98.078142 
2794.000000	98.077728 
2793.000000	98.078857 
2792.000000	98.080888 
2791.000000	98.082963 
2790.000000	98.084531 
2789.000000	98.085505 
2788.000000	98.086191 
2787.000000	98.087031 
2786.000000	98.088296 
2785.000000	98.089947 
2784.000000	98.091719 
2783.000000	98.093324 
2782.000000	98.094619 
2781.000000	98.095685 
2780.000000	98.096713 
2779.000000	98.097838 
2778.000000	98.099066 
2777.000000	98.100329 
2776.000000	98.101550 
2775.000000	98.102693 
2774.000000	98.103775 
2773.000000	98.104844 
2772.000000	98.105922 
2771.000000	98.106997 
2770.000000	98.108065 
2769.000000	98.109148 
2768.000000	98.110262 
2767.000000	98.111380 
2766.000000	98.112455 
2765.000000	98.113477 
2764.000000	98.114481 
2763.000000	98.115499 
2762.000000	98.116517 
2761.000000	98.117507 
2760.000000	98.118475 
2759.000000	98.119463 
2758.000000	98.120489 
2757.000000	98.121508 
2756.000000	98.122454 
2755.000000	98.123312 
2754.000000	98.124135 
2753.000000	98.124996 
2752.000000	98.125914 
2751.000000	98.126849 
2750.000000	98.127750 
2749.000000	98.128619 
2748.000000	98.129469 
2747.000000	98.130256 
2746.000000	98.130939 
2745.000000	98.131547 
2744.000000	98.132176 
2743.000000	98.132890 
2742.000000	98.133679 
2741.000000	98.134487 
2740.000000	98.135283 
2739.000000	98.136082 
2738.000000	98.136890 
2737.000000	98.137689 
2736.000000	98.138472 
2735.000000	98.139251 
2734.000000	98.140038 
2733.000000	98.140829 
2732.000000	98.141618 
2731.000000	98.142404 
2730.000000	98.143188 
2729.000000	98.143971 
2728.000000	98.144746 
2727.000000	98.145508 
2726.000000	98.146254 
2725.000000	98.146985 
2724.000000	98.147708 
2723.000000	98.148429 
2722.000000	98.149148 
2721.000000	98.149864 
2720.000000	98.150578 
2719.000000	98.151294 
2718.000000	98.152014 
2717.000000	98.152733 
2716.000000	98.153449 
2715.000000	98.154162 
2714.000000	98.154878 
2713.000000	98.155604 
2712.000000	98.156342 
2711.000000	98.157088 
2710.000000	98.157833 
2709.000000	98.158576 
2708.000000	98.159320 
2707.000000	98.160067 
2706.000000	98.160818 
2705.000000	98.161570 
2704.000000	98.162316 
2703.000000	98.163052 
2702.000000	98.163773 
2701.000000	98.164477 
2700.000000	98.165164 
2699.000000	98.165834 
2698.000000	98.166481 
2697.000000	98.167096 
2696.000000	98.167672 
2695.000000	98.168210 
2694.000000	98.168716 
2693.000000	98.169197 
2692.000000	98.169658 
2691.000000	98.170107 
2690.000000	98.170552 
2689.000000	98.170994 
2688.000000	98.171421 
2687.000000	98.171802 
2686.000000	98.172120 
2685.000000	98.172400 
2684.000000	98.172701 
2683.000000	98.173038 
2682.000000	98.173348 
2681.000000	98.173570 
2680.000000	98.173749 
2679.000000	98.173989 
2678.000000	98.174316 
2677.000000	98.174690 
2676.000000	98.175100 
2675.000000	98.175513 
2674.000000	98.175766 
2673.000000	98.175716 
2672.000000	98.175497 
2671.000000	98.175362 
2670.000000	98.175304 
2669.000000	98.175114 
2668.000000	98.174780 
2667.000000	98.174569 
2666.000000	98.174608 
2665.000000	98.174620 
2664.000000	98.174265 
2663.000000	98.173601 
2662.000000	98.173061 
2661.000000	98.172930 
2660.000000	98.173039 
2659.000000	98.172982 
2658.000000	98.172554 
2657.000000	98.171880 
2656.000000	98.171221 
2655.000000	98.170702 
2654.000000	98.170230 
2653.000000	98.169659 
2652.000000	98.169023 
2651.000000	98.168580 
2650.000000	98.168592 
2649.000000	98.169032 
2648.000000	98.169543 
2647.000000	98.169690 
2646.000000	98.169249 
2645.000000	98.168268 
2644.000000	98.166999 
2643.000000	98.165799 
2642.000000	98.164997 
2641.000000	98.164727 
2640.000000	98.164825 
2639.000000	98.164968 
2638.000000	98.164957 
2637.000000	98.164840 
2636.000000	98.164785 
2635.000000	98.164921 
2634.000000	98.165296 
2633.000000	98.165822 
2632.000000	98.166211 
2631.000000	98.166112 
2630.000000	98.165443 
2629.000000	98.164527 
2628.000000	98.163838 
2627.000000	98.163572 
2626.000000	98.163630 
2625.000000	98.163901 
2624.000000	98.164396 
2623.000000	98.165073 
2622.000000	98.165664 
2621.000000	98.165778 
2620.000000	98.165150 
2619.000000	98.163800 
2618.000000	98.162141 
2617.000000	98.160889 
2616.000000	98.160534 
2615.000000	98.160953 
2614.000000	98.161538 
2613.000000	98.161848 
2612.000000	98.161994 
2611.000000	98.162288 
2610.000000	98.162808 
2609.000000	98.163371 
2608.000000	98.163766 
2607.000000	98.163920 
2606.000000	98.163964 
2605.000000	98.164148 
2604.000000	98.164521 
2603.000000	98.164751 
2602.000000	98.164507 
2601.000000	98.163975 
2600.000000	98.163680 
2599.000000	98.163783 
2598.000000	98.163927 
2597.000000	98.163854 
2596.000000	98.163770 
2595.000000	98.163886 
2594.000000	98.163954 
2593.000000	98.163669 
2592.000000	98.163258 
2591.000000	98.163199 
2590.000000	98.163452 
2589.000000	98.163540 
2588.000000	98.163409 
2587.000000	98.163620 
2586.000000	98.164479 
2585.000000	98.165549 
2584.000000	98.166224 
2583.000000	98.166410 
2582.000000	98.166338 
2581.000000	98.166113 
2580.000000	98.165765 
2579.000000	98.165525 
2578.000000	98.165703 
2577.000000	98.166311 
2576.000000	98.166975 
2575.000000	98.167215 
2574.000000	98.166778 
2573.000000	98.165805 
2572.000000	98.164732 
2571.000000	98.163906 
2570.000000	98.163344 
2569.000000	98.162984 
2568.000000	98.163064 
2567.000000	98.163900 
2566.000000	98.165253 
2565.000000	98.166310 
2564.000000	98.166495 
2563.000000	98.166020 
2562.000000	98.165552 
2561.000000	98.165556 
2560.000000	98.166142 
2559.000000	98.167257 
2558.000000	98.168651 
2557.000000	98.169781 
2556.000000	98.170170 
2555.000000	98.169875 
2554.000000	98.169401 
2553.000000	98.169103 
2552.000000	98.168920 
2551.000000	98.168824 
2550.000000	98.169055 
2549.000000	98.169612 
2548.000000	98.169826 
2547.000000	98.169008 
2546.000000	98.167402 
2545.000000	98.166114 
2544.000000	98.165834 
2543.000000	98.166071 
2542.000000	98.165888 
2541.000000	98.165174 
2540.000000	98.164672 
2539.000000	98.164861 
2538.000000	98.165399 
2537.000000	98.165786 
2536.000000	98.166094 
2535.000000	98.166642 
2534.000000	98.167230 
2533.000000	98.167213 
2532.000000	98.166346 
2531.000000	98.165167 
2530.000000	98.164410 
2529.000000	98.164184 
2528.000000	98.163986 
2527.000000	98.163397 
2526.000000	98.162646 
2525.000000	98.162375 
2524.000000	98.162935 
2523.000000	98.164024 
2522.000000	98.164994 
2521.000000	98.165459 
2520.000000	98.165516 
2519.000000	98.165445 
2518.000000	98.165364 
2517.000000	98.165149 
2516.000000	98.164577 
2515.000000	98.163588 
2514.000000	98.162539 
2513.000000	98.162119 
2512.000000	98.162758 
2511.000000	98.164214 
2510.000000	98.165809 
2509.000000	98.167075 
2508.000000	98.167976 
2507.000000	98.168594 
2506.000000	98.168986 
2505.000000	98.169377 
2504.000000	98.170097 
2503.000000	98.171129 
2502.000000	98.171969 
2501.000000	98.172190 
2500.000000	98.171941 
2499.000000	98.171769 
2498.000000	98.172049 
2497.000000	98.172752 
2496.000000	98.173680 
2495.000000	98.174662 
2494.000000	98.175510 
2493.000000	98.176012 
2492.000000	98.176127 
2491.000000	98.176119 
2490.000000	98.176382 
2489.000000	98.177046 
2488.000000	98.177867 
2487.000000	98.178494 
2486.000000	98.178846 
2485.000000	98.179147 
2484.000000	98.179627 
2483.000000	98.180266 
2482.000000	98.180870 
2481.000000	98.181316 
2480.000000	98.181653 
2479.000000	98.182014 
2478.000000	98.182516 
2477.000000	98.183192 
2476.000000	98.183887 
2475.000000	98.184262 
2474.000000	98.184079 
2473.000000	98.183505 
2472.000000	98.182968 
2471.000000	98.182685 
2470.000000	98.182569 
2469.000000	98.182616 
2468.000000	98.183081 
2467.000000	98.184063 
2466.000000	98.185154 
2465.000000	98.185788 
2464.000000	98.185896 
2463.000000	98.185964 
2462.000000	98.186512 
2461.000000	98.187705 
2460.000000	98.189363 
2459.000000	98.191118 
2458.000000	98.192497 
2457.000000	98.192980 
2456.000000	98.192128 
2455.000000	98.189932 
2454.000000	98.187251 
2453.000000	98.185434 
2452.000000	98.185082 
2451.000000	98.185437 
2450.000000	98.185400 
2449.000000	98.185050 
2448.000000	98.185385 
2447.000000	98.186688 
2446.000000	98.188032 
2445.000000	98.188608 
2444.000000	98.188647 
2443.000000	98.188674 
2442.000000	98.188684 
2441.000000	98.188482 
2440.000000	98.188285 
2439.000000	98.188557 
2438.000000	98.189575 
2437.000000	98.191381 
2436.000000	98.193708 
2435.000000	98.195806 
2434.000000	98.196904 
2433.000000	98.197068 
2432.000000	98.197165 
2431.000000	98.197800 
2430.000000	98.198840 
2429.000000	98.200050 
2428.000000	98.201376 
2427.000000	98.202367 
2426.000000	98.202153 
2425.000000	98.200471 
2424.000000	98.198243 
2423.000000	98.196723 
2422.000000	98.196347 
2421.000000	98.196946 
2420.000000	98.198395 
2419.000000	98.200504 
2418.000000	98.202638 
2417.000000	98.204201 
2416.000000	98.205218 
2415.000000	98.205977 
2414.000000	98.206549 
2413.000000	98.207120 
2412.000000	98.208200 
2411.000000	98.209836 
2410.000000	98.211104 
2409.000000	98.211272 
2408.000000	98.211078 
2407.000000	98.211799 
2406.000000	98.213312 
2405.000000	98.214159 
2404.000000	98.213480 
2403.000000	98.211923 
2402.000000	98.210596 
2401.000000	98.210124 
2400.000000	98.210865 
2399.000000	98.213028 
2398.000000	98.216236 
2397.000000	98.219641 
2396.000000	98.222581 
2395.000000	98.224584 
2394.000000	98.224980 
2393.000000	98.223702 
2392.000000	98.222120 
2391.000000	98.222108 
2390.000000	98.223916 
2389.000000	98.226091 
2388.000000	98.227387 
2387.000000	98.227922 
2386.000000	98.228343 
2385.000000	98.228868 
2384.000000	98.229416 
2383.000000	98.229772 
2382.000000	98.229470 
2381.000000	98.228190 
2380.000000	98.226438 
2379.000000	98.225265 
2378.000000	98.224990 
2377.000000	98.224808 
2376.000000	98.224047 
2375.000000	98.223244 
2374.000000	98.223363 
2373.000000	98.224319 
2372.000000	98.225044 
2371.000000	98.224917 
2370.000000	98.224306 
2369.000000	98.223578 
2368.000000	98.222439 
2367.000000	98.220610 
2366.000000	98.218390 
2365.000000	98.216301 
2364.000000	98.214643 
2363.000000	98.213504 
2362.000000	98.212946 
2361.000000	98.212948 
2360.000000	98.213177 
2359.000000	98.213243 
2358.000000	98.212974 
2357.000000	98.212417 
2356.000000	98.211721 
2355.000000	98.210980 
2354.000000	98.210234 
2353.000000	98.209549 
2352.000000	98.208982 
2351.000000	98.208502 
2350.000000	98.208045 
2349.000000	98.207579 
2348.000000	98.207111 
2347.000000	98.206670 
2346.000000	98.206301 
2345.000000	98.206020 
2344.000000	98.205819 
2343.000000	98.205670 
2342.000000	98.205552 
2341.000000	98.205460 
2340.000000	98.205403 
2339.000000	98.205393 
2338.000000	98.205415 
2337.000000	98.205429 
2336.000000	98.205426 
2335.000000	98.205445 
2334.000000	98.205467 
2333.000000	98.205422 
2332.000000	98.205383 
2331.000000	98.205606 
2330.000000	98.206126 
2329.000000	98.206686 
2328.000000	98.207058 
2327.000000	98.207210 
2326.000000	98.207187 
2325.000000	98.206960 
2324.000000	98.206888 
2323.000000	98.207445 
2322.000000	98.208525 
2321.000000	98.209262 
2320.000000	98.209258 
2319.000000	98.209516 
2318.000000	98.210991 
2317.000000	98.213199 
2316.000000	98.214554 
2315.000000	98.214589 
2314.000000	98.214163 
2313.000000	98.214341 
2312.000000	98.215473 
2311.000000	98.217477 
2310.000000	98.219451 
2309.000000	98.219688 
2308.000000	98.217650 
2307.000000	98.215142 
2306.000000	98.214325 
2305.000000	98.214959 
2304.000000	98.215308 
2303.000000	98.214754 
2302.000000	98.214500 
2301.000000	98.215487 
2300.000000	98.216891 
2299.000000	98.216986 
2298.000000	98.214440 
2297.000000	98.208782 
2296.000000	98.201041 
2295.000000	98.193546 
2294.000000	98.188508 
2293.000000	98.186170 
2292.000000	98.185276 
2291.000000	98.184501 
2290.000000	98.183408 
2289.000000	98.182039 
2288.000000	98.180448 
2287.000000	98.178275 
2286.000000	98.174996 
2285.000000	98.170887 
2284.000000	98.167522 
2283.000000	98.166412 
2282.000000	98.167118 
2281.000000	98.167530 
2280.000000	98.166042 
2279.000000	98.162692 
2278.000000	98.158319 
2277.000000	98.153921 
2276.000000	98.150720 
2275.000000	98.149568 
2274.000000	98.149933 
2273.000000	98.150641 
2272.000000	98.151487 
2271.000000	98.152862 
2270.000000	98.154103 
2269.000000	98.153886 
2268.000000	98.152276 
2267.000000	98.150765 
2266.000000	98.150092 
2265.000000	98.149498 
2264.000000	98.148312 
2263.000000	98.146755 
2262.000000	98.144941 
2261.000000	98.142457 
2260.000000	98.139467 
2259.000000	98.136965 
2258.000000	98.135481 
2257.000000	98.134547 
2256.000000	98.133828 
2255.000000	98.133771 
2254.000000	98.134549 
2253.000000	98.135132 
2252.000000	98.134277 
2251.000000	98.131932 
2250.000000	98.128924 
2249.000000	98.125943 
2248.000000	98.123327 
2247.000000	98.121391 
2246.000000	98.120197 
2245.000000	98.119282 
2244.000000	98.118059 
2243.000000	98.116445 
2242.000000	98.114778 
2241.000000	98.113368 
2240.000000	98.112263 
2239.000000	98.111353 
2238.000000	98.110470 
2237.000000	98.109458 
2236.000000	98.108267 
2235.000000	98.106965 
2234.000000	98.105634 
2233.000000	98.104308 
2232.000000	98.102982 
2231.000000	98.101646 
2230.000000	98.100288 
2229.000000	98.098894 
2228.000000	98.097468 
2227.000000	98.096019 
2226.000000	98.094554 
2225.000000	98.093067 
2224.000000	98.091554 
2223.000000	98.090025 
2222.000000	98.088507 
2221.000000	98.087019 
2220.000000	98.085563 
2219.000000	98.084118 
2218.000000	98.082667 
2217.000000	98.081203 
2216.000000	98.079730 
2215.000000	98.078248 
2214.000000	98.076754 
2213.000000	98.075247 
2212.000000	98.073734 
2211.000000	98.072241 
2210.000000	98.070794 
2209.000000	98.069401 
2208.000000	98.068050 
2207.000000	98.066720 
2206.000000	98.065393 
2205.000000	98.064050 
2204.000000	98.062681 
2203.000000	98.061345 
2202.000000	98.060179 
2201.000000	98.059184 
2200.000000	98.058009 
2199.000000	98.056213 
2198.000000	98.053742 
2197.000000	98.051082 
2196.000000	98.048811 
2195.000000	98.047128 
2194.000000	98.045789 
2193.000000	98.044530 
2192.000000	98.043485 
2191.000000	98.042892 
2190.000000	98.042417 
2189.000000	98.041294 
2188.000000	98.039378 
2187.000000	98.037324 
2186.000000	98.035257 
2185.000000	98.032274 
2184.000000	98.028432 
2183.000000	98.026300 
2182.000000	98.028506 
2181.000000	98.034185 
2180.000000	98.038823 
2179.000000	98.038878 
2178.000000	98.034838 
2177.000000	98.030019 
2176.000000	98.027310 
2175.000000	98.027372 
2174.000000	98.029142 
2173.000000	98.031016 
2172.000000	98.032301 
2171.000000	98.033846 
2170.000000	98.036430 
2169.000000	98.038681 
2168.000000	98.038198 
2167.000000	98.034904 
2166.000000	98.031258 
2165.000000	98.028418 
2164.000000	98.024452 
2163.000000	98.017926 
2162.000000	98.011549 
2161.000000	98.010195 
2160.000000	98.016308 
2159.000000	98.028645 
2158.000000	98.044111 
2157.000000	98.059364 
2156.000000	98.071465 
2155.000000	98.078591 
2154.000000	98.080803 
2153.000000	98.080489 
2152.000000	98.081271 
2151.000000	98.084857 
2150.000000	98.088967 
2149.000000	98.090057 
2148.000000	98.088551 
2147.000000	98.089051 
2146.000000	98.094283 
2145.000000	98.101746 
2144.000000	98.108469 
2143.000000	98.115971 
2142.000000	98.126824 
2141.000000	98.138719 
2140.000000	98.146546 
2139.000000	98.149697 
2138.000000	98.152940 
2137.000000	98.159576 
2136.000000	98.167530 
2135.000000	98.172638 
2134.000000	98.172733 
2133.000000	98.168663 
2132.000000	98.163940 
2131.000000	98.162801 
2130.000000	98.166432 
2129.000000	98.171364 
2128.000000	98.173351 
2127.000000	98.172475 
2126.000000	98.172587 
2125.000000	98.176155 
2124.000000	98.181615 
2123.000000	98.185705 
2122.000000	98.186456 
2121.000000	98.183758 
2120.000000	98.178732 
2119.000000	98.173068 
2118.000000	98.168184 
2117.000000	98.164702 
2116.000000	98.162623 
2115.000000	98.161351 
2114.000000	98.159454 
2113.000000	98.155848 
2112.000000	98.152006 
2111.000000	98.151271 
2110.000000	98.154713 
2109.000000	98.159348 
2108.000000	98.161781 
2107.000000	98.162180 
2106.000000	98.162792 
2105.000000	98.164274 
2104.000000	98.165762 
2103.000000	98.167059 
2102.000000	98.168072 
2101.000000	98.167109 
2100.000000	98.162673 
2099.000000	98.156742 
2098.000000	98.153820 
2097.000000	98.156001 
2096.000000	98.161295 
2095.000000	98.166348 
2094.000000	98.169444 
2093.000000	98.170497 
2092.000000	98.169709 
2091.000000	98.167592 
2090.000000	98.165383 
2089.000000	98.164270 
2088.000000	98.164224 
2087.000000	98.164084 
2086.000000	98.162752 
2085.000000	98.160112 
2084.000000	98.156981 
2083.000000	98.154368 
2082.000000	98.152693 
2081.000000	98.151715 
2080.000000	98.151167 
2079.000000	98.151132 
2078.000000	98.151521 
2077.000000	98.151578 
2076.000000	98.150575 
2075.000000	98.148793 
2074.000000	98.147058 
2073.000000	98.145324 
2072.000000	98.142754 
2071.000000	98.139232 
2070.000000	98.135768 
2069.000000	98.133290 
2068.000000	98.131829 
2067.000000	98.130915 
2066.000000	98.130117 
2065.000000	98.129007 
2064.000000	98.127162 
2063.000000	98.124581 
2062.000000	98.121855 
2061.000000	98.119745 
2060.000000	98.118604 
2059.000000	98.118335 
2058.000000	98.118508 
2057.000000	98.118330 
2056.000000	98.117062 
2055.000000	98.114537 
2054.000000	98.111326 
2053.000000	98.108364 
2052.000000	98.106143 
2051.000000	98.104460 
2050.000000	98.102803 
2049.000000	98.100909 
2048.000000	98.098970 
2047.000000	98.097348 
2046.000000	98.096163 
2045.000000	98.095208 
2044.000000	98.094251 
2043.000000	98.093296 
2042.000000	98.092507 
2041.000000	98.091967 
2040.000000	98.091676 
2039.000000	98.091699 
2038.000000	98.092029 
2037.000000	98.092306 
2036.000000	98.092018 
2035.000000	98.091055 
2034.000000	98.089930 
2033.000000	98.089372 
2032.000000	98.089667 
2031.000000	98.090460 
2030.000000	98.090968 
2029.000000	98.090569 
2028.000000	98.089248 
2027.000000	98.087602 
2026.000000	98.086302 
2025.000000	98.085581 
2024.000000	98.085414 
2023.000000	98.085936 
2022.000000	98.087383 
2021.000000	98.089531 
2020.000000	98.091402 
2019.000000	98.091888 
2018.000000	98.090513 
2017.000000	98.087676 
2016.000000	98.084526 
2015.000000	98.082246 
2014.000000	98.081185 
2013.000000	98.080624 
2012.000000	98.079674 
2011.000000	98.078685 
2010.000000	98.078912 
2009.000000	98.080660 
2008.000000	98.082569 
2007.000000	98.083204 
2006.000000	98.082618 
2005.000000	98.081705 
2004.000000	98.080900 
2003.000000	98.080312 
2002.000000	98.080489 
2001.000000	98.081740 
2000.000000	98.082928 
1999.000000	98.082156 
1998.000000	98.078695 
1997.000000	98.073720 
1996.000000	98.069366 
1995.000000	98.067067 
1994.000000	98.066883 
1993.000000	98.067675 
1992.000000	98.067844 
1991.000000	98.066773 
1990.000000	98.065485 
1989.000000	98.065431 
1988.000000	98.066617 
1987.000000	98.067314 
1986.000000	98.065839 
1985.000000	98.062357 
1984.000000	98.058719 
1983.000000	98.056602 
1982.000000	98.056161 
1981.000000	98.056399 
1980.000000	98.056591 
1979.000000	98.056941 
1978.000000	98.057656 
1977.000000	98.058222 
1976.000000	98.058119 
1975.000000	98.057883 
1974.000000	98.058837 
1973.000000	98.061794 
1972.000000	98.066251 
1971.000000	98.070696 
1970.000000	98.073606 
1969.000000	98.074215 
1968.000000	98.072722 
1967.000000	98.070286 
1966.000000	98.068671 
1965.000000	98.069200 
1964.000000	98.072048 
1963.000000	98.076378 
1962.000000	98.080980 
1961.000000	98.084847 
1960.000000	98.087325 
1959.000000	98.088177 
1958.000000	98.087974 
1957.000000	98.088116 
1956.000000	98.089707 
1955.000000	98.092426 
1954.000000	98.094849 
1953.000000	98.096075 
1952.000000	98.096464 
1951.000000	98.096755 
1950.000000	98.097276 
1949.000000	98.098285 
1948.000000	98.100288 
1947.000000	98.103408 
1946.000000	98.106773 
1945.000000	98.109157 
1944.000000	98.110132 
1943.000000	98.110174 
1942.000000	98.110039 
1941.000000	98.110229 
1940.000000	98.111013 
1939.000000	98.112422 
1938.000000	98.114163 
1937.000000	98.115979 
1936.000000	98.118012 
1935.000000	98.120329 
1934.000000	98.122368 
1933.000000	98.123590 
1932.000000	98.124457 
1931.000000	98.126099 
1930.000000	98.128984 
1929.000000	98.132122 
1928.000000	98.134344 
1927.000000	98.135734 
1926.000000	98.137105 
1925.000000	98.138545 
1924.000000	98.139255 
1923.000000	98.139023 
1922.000000	98.138577 
1921.000000	98.138401 
1920.000000	98.138453 
1919.000000	98.138798 
1918.000000	98.139485 
1917.000000	98.140008 
1916.000000	98.139856 
1915.000000	98.139682 
1914.000000	98.140542 
1913.000000	98.142342 
1912.000000	98.143993 
1911.000000	98.145066 
1910.000000	98.146245 
1909.000000	98.147884 
1908.000000	98.149483 
1907.000000	98.150483 
1906.000000	98.150796 
1905.000000	98.150458 
1904.000000	98.149507 
1903.000000	98.148674 
1902.000000	98.148894 
1901.000000	98.150035 
1900.000000	98.151197 
1899.000000	98.151990 
1898.000000	98.152762 
1897.000000	98.153715 
1896.000000	98.154444 
1895.000000	98.154639 
1894.000000	98.154523 
1893.000000	98.154425 
1892.000000	98.154428 
1891.000000	98.154525 
1890.000000	98.154804 
1889.000000	98.155332 
1888.000000	98.156061 
1887.000000	98.156950 
1886.000000	98.157927 
1885.000000	98.158759 
1884.000000	98.159260 
1883.000000	98.159516 
1882.000000	98.159826 
1881.000000	98.160406 
1880.000000	98.161229 
1879.000000	98.162127 
1878.000000	98.162969 
1877.000000	98.163799 
1876.000000	98.164734 
1875.000000	98.165835 
1874.000000	98.167087 
1873.000000	98.168390 
1872.000000	98.169613 
1871.000000	98.170692 
1870.000000	98.171631 
1869.000000	98.172480 
1868.000000	98.173329 
1867.000000	98.174290 
1866.000000	98.175390 
1865.000000	98.176524 
1864.000000	98.177584 
1863.000000	98.178616 
1862.000000	98.179776 
1861.000000	98.181114 
1860.000000	98.182524 
1859.000000	98.183925 
1858.000000	98.185366 
1857.000000	98.186866 
1856.000000	98.188367 
1855.000000	98.189839 
1854.000000	98.191305 
1853.000000	98.192776 
1852.000000	98.194258 
1851.000000	98.195783 
1850.000000	98.197366 
1849.000000	98.198973 
1848.000000	98.200545 
1847.000000	98.202064 
1846.000000	98.203550 
1845.000000	98.205006 
1844.000000	98.206405 
1843.000000	98.207761 
1842.000000	98.209130 
1841.000000	98.210536 
1840.000000	98.211971 
1839.000000	98.213406 
1838.000000	98.214798 
1837.000000	98.216085 
1836.000000	98.217222 
1835.000000	98.218237 
1834.000000	98.219250 
1833.000000	98.220349 
1832.000000	98.221514 
1831.000000	98.222562 
1830.000000	98.223240 
1829.000000	98.223612 
1828.000000	98.224100 
1827.000000	98.224996 
1826.000000	98.226245 
1825.000000	98.227483 
1824.000000	98.228390 
1823.000000	98.228945 
1822.000000	98.229496 
1821.000000	98.230299 
1820.000000	98.231078 
1819.000000	98.231358 
1818.000000	98.231525 
1817.000000	98.232489 
1816.000000	98.233835 
1815.000000	98.234606 
1814.000000	98.235087 
1813.000000	98.236458 
1812.000000	98.238402 
1811.000000	98.238565 
1810.000000	98.236599 
1809.000000	98.234875 
1808.000000	98.234353 
1807.000000	98.234149 
1806.000000	98.234445 
1805.000000	98.236114 
1804.000000	98.237831 
1803.000000	98.237100 
1802.000000	98.233452 
1801.000000	98.229641 
1800.000000	98.227971 
1799.000000	98.227457 
1798.000000	98.227320 
1797.000000	98.227342 
1796.000000	98.226106 
1795.000000	98.223295 
1794.000000	98.220998 
1793.000000	98.221218 
1792.000000	98.222454 
1791.000000	98.221966 
1790.000000	98.221418 
1789.000000	98.223882 
1788.000000	98.229009 
1787.000000	98.233715 
1786.000000	98.236229 
1785.000000	98.237187 
1784.000000	98.237323 
1783.000000	98.237787 
1782.000000	98.239190 
1781.000000	98.240894 
1780.000000	98.242383 
1779.000000	98.243696 
1778.000000	98.246003 
1777.000000	98.249055 
1776.000000	98.251144 
1775.000000	98.251669 
1774.000000	98.251031 
1773.000000	98.250229 
1772.000000	98.250730 
1771.000000	98.252075 
1770.000000	98.252598 
1769.000000	98.252745 
1768.000000	98.253709 
1767.000000	98.255247 
1766.000000	98.256409 
1765.000000	98.257535 
1764.000000	98.259763 
1763.000000	98.262431 
1762.000000	98.263527 
1761.000000	98.263231 
1760.000000	98.263266 
1759.000000	98.263909 
1758.000000	98.264326 
1757.000000	98.263779 
1756.000000	98.263639 
1755.000000	98.264613 
1754.000000	98.265227 
1753.000000	98.264465 
1752.000000	98.263444 
1751.000000	98.264159 
1750.000000	98.266674 
1749.000000	98.269113 
1748.000000	98.270514 
1747.000000	98.271819 
1746.000000	98.273030 
1745.000000	98.273612 
1744.000000	98.273996 
1743.000000	98.274274 
1742.000000	98.273816 
1741.000000	98.272953 
1740.000000	98.272943 
1739.000000	98.274066 
1738.000000	98.274741 
1737.000000	98.274302 
1736.000000	98.273824 
1735.000000	98.273601 
1734.000000	98.273184 
1733.000000	98.273028 
1732.000000	98.273616 
1731.000000	98.275576 
1730.000000	98.279087 
1729.000000	98.281695 
1728.000000	98.282287 
1727.000000	98.281951 
1726.000000	98.281855 
1725.000000	98.281992 
1724.000000	98.282003 
1723.000000	98.281689 
1722.000000	98.281601 
1721.000000	98.281908 
1720.000000	98.282431 
1719.000000	98.282260 
1718.000000	98.281063 
1717.000000	98.280621 
1716.000000	98.280204 
1715.000000	98.278122 
1714.000000	98.276375 
1713.000000	98.276481 
1712.000000	98.277121 
1711.000000	98.277180 
1710.000000	98.276973 
1709.000000	98.276716 
1708.000000	98.276239 
1707.000000	98.275633 
1706.000000	98.275233 
1705.000000	98.274864 
1704.000000	98.273220 
1703.000000	98.270217 
1702.000000	98.267124 
1701.000000	98.265367 
1700.000000	98.264744 
1699.000000	98.263545 
1698.000000	98.262098 
1697.000000	98.261638 
1696.000000	98.261733 
1695.000000	98.261332 
1694.000000	98.260320 
1693.000000	98.259124 
1692.000000	98.258029 
1691.000000	98.256903 
1690.000000	98.255585 
1689.000000	98.254033 
1688.000000	98.252372 
1687.000000	98.250787 
1686.000000	98.249380 
1685.000000	98.248086 
1684.000000	98.246598 
1683.000000	98.244912 
1682.000000	98.243162 
1681.000000	98.241344 
1680.000000	98.239546 
1679.000000	98.237771 
1678.000000	98.236000 
1677.000000	98.234193 
1676.000000	98.232419 
1675.000000	98.230758 
1674.000000	98.229042 
1673.000000	98.227048 
1672.000000	98.224973 
1671.000000	98.223229 
1670.000000	98.221912 
1669.000000	98.220535 
1668.000000	98.218924 
1667.000000	98.217377 
1666.000000	98.215877 
1665.000000	98.214406 
1664.000000	98.213176 
1663.000000	98.212375 
1662.000000	98.211564 
1661.000000	98.209575 
1660.000000	98.206811 
1659.000000	98.204790 
1658.000000	98.204010 
1657.000000	98.202704 
1656.000000	98.200642 
1655.000000	98.199146 
1654.000000	98.198006 
1653.000000	98.196213 
1652.000000	98.194435 
1651.000000	98.191093 
1650.000000	98.185329 
1649.000000	98.181744 
1648.000000	98.179855 
1647.000000	98.178678 
1646.000000	98.177849 
1645.000000	98.178751 
1644.000000	98.178721 
1643.000000	98.177736 
1642.000000	98.177021 
1641.000000	98.176672 
1640.000000	98.175866 
1639.000000	98.174024 
1638.000000	98.172278 
1637.000000	98.171392 
1636.000000	98.170907 
1635.000000	98.172582 
1634.000000	98.175952 
1633.000000	98.177385 
1632.000000	98.176121 
1631.000000	98.174572 
1630.000000	98.175304 
1629.000000	98.177783 
1628.000000	98.179568 
1627.000000	98.180320 
1626.000000	98.181115 
1625.000000	98.182161 
1624.000000	98.183366 
1623.000000	98.185455 
1622.000000	98.188409 
1621.000000	98.189673 
1620.000000	98.188876 
1619.000000	98.188875 
1618.000000	98.191636 
1617.000000	98.194834 
1616.000000	98.195504 
1615.000000	98.195344 
1614.000000	98.196089 
1613.000000	98.196936 
1612.000000	98.196756 
1611.000000	98.196633 
1610.000000	98.198104 
1609.000000	98.200498 
1608.000000	98.203112 
1607.000000	98.207183 
1606.000000	98.212350 
1605.000000	98.215871 
1604.000000	98.217761 
1603.000000	98.220276 
1602.000000	98.223559 
1601.000000	98.225458 
1600.000000	98.225964 
1599.000000	98.227752 
1598.000000	98.231225 
1597.000000	98.233958 
1596.000000	98.235043 
1595.000000	98.236850 
1594.000000	98.240995 
1593.000000	98.245104 
1592.000000	98.246812 
1591.000000	98.247643 
1590.000000	98.249695 
1589.000000	98.251759 
1588.000000	98.252812 
1587.000000	98.254971 
1586.000000	98.259169 
1585.000000	98.261243 
1584.000000	98.259610 
1583.000000	98.259519 
1582.000000	98.263234 
1581.000000	98.266322 
1580.000000	98.266239 
1579.000000	98.267461 
1578.000000	98.273560 
1577.000000	98.280347 
1576.000000	98.282198 
1575.000000	98.282590 
1574.000000	98.282860 
1573.000000	98.280666 
1572.000000	98.280072 
1571.000000	98.284463 
1570.000000	98.289136 
1569.000000	98.283871 
1568.000000	98.272449 
1567.000000	98.265316 
1566.000000	98.264462 
1565.000000	98.263906 
1564.000000	98.262414 
1563.000000	98.261348 
1562.000000	98.260956 
1561.000000	98.257770 
1560.000000	98.252692 
1559.000000	98.245165 
1558.000000	98.242754 
1557.000000	98.245331 
1556.000000	98.239316 
1555.000000	98.236009 
1554.000000	98.231621 
1553.000000	98.227395 
1552.000000	98.222616 
1551.000000	98.217288 
1550.000000	98.206915 
1549.000000	98.192411 
1548.000000	98.179579 
1547.000000	98.172991 
1546.000000	98.169439 
1545.000000	98.161659 
1544.000000	98.147887 
1543.000000	98.133363 
1542.000000	98.124753 
1541.000000	98.122365 
1540.000000	98.114658 
1539.000000	98.100873 
1538.000000	98.085350 
1537.000000	98.064728 
1536.000000	98.043165 
1535.000000	98.027288 
1534.000000	98.019182 
1533.000000	98.013418 
1532.000000	98.004348 
1531.000000	97.989497 
1530.000000	97.973140 
1529.000000	97.959511 
1528.000000	97.947141 
1527.000000	97.933018 
1526.000000	97.916267 
1525.000000	97.898456 
1524.000000	97.882501 
1523.000000	97.870794 
1522.000000	97.861997 
1521.000000	97.850572 
1520.000000	97.832609 
1519.000000	97.810022 
1518.000000	97.787773 
1517.000000	97.768363 
1516.000000	97.750580 
1515.000000	97.733741 
1514.000000	97.718331 
1513.000000	97.705621 
1512.000000	97.693919 
1511.000000	97.678310 
1510.000000	97.657144 
1509.000000	97.634287 
1508.000000	97.614504 
1507.000000	97.596970 
1506.000000	97.582834 
1505.000000	97.570211 
1504.000000	97.552549 
1503.000000	97.531567 
1502.000000	97.509813 
1501.000000	97.489291 
1500.000000	97.470582 
1499.000000	97.453123 
1498.000000	97.435221 
1497.000000	97.418340 
1496.000000	97.404366 
1495.000000	97.390968 
1494.000000	97.375844 
1493.000000	97.360541 
1492.000000	97.348026 
1491.000000	97.338554 
1490.000000	97.328838 
1489.000000	97.316577 
1488.000000	97.300754 
1487.000000	97.280939 
1486.000000	97.260151 
1485.000000	97.238976 
1484.000000	97.217134 
1483.000000	97.197211 
1482.000000	97.180882 
1481.000000	97.166577 
1480.000000	97.150463 
1479.000000	97.131899 
1478.000000	97.113673 
1477.000000	97.097551 
1476.000000	97.080565 
1475.000000	97.060816 
1474.000000	97.042994 
1473.000000	97.032991 
1472.000000	97.029344 
1471.000000	97.022759 
1470.000000	97.008557 
1469.000000	96.989809 
1468.000000	96.970188 
1467.000000	96.951737 
1466.000000	96.937449 
1465.000000	96.929136 
1464.000000	96.923965 
1463.000000	96.914260 
1462.000000	96.896329 
1461.000000	96.874140 
1460.000000	96.854333 
1459.000000	96.841896 
1458.000000	96.835438 
1457.000000	96.831388 
1456.000000	96.826976 
1455.000000	96.815533 
1454.000000	96.795177 
1453.000000	96.775320 
1452.000000	96.762361 
1451.000000	96.756026 
1450.000000	96.753286 
1449.000000	96.755719 
1448.000000	96.763052 
1447.000000	96.768456 
1446.000000	96.765434 
1445.000000	96.756060 
1444.000000	96.748398 
1443.000000	96.744600 
1442.000000	96.740654 
1441.000000	96.732722 
1440.000000	96.721627 
1439.000000	96.710978 
1438.000000	96.705244 
1437.000000	96.709543 
1436.000000	96.721504 
1435.000000	96.727139 
1434.000000	96.718753 
1433.000000	96.706044 
1432.000000	96.700497 
1431.000000	96.703938 
1430.000000	96.709378 
1429.000000	96.712306 
1428.000000	96.712299 
1427.000000	96.709662 
1426.000000	96.706054 
1425.000000	96.704290 
1424.000000	96.706778 
1423.000000	96.707279 
1422.000000	96.699034 
1421.000000	96.689368 
1420.000000	96.694072 
1419.000000	96.709934 
1418.000000	96.712885 
1417.000000	96.698458 
1416.000000	96.684614 
1415.000000	96.681552 
1414.000000	96.682126 
1413.000000	96.678373 
1412.000000	96.673767 
1411.000000	96.673798 
1410.000000	96.675283 
1409.000000	96.675802 
1408.000000	96.679409 
1407.000000	96.690260 
1406.000000	96.707291 
1405.000000	96.727907 
1404.000000	96.753379 
1403.000000	96.779689 
1402.000000	96.799823 
1401.000000	96.817530 
1400.000000	96.843914 
1399.000000	96.878955 
1398.000000	96.905441 
1397.000000	96.910856 
1396.000000	96.902745 
1395.000000	96.900835 
1394.000000	96.917421 
1393.000000	96.950703 
1392.000000	96.994515 
1391.000000	97.040997 
1390.000000	97.081541 
1389.000000	97.111906 
1388.000000	97.133908 
1387.000000	97.150838 
1386.000000	97.164193 
1385.000000	97.176605 
1384.000000	97.193996 
1383.000000	97.218602 
1382.000000	97.245599 
1381.000000	97.270452 
1380.000000	97.293646 
1379.000000	97.318467 
1378.000000	97.346057 
1377.000000	97.375668 
1376.000000	97.407156 
1375.000000	97.440120 
1374.000000	97.471450 
1373.000000	97.498954 
1372.000000	97.524416 
1371.000000	97.551492 
1370.000000	97.581452 
1369.000000	97.610615 
1368.000000	97.637012 
1367.000000	97.661964 
1366.000000	97.687515 
1365.000000	97.715484 
1364.000000	97.745223 
1363.000000	97.771866 
1362.000000	97.791556 
1361.000000	97.806610 
1360.000000	97.822508 
1359.000000	97.842695 
1358.000000	97.866233 
1357.000000	97.889632 
1356.000000	97.910800 
1355.000000	97.929476 
1354.000000	97.946079 
1353.000000	97.962684 
1352.000000	97.980346 
1351.000000	97.998887 
1350.000000	98.018052 
1349.000000	98.034817 
1348.000000	98.047288 
1347.000000	98.056354 
1346.000000	98.065012 
1345.000000	98.075421 
1344.000000	98.088289 
1343.000000	98.103430 
1342.000000	98.120101 
1341.000000	98.135715 
1340.000000	98.146552 
1339.000000	98.151467 
1338.000000	98.153006 
1337.000000	98.154847 
1336.000000	98.159128 
1335.000000	98.165178 
1334.000000	98.170970 
1333.000000	98.175756 
1332.000000	98.180339 
1331.000000	98.185726 
1330.000000	98.191926 
1329.000000	98.198186 
1328.000000	98.203997 
1327.000000	98.209766 
1326.000000	98.215597 
1325.000000	98.219803 
1324.000000	98.221944 
1323.000000	98.223174 
1322.000000	98.224328 
1321.000000	98.225464 
1320.000000	98.227389 
1319.000000	98.231215 
1318.000000	98.236796 
1317.000000	98.243165 
1316.000000	98.249477 
1315.000000	98.254300 
1314.000000	98.255596 
1313.000000	98.253947 
1312.000000	98.253583 
1311.000000	98.257652 
1310.000000	98.263941 
1309.000000	98.268200 
1308.000000	98.269639 
1307.000000	98.271065 
1306.000000	98.274480 
1305.000000	98.278661 
1304.000000	98.282360 
1303.000000	98.285065 
1302.000000	98.285766 
1301.000000	98.283688 
1300.000000	98.280800 
1299.000000	98.280313 
1298.000000	98.282430 
1297.000000	98.283861 
1296.000000	98.282129 
1295.000000	98.278741 
1294.000000	98.276922 
1293.000000	98.278198 
1292.000000	98.281699 
1291.000000	98.285417 
1290.000000	98.287734 
1289.000000	98.288398 
1288.000000	98.288086 
1287.000000	98.286980 
1286.000000	98.284466 
1285.000000	98.280965 
1284.000000	98.278768 
1283.000000	98.279216 
1282.000000	98.280188 
1281.000000	98.278281 
1280.000000	98.273226 
1279.000000	98.268510 
1278.000000	98.267358 
1277.000000	98.269774 
1276.000000	98.273162 
1275.000000	98.274748 
1274.000000	98.273063 
1273.000000	98.268488 
1272.000000	98.262656 
1271.000000	98.256539 
1270.000000	98.249130 
1269.000000	98.238838 
1268.000000	98.225919 
1267.000000	98.212121 
1266.000000	98.198267 
1265.000000	98.184563 
1264.000000	98.172723 
1263.000000	98.165187 
1262.000000	98.161966 
1261.000000	98.160390 
1260.000000	98.159022 
1259.000000	98.159740 
1258.000000	98.164018 
1257.000000	98.169366 
1256.000000	98.171320 
1255.000000	98.168503 
1254.000000	98.163977 
1253.000000	98.161217 
1252.000000	98.159907 
1251.000000	98.157086 
1250.000000	98.152095 
1249.000000	98.148850 
1248.000000	98.152103 
1247.000000	98.161601 
1246.000000	98.170844 
1245.000000	98.172499 
1244.000000	98.164643 
1243.000000	98.152452 
1242.000000	98.145094 
1241.000000	98.149707 
1240.000000	98.165362 
1239.000000	98.182075 
1238.000000	98.188487 
1237.000000	98.181779 
1236.000000	98.168449 
1235.000000	98.155568 
1234.000000	98.144102 
1233.000000	98.131792 
1232.000000	98.118687 
1231.000000	98.106781 
1230.000000	98.096905 
1229.000000	98.089147 
1228.000000	98.084136 
1227.000000	98.080789 
1226.000000	98.074749 
1225.000000	98.062444 
1224.000000	98.045627 
1223.000000	98.029130 
1222.000000	98.014936 
1221.000000	98.000986 
1220.000000	97.984965 
1219.000000	97.966540 
1218.000000	97.946313 
1217.000000	97.924948 
1216.000000	97.902840 
1215.000000	97.878971 
1214.000000	97.851409 
1213.000000	97.820932 
1212.000000	97.792176 
1211.000000	97.767950 
1210.000000	97.744156 
1209.000000	97.714146 
1208.000000	97.677103 
1207.000000	97.638609 
1206.000000	97.603338 
1205.000000	97.570291 
1204.000000	97.535499 
1203.000000	97.496655 
1202.000000	97.454608 
1201.000000	97.412248 
1200.000000	97.372237 
1199.000000	97.334650 
1198.000000	97.297160 
1197.000000	97.258535 
1196.000000	97.220334 
1195.000000	97.183818 
1194.000000	97.147367 
1193.000000	97.109002 
1192.000000	97.069684 
1191.000000	97.031450 
1190.000000	96.993672 
1189.000000	96.953811 
1188.000000	96.910769 
1187.000000	96.865158 
1186.000000	96.817735 
1185.000000	96.769870 
1184.000000	96.723775 
1183.000000	96.679659 
1182.000000	96.634560 
1181.000000	96.586540 
1180.000000	96.537717 
1179.000000	96.489982 
1178.000000	96.440114 
1177.000000	96.383364 
1176.000000	96.320136 
1175.000000	96.254959 
1174.000000	96.190336 
1173.000000	96.125932 
1172.000000	96.062570 
1171.000000	96.001631 
1170.000000	95.940896 
1169.000000	95.876378 
1168.000000	95.808812 
1167.000000	95.743881 
1166.000000	95.686106 
1165.000000	95.637579 
1164.000000	95.602747 
1163.000000	95.588194 
1162.000000	95.595399 
1161.000000	95.617441 
1160.000000	95.644174 
1159.000000	95.667578 
1158.000000	95.681698 
1157.000000	95.681789 
1156.000000	95.665522 
1155.000000	95.633097 
1154.000000	95.586294 
1153.000000	95.529703 
1152.000000	95.471460 
1151.000000	95.418322 
1150.000000	95.369799 
1149.000000	95.320934 
1148.000000	95.270310 
1147.000000	95.220644 
1146.000000	95.171843 
1145.000000	95.119319 
1144.000000	95.060682 
1143.000000	94.999302 
1142.000000	94.939270 
1141.000000	94.880644 
1140.000000	94.821439 
1139.000000	94.760851 
1138.000000	94.699091 
1137.000000	94.637006 
1136.000000	94.576465 
1135.000000	94.518106 
1134.000000	94.458747 
1133.000000	94.394719 
1132.000000	94.327440 
1131.000000	94.261394 
1130.000000	94.196868 
1129.000000	94.129705 
1128.000000	94.058501 
1127.000000	93.986662 
1126.000000	93.916339 
1125.000000	93.845282 
1124.000000	93.771193 
1123.000000	93.694908 
1122.000000	93.617925 
1121.000000	93.540603 
1120.000000	93.463639 
1119.000000	93.387496 
1118.000000	93.310176 
1117.000000	93.229804 
1116.000000	93.149313 
1115.000000	93.073998 
1114.000000	93.004517 
1113.000000	92.936895 
1112.000000	92.868893 
1111.000000	92.801295 
1110.000000	92.733535 
1109.000000	92.663983 
1108.000000	92.594054 
1107.000000	92.526063 
1106.000000	92.458126 
1105.000000	92.386542 
1104.000000	92.312372 
1103.000000	92.240426 
1102.000000	92.171931 
1101.000000	92.104681 
1100.000000	92.039004 
1099.000000	91.976624 
1098.000000	91.917112 
1097.000000	91.858659 
1096.000000	91.802383 
1095.000000	91.748565 
1094.000000	91.690466 
1093.000000	91.619707 
1092.000000	91.538124 
1091.000000	91.457157 
1090.000000	91.384750 
1089.000000	91.319101 
1088.000000	91.255224 
1087.000000	91.190464 
1086.000000	91.123119 
1085.000000	91.052940 
1084.000000	90.984109 
1083.000000	90.921339 
1082.000000	90.862622 
1081.000000	90.802387 
1080.000000	90.741655 
1079.000000	90.687559 
1078.000000	90.642658 
1077.000000	90.602562 
1076.000000	90.564448 
1075.000000	90.529445 
1074.000000	90.496048 
1073.000000	90.459648 
1072.000000	90.418391 
1071.000000	90.369642 
1070.000000	90.300897 
1069.000000	90.197449 
1068.000000	90.063506 
1067.000000	89.926575 
1066.000000	89.814661 
1065.000000	89.734576 
1064.000000	89.675190 
1063.000000	89.620425 
1062.000000	89.553374 
1061.000000	89.459047 
1060.000000	89.334536 
1059.000000	89.194407 
1058.000000	89.059744 
1057.000000	88.942361 
1056.000000	88.841305 
1055.000000	88.749243 
1054.000000	88.658395 
1053.000000	88.564710 
1052.000000	88.469957 
1051.000000	88.377339 
1050.000000	88.284837 
1049.000000	88.187486 
1048.000000	88.085079 
1047.000000	87.981183 
1046.000000	87.876311 
1045.000000	87.769251 
1044.000000	87.663064 
1043.000000	87.561843 
1042.000000	87.462787 
1041.000000	87.359408 
1040.000000	87.252186 
1039.000000	87.149007 
1038.000000	87.056205 
1037.000000	86.976195 
1036.000000	86.911416 
1035.000000	86.862122 
1034.000000	86.822213 
1033.000000	86.784775 
1032.000000	86.747937 
1031.000000	86.707789 
1030.000000	86.653913 
1029.000000	86.585490 
1028.000000	86.525311 
1027.000000	86.500550 
1026.000000	86.511089 
1025.000000	86.530786 
1024.000000	86.538638 
1023.000000	86.533937 
1022.000000	86.522143 
1021.000000	86.504421 
1020.000000	86.484211 
1019.000000	86.468603 
1018.000000	86.458410 
1017.000000	86.448173 
1016.000000	86.438012 
1015.000000	86.434007 
1014.000000	86.435994 
1013.000000	86.437378 
1012.000000	86.438094 
1011.000000	86.445396 
1010.000000	86.460796 
1009.000000	86.478390 
1008.000000	86.497058 
1007.000000	86.522344 
1006.000000	86.555725 
1005.000000	86.593834 
1004.000000	86.637975 
1003.000000	86.691477 
1002.000000	86.747825 
1001.000000	86.795435 
1000.000000	86.835577 
999.000000	 86.882092 
998.000000	 86.941648 
997.000000	 87.007132 
996.000000	 87.072067 
995.000000	 87.138801 
994.000000	 87.210132 
993.000000	 87.284894 
992.000000	 87.363846 
991.000000	 87.448472 
990.000000	 87.532821 
989.000000	 87.608534 
988.000000	 87.679208 
987.000000	 87.757558 
986.000000	 87.847538 
985.000000	 87.942104 
984.000000	 88.039273 
983.000000	 88.145928 
982.000000	 88.263094 
981.000000	 88.381084 
980.000000	 88.493532 
979.000000	 88.604808 
978.000000	 88.719421 
977.000000	 88.835585 
976.000000	 88.953342 
975.000000	 89.077864 
974.000000	 89.209743 
973.000000	 89.341564 
972.000000	 89.468710 
971.000000	 89.595202 
970.000000	 89.725145 
969.000000	 89.856337 
968.000000	 89.985611 
967.000000	 90.113084 
966.000000	 90.238543 
965.000000	 90.360800 
964.000000	 90.482614 
963.000000	 90.608971 
962.000000	 90.738616 
961.000000	 90.864262 
960.000000	 90.982490 
959.000000	 91.096454 
958.000000	 91.208135 
957.000000	 91.315395 
956.000000	 91.417880 
955.000000	 91.518771 
954.000000	 91.619327 
953.000000	 91.717809 
952.000000	 91.814129 
951.000000	 91.909090 
950.000000	 91.999512 
949.000000	 92.081424 
948.000000	 92.157683 
947.000000	 92.234811 
946.000000	 92.312409 
945.000000	 92.383605 
944.000000	 92.446068 
943.000000	 92.504843 
942.000000	 92.563975 
941.000000	 92.623184 
940.000000	 92.683452 
939.000000	 92.747572 
938.000000	 92.813888 
937.000000	 92.877284 
936.000000	 92.937876 
935.000000	 93.001466 
934.000000	 93.069957 
933.000000	 93.138388 
932.000000	 93.202867 
931.000000	 93.264816 
930.000000	 93.326007 
929.000000	 93.385548 
928.000000	 93.443440 
927.000000	 93.501642 
926.000000	 93.560005 
925.000000	 93.615403 
924.000000	 93.665340 
923.000000	 93.708936 
922.000000	 93.745666 
921.000000	 93.777714 
920.000000	 93.811710 
919.000000	 93.852574 
918.000000	 93.896743 
917.000000	 93.936428 
916.000000	 93.969230 
915.000000	 93.999200 
914.000000	 94.031131 
913.000000	 94.069108 
912.000000	 94.117535 
911.000000	 94.177068 
910.000000	 94.241935 
909.000000	 94.307702 
908.000000	 94.378642 
907.000000	 94.460868 
906.000000	 94.552267 
905.000000	 94.646748 
904.000000	 94.743852 
903.000000	 94.845100 
902.000000	 94.944998 
901.000000	 95.036191 
900.000000	 95.121443 
899.000000	 95.211098 
898.000000	 95.310045 
897.000000	 95.414391 
896.000000	 95.518002 
895.000000	 95.613935 
894.000000	 95.693905 
893.000000	 95.756788 
892.000000	 95.815086 
891.000000	 95.882758 
890.000000	 95.957437 
889.000000	 96.022639 
888.000000	 96.064379 
887.000000	 96.077371 
886.000000	 96.060923 
885.000000	 96.020746 
884.000000	 95.971113 
883.000000	 95.922129 
882.000000	 95.867146 
881.000000	 95.796591 
880.000000	 95.722030 
879.000000	 95.669682 
878.000000	 95.649104 
877.000000	 95.645571 
876.000000	 95.646266 
875.000000	 95.657222 
874.000000	 95.689810 
873.000000	 95.747668 
872.000000	 95.833159 
871.000000	 95.950571 
870.000000	 96.094530 
869.000000	 96.247109 
868.000000	 96.393385 
867.000000	 96.530857 
866.000000	 96.660377 
865.000000	 96.779167 
864.000000	 96.887710 
863.000000	 96.993433 
862.000000	 97.101214 
861.000000	 97.207035 
860.000000	 97.305296 
859.000000	 97.395721 
858.000000	 97.479931 
857.000000	 97.558242 
856.000000	 97.632833 
855.000000	 97.706965 
854.000000	 97.777594 
853.000000	 97.835301 
852.000000	 97.874949 
851.000000	 97.901503 
850.000000	 97.924089 
849.000000	 97.949950 
848.000000	 97.984278 
847.000000	 98.027739 
846.000000	 98.072492 
845.000000	 98.108767 
844.000000	 98.136985 
843.000000	 98.165708 
842.000000	 98.196907 
841.000000	 98.222281 
840.000000	 98.235559 
839.000000	 98.238783 
838.000000	 98.234637 
837.000000	 98.223029 
836.000000	 98.208858 
835.000000	 98.202879 
834.000000	 98.208647 
833.000000	 98.216455 
832.000000	 98.215972 
831.000000	 98.208078 
830.000000	 98.199574 
829.000000	 98.193669 
828.000000	 98.192089 
827.000000	 98.200002 
826.000000	 98.220878 
825.000000	 98.250134 
824.000000	 98.279127 
823.000000	 98.301462 
822.000000	 98.313028 
821.000000	 98.312525 
820.000000	 98.304723 
819.000000	 98.296542 
818.000000	 98.286872 
817.000000	 98.265337 
816.000000	 98.223228 
815.000000	 98.161345 
814.000000	 98.086193 
813.000000	 98.002952 
812.000000	 97.912314 
811.000000	 97.807945 
810.000000	 97.675652 
809.000000	 97.501598 
808.000000	 97.284160 
807.000000	 97.034056 
806.000000	 96.763319 
805.000000	 96.480304 
804.000000	 96.195365 
803.000000	 95.922143 
802.000000	 95.670356 
801.000000	 95.445784 
800.000000	 95.259335 
799.000000	 95.125984 
798.000000	 95.050898 
797.000000	 95.024995 
796.000000	 95.035800 
795.000000	 95.073102 
794.000000	 95.123797 
793.000000	 95.174310 
792.000000	 95.221807 
791.000000	 95.272499 
790.000000	 95.326085 
789.000000	 95.371182 
788.000000	 95.396949 
787.000000	 95.398604 
786.000000	 95.370943 
785.000000	 95.308371 
784.000000	 95.214422 
783.000000	 95.101739 
782.000000	 94.981421 
781.000000	 94.862982 
780.000000	 94.764030 
779.000000	 94.704535 
778.000000	 94.687947 
777.000000	 94.701846 
776.000000	 94.740619 
775.000000	 94.812311 
774.000000	 94.918195 
773.000000	 95.041492 
772.000000	 95.163979 
771.000000	 95.280732 
770.000000	 95.391695 
769.000000	 95.492026 
768.000000	 95.578902 
767.000000	 95.656392 
766.000000	 95.725935 
765.000000	 95.782718 
764.000000	 95.828667 
763.000000	 95.877763 
762.000000	 95.939803 
761.000000	 96.008308 
760.000000	 96.072454 
759.000000	 96.131689 
758.000000	 96.190783 
757.000000	 96.250462 
756.000000	 96.312503 
755.000000	 96.385074 
754.000000	 96.471137 
753.000000	 96.556641 
752.000000	 96.620830 
751.000000	 96.656688 
750.000000	 96.676289 
749.000000	 96.699111 
748.000000	 96.738333 
747.000000	 96.793308 
746.000000	 96.850753 
745.000000	 96.897487 
744.000000	 96.934763 
743.000000	 96.975127 
742.000000	 97.024466 
741.000000	 97.075824 
740.000000	 97.123405 
739.000000	 97.172373 
738.000000	 97.229109 
737.000000	 97.289729 
736.000000	 97.344972 
735.000000	 97.390869 
734.000000	 97.429397 
733.000000	 97.463822 
732.000000	 97.497430 
731.000000	 97.531217 
730.000000	 97.559657 
729.000000	 97.575161 
728.000000	 97.579092 
727.000000	 97.582717 
726.000000	 97.596091 
725.000000	 97.620972 
724.000000	 97.654717 
723.000000	 97.693425 
722.000000	 97.729468 
721.000000	 97.754181 
720.000000	 97.766504 
719.000000	 97.772203 
718.000000	 97.772167 
717.000000	 97.760315 
716.000000	 97.736117 
715.000000	 97.710026 
714.000000	 97.693198 
713.000000	 97.690490 
712.000000	 97.706391 
711.000000	 97.746413 
710.000000	 97.806208 
709.000000	 97.869103 
708.000000	 97.920218 
707.000000	 97.956264 
706.000000	 97.978529 
705.000000	 97.984394 
704.000000	 97.970984 
703.000000	 97.940646 
702.000000	 97.895211 
701.000000	 97.830017 
700.000000	 97.740333 
699.000000	 97.628985 
698.000000	 97.505575 
697.000000	 97.383526 
696.000000	 97.280432 
695.000000	 97.215720 
694.000000	 97.200238 
693.000000	 97.230691 
692.000000	 97.296080 
691.000000	 97.382768 
690.000000	 97.474997 
689.000000	 97.558444 
688.000000	 97.627050 
687.000000	 97.682856 
686.000000	 97.726965 
685.000000	 97.758708 
684.000000	 97.783668 
683.000000	 97.810713 
682.000000	 97.840778 
681.000000	 97.868487 
680.000000	 97.894834 
679.000000	 97.926758 
678.000000	 97.963367 
677.000000	 97.997556 
676.000000	 98.030179 
675.000000	 98.069218 
674.000000	 98.110380 
673.000000	 98.131722 
672.000000	 98.115416 
671.000000	 98.064132 
670.000000	 97.996861 
669.000000	 97.945606 
668.000000	 97.962143 
667.000000	 98.057832 
666.000000	 98.150988 
665.000000	 98.191032 
664.000000	 98.199799 
663.000000	 98.203847 
662.000000	 98.215569 
661.000000	 98.231824 
660.000000	 98.250347 
659.000000	 98.275095 
658.000000	 98.303832 
657.000000	 98.324549 
656.000000	 98.328654 
655.000000	 98.319309 
654.000000	 98.302619 
653.000000	 98.279591 
652.000000	 98.254742 
651.000000	 98.243675 
650.000000	 98.256889 

