4000.000000	98.334807 
3999.000000	98.330558 
3998.000000	98.322399 
3997.000000	98.313117 
3996.000000	98.305747 
3995.000000	98.302026 
3994.000000	98.302139 
3993.000000	98.304796 
3992.000000	98.307930 
3991.000000	98.309942 
3990.000000	98.310344 
3989.000000	98.309562 
3988.000000	98.308431 
3987.000000	98.307768 
3986.000000	98.308027 
3985.000000	98.309111 
3984.000000	98.310507 
3983.000000	98.311803 
3982.000000	98.313083 
3981.000000	98.314540 
3980.000000	98.315719 
3979.000000	98.315683 
3978.000000	98.314185 
3977.000000	98.312223 
3976.000000	98.311055 
3975.000000	98.310811 
3974.000000	98.310507 
3973.000000	98.309272 
3972.000000	98.307193 
3971.000000	98.305072 
3970.000000	98.303723 
3969.000000	98.303629 
3968.000000	98.305044 
3967.000000	98.307842 
3966.000000	98.311177 
3965.000000	98.313649 
3964.000000	98.314020 
3963.000000	98.311998 
3962.000000	98.308481 
3961.000000	98.304893 
3960.000000	98.302167 
3959.000000	98.300531 
3958.000000	98.299890 
3957.000000	98.299988 
3956.000000	98.300326 
3955.000000	98.300186 
3954.000000	98.299151 
3953.000000	98.297480 
3952.000000	98.295891 
3951.000000	98.294999 
3950.000000	98.294770 
3949.000000	98.294583 
3948.000000	98.293784 
3947.000000	98.292330 
3946.000000	98.290963 
3945.000000	98.290619 
3944.000000	98.291619 
3943.000000	98.293216 
3942.000000	98.294254 
3941.000000	98.294413 
3940.000000	98.294228 
3939.000000	98.294171 
3938.000000	98.294055 
3937.000000	98.293353 
3936.000000	98.291939 
3935.000000	98.290274 
3934.000000	98.289005 
3933.000000	98.288395 
3932.000000	98.288131 
3931.000000	98.287722 
3930.000000	98.287090 
3929.000000	98.286727 
3928.000000	98.287088 
3927.000000	98.288071 
3926.000000	98.289088 
3925.000000	98.289488 
3924.000000	98.288982 
3923.000000	98.287778 
3922.000000	98.286307 
3921.000000	98.284968 
3920.000000	98.284046 
3919.000000	98.283630 
3918.000000	98.283571 
3917.000000	98.283527 
3916.000000	98.283210 
3915.000000	98.282573 
3914.000000	98.281781 
3913.000000	98.281015 
3912.000000	98.280314 
3911.000000	98.279629 
3910.000000	98.278891 
3909.000000	98.278065 
3908.000000	98.277195 
3907.000000	98.276329 
3906.000000	98.275484 
3905.000000	98.274605 
3904.000000	98.273614 
3903.000000	98.272558 
3902.000000	98.271630 
3901.000000	98.270973 
3900.000000	98.270543 
3899.000000	98.270158 
3898.000000	98.269669 
3897.000000	98.269064 
3896.000000	98.268398 
3895.000000	98.267728 
3894.000000	98.267086 
3893.000000	98.266467 
3892.000000	98.265838 
3891.000000	98.265162 
3890.000000	98.264444 
3889.000000	98.263711 
3888.000000	98.262992 
3887.000000	98.262306 
3886.000000	98.261654 
3885.000000	98.261026 
3884.000000	98.260412 
3883.000000	98.259814 
3882.000000	98.259242 
3881.000000	98.258707 
3880.000000	98.258206 
3879.000000	98.257726 
3878.000000	98.257250 
3877.000000	98.256778 
3876.000000	98.256319 
3875.000000	98.255883 
3874.000000	98.255476 
3873.000000	98.255100 
3872.000000	98.254762 
3871.000000	98.254471 
3870.000000	98.254233 
3869.000000	98.254056 
3868.000000	98.253931 
3867.000000	98.253840 
3866.000000	98.253774 
3865.000000	98.253773 
3864.000000	98.253876 
3863.000000	98.254034 
3862.000000	98.254120 
3861.000000	98.254096 
3860.000000	98.254088 
3859.000000	98.254209 
3858.000000	98.254343 
3857.000000	98.254219 
3856.000000	98.253764 
3855.000000	98.253440 
3854.000000	98.253630 
3853.000000	98.253816 
3852.000000	98.253619 
3851.000000	98.253586 
3850.000000	98.254004 
3849.000000	98.254771 
3848.000000	98.255672 
3847.000000	98.256490 
3846.000000	98.256928 
3845.000000	98.256642 
3844.000000	98.255585 
3843.000000	98.254101 
3842.000000	98.252475 
3841.000000	98.251178 
3840.000000	98.251049 
3839.000000	98.252693 
3838.000000	98.255756 
3837.000000	98.258941 
3836.000000	98.261230 
3835.000000	98.262432 
3834.000000	98.262883 
3833.000000	98.263397 
3832.000000	98.264716 
3831.000000	98.266683 
3830.000000	98.268413 
3829.000000	98.269153 
3828.000000	98.269237 
3827.000000	98.269921 
3826.000000	98.271554 
3825.000000	98.272723 
3824.000000	98.271762 
3823.000000	98.269145 
3822.000000	98.267501 
3821.000000	98.268046 
3820.000000	98.269081 
3819.000000	98.268712 
3818.000000	98.266954 
3817.000000	98.266048 
3816.000000	98.268238 
3815.000000	98.272795 
3814.000000	98.276795 
3813.000000	98.278517 
3812.000000	98.278569 
3811.000000	98.278530 
3810.000000	98.278818 
3809.000000	98.278442 
3808.000000	98.276775 
3807.000000	98.274310 
3806.000000	98.271481 
3805.000000	98.267892 
3804.000000	98.263234 
3803.000000	98.259616 
3802.000000	98.259994 
3801.000000	98.263643 
3800.000000	98.267181 
3799.000000	98.268899 
3798.000000	98.269809 
3797.000000	98.272058 
3796.000000	98.276200 
3795.000000	98.280264 
3794.000000	98.282139 
3793.000000	98.281979 
3792.000000	98.281624 
3791.000000	98.282455 
3790.000000	98.283907 
3789.000000	98.284425 
3788.000000	98.283619 
3787.000000	98.282665 
3786.000000	98.282752 
3785.000000	98.283561 
3784.000000	98.283552 
3783.000000	98.281720 
3782.000000	98.278907 
3781.000000	98.277487 
3780.000000	98.279315 
3779.000000	98.283788 
3778.000000	98.288239 
3777.000000	98.290440 
3776.000000	98.290033 
3775.000000	98.287927 
3774.000000	98.284941 
3773.000000	98.281310 
3772.000000	98.277696 
3771.000000	98.275638 
3770.000000	98.276023 
3769.000000	98.277822 
3768.000000	98.279196 
3767.000000	98.279122 
3766.000000	98.278131 
3765.000000	98.277374 
3764.000000	98.277082 
3763.000000	98.276193 
3762.000000	98.273861 
3761.000000	98.271168 
3760.000000	98.269881 
3759.000000	98.270084 
3758.000000	98.269576 
3757.000000	98.265677 
3756.000000	98.257264 
3755.000000	98.245272 
3754.000000	98.233202 
3753.000000	98.226510 
3752.000000	98.228543 
3751.000000	98.235029 
3750.000000	98.237183 
3749.000000	98.232111 
3748.000000	98.222350 
3747.000000	98.210663 
3746.000000	98.202688 
3745.000000	98.204048 
3744.000000	98.211907 
3743.000000	98.217503 
3742.000000	98.215458 
3741.000000	98.206646 
3740.000000	98.197367 
3739.000000	98.195100 
3738.000000	98.203188 
3737.000000	98.217764 
3736.000000	98.230737 
3735.000000	98.235136 
3734.000000	98.229756 
3733.000000	98.219703 
3732.000000	98.211685 
3731.000000	98.209282 
3730.000000	98.210685 
3729.000000	98.211481 
3728.000000	98.210897 
3727.000000	98.212038 
3726.000000	98.216409 
3725.000000	98.221757 
3724.000000	98.226013 
3723.000000	98.229043 
3722.000000	98.229468 
3721.000000	98.224640 
3720.000000	98.212594 
3719.000000	98.194863 
3718.000000	98.176250 
3717.000000	98.159653 
3716.000000	98.143503 
3715.000000	98.124522 
3714.000000	98.103417 
3713.000000	98.085988 
3712.000000	98.074836 
3711.000000	98.064461 
3710.000000	98.048576 
3709.000000	98.027008 
3708.000000	98.003040 
3707.000000	97.977496 
3706.000000	97.948218 
3705.000000	97.913591 
3704.000000	97.874929 
3703.000000	97.835487 
3702.000000	97.796429 
3701.000000	97.756701 
3700.000000	97.716662 
3699.000000	97.679497 
3698.000000	97.649718 
3697.000000	97.629722 
3696.000000	97.617053 
3695.000000	97.606231 
3694.000000	97.594053 
3693.000000	97.582466 
3692.000000	97.575426 
3691.000000	97.573176 
3690.000000	97.569855 
3689.000000	97.559801 
3688.000000	97.546370 
3687.000000	97.537137 
3686.000000	97.533279 
3685.000000	97.531024 
3684.000000	97.527661 
3683.000000	97.522506 
3682.000000	97.514146 
3681.000000	97.499244 
3680.000000	97.474828 
3679.000000	97.439129 
3678.000000	97.392952 
3677.000000	97.343040 
3676.000000	97.299345 
3675.000000	97.266558 
3674.000000	97.241961 
3673.000000	97.219008 
3672.000000	97.192114 
3671.000000	97.162765 
3670.000000	97.134447 
3669.000000	97.106946 
3668.000000	97.080138 
3667.000000	97.054921 
3666.000000	97.031179 
3665.000000	97.007717 
3664.000000	96.982435 
3663.000000	96.953918 
3662.000000	96.922504 
3661.000000	96.889148 
3660.000000	96.854732 
3659.000000	96.819900 
3658.000000	96.785782 
3657.000000	96.753181 
3656.000000	96.721733 
3655.000000	96.691959 
3654.000000	96.664830 
3653.000000	96.639684 
3652.000000	96.613745 
3651.000000	96.582150 
3650.000000	96.538904 
3649.000000	96.484992 
3648.000000	96.434465 
3647.000000	96.401809 
3646.000000	96.388554 
3645.000000	96.386522 
3644.000000	96.386503 
3643.000000	96.382532 
3642.000000	96.372040 
3641.000000	96.354339 
3640.000000	96.330906 
3639.000000	96.304760 
3638.000000	96.278306 
3637.000000	96.251360 
3636.000000	96.222507 
3635.000000	96.192760 
3634.000000	96.165913 
3633.000000	96.144213 
3632.000000	96.123709 
3631.000000	96.095317 
3630.000000	96.051732 
3629.000000	95.994941 
3628.000000	95.939308 
3627.000000	95.901582 
3626.000000	95.885314 
3625.000000	95.882866 
3624.000000	95.885780 
3623.000000	95.887917 
3622.000000	95.884818 
3621.000000	95.875370 
3620.000000	95.863469 
3619.000000	95.857194 
3618.000000	95.865049 
3617.000000	95.890547 
3616.000000	95.929991 
3615.000000	95.976396 
3614.000000	96.023235 
3613.000000	96.065914 
3612.000000	96.101987 
3611.000000	96.130069 
3610.000000	96.149411 
3609.000000	96.161019 
3608.000000	96.167779 
3607.000000	96.173788 
3606.000000	96.183344 
3605.000000	96.199688 
3604.000000	96.224362 
3603.000000	96.255913 
3602.000000	96.288625 
3601.000000	96.314445 
3600.000000	96.327776 
3599.000000	96.330251 
3598.000000	96.330749 
3597.000000	96.338230 
3596.000000	96.354455 
3595.000000	96.372962 
3594.000000	96.384948 
3593.000000	96.387749 
3592.000000	96.385774 
3591.000000	96.384129 
3590.000000	96.384703 
3589.000000	96.386598 
3588.000000	96.387780 
3587.000000	96.387313 
3586.000000	96.388094 
3585.000000	96.394630 
3584.000000	96.408303 
3583.000000	96.426325 
3582.000000	96.444600 
3581.000000	96.459571 
3580.000000	96.468556 
3579.000000	96.470217 
3578.000000	96.465821 
3577.000000	96.459460 
3576.000000	96.455186 
3575.000000	96.454045 
3574.000000	96.454012 
3573.000000	96.452736 
3572.000000	96.449515 
3571.000000	96.444242 
3570.000000	96.436282 
3569.000000	96.426203 
3568.000000	96.417691 
3567.000000	96.414949 
3566.000000	96.418560 
3565.000000	96.425323 
3564.000000	96.431171 
3563.000000	96.434085 
3562.000000	96.434830 
3561.000000	96.435275 
3560.000000	96.436244 
3559.000000	96.437020 
3558.000000	96.437153 
3557.000000	96.437705 
3556.000000	96.439903 
3555.000000	96.443074 
3554.000000	96.445065 
3553.000000	96.444305 
3552.000000	96.441106 
3551.000000	96.436853 
3550.000000	96.432645 
3549.000000	96.429172 
3548.000000	96.427120 
3547.000000	96.426441 
3546.000000	96.426036 
3545.000000	96.425026 
3544.000000	96.424118 
3543.000000	96.424749 
3542.000000	96.427237 
3541.000000	96.430470 
3540.000000	96.433149 
3539.000000	96.434616 
3538.000000	96.434774 
3537.000000	96.433796 
3536.000000	96.432038 
3535.000000	96.429839 
3534.000000	96.427396 
3533.000000	96.425017 
3532.000000	96.423280 
3531.000000	96.422732 
3530.000000	96.423270 
3529.000000	96.423937 
3528.000000	96.423591 
3527.000000	96.421959 
3526.000000	96.419929 
3525.000000	96.418808 
3524.000000	96.419163 
3523.000000	96.420312 
3522.000000	96.420923 
3521.000000	96.420278 
3520.000000	96.418882 
3519.000000	96.417757 
3518.000000	96.417141 
3517.000000	96.416129 
3516.000000	96.413813 
3515.000000	96.410465 
3514.000000	96.407354 
3513.000000	96.405482 
3512.000000	96.404707 
3511.000000	96.404016 
3510.000000	96.402419 
3509.000000	96.399626 
3508.000000	96.396047 
3507.000000	96.392404 
3506.000000	96.389349 
3505.000000	96.387217 
3504.000000	96.385827 
3503.000000	96.384402 
3502.000000	96.382037 
3501.000000	96.378509 
3500.000000	96.374640 
3499.000000	96.371714 
3498.000000	96.370324 
3497.000000	96.369722 
3496.000000	96.368321 
3495.000000	96.365143 
3494.000000	96.360612 
3493.000000	96.356017 
3492.000000	96.352197 
3491.000000	96.348941 
3490.000000	96.345553 
3489.000000	96.341655 
3488.000000	96.337281 
3487.000000	96.332498 
3486.000000	96.327433 
3485.000000	96.322626 
3484.000000	96.318791 
3483.000000	96.316024 
3482.000000	96.313491 
3481.000000	96.310218 
3480.000000	96.306098 
3479.000000	96.301738 
3478.000000	96.297549 
3477.000000	96.293381 
3476.000000	96.288942 
3475.000000	96.284212 
3474.000000	96.279361 
3473.000000	96.274464 
3472.000000	96.269466 
3471.000000	96.264368 
3470.000000	96.259336 
3469.000000	96.254643 
3468.000000	96.250534 
3467.000000	96.247064 
3466.000000	96.244028 
3465.000000	96.241045 
3464.000000	96.237698 
3463.000000	96.233603 
3462.000000	96.228443 
3461.000000	96.222109 
3460.000000	96.214812 
3459.000000	96.207039 
3458.000000	96.199387 
3457.000000	96.192368 
3456.000000	96.186367 
3455.000000	96.181517 
3454.000000	96.177499 
3453.000000	96.173672 
3452.000000	96.169579 
3451.000000	96.165504 
3450.000000	96.162234 
3449.000000	96.159985 
3448.000000	96.157549 
3447.000000	96.152903 
3446.000000	96.144940 
3445.000000	96.134590 
3444.000000	96.124303 
3443.000000	96.116380 
3442.000000	96.111697 
3441.000000	96.109493 
3440.000000	96.107914 
3439.000000	96.104954 
3438.000000	96.099448 
3437.000000	96.091733 
3436.000000	96.083704 
3435.000000	96.077736 
3434.000000	96.075021 
3433.000000	96.074705 
3432.000000	96.074640 
3431.000000	96.073429 
3430.000000	96.071443 
3429.000000	96.069736 
3428.000000	96.068317 
3427.000000	96.066001 
3426.000000	96.062046 
3425.000000	96.057321 
3424.000000	96.053398 
3423.000000	96.050719 
3422.000000	96.048206 
3421.000000	96.044761 
3420.000000	96.040715 
3419.000000	96.037409 
3418.000000	96.035660 
3417.000000	96.035086 
3416.000000	96.034742 
3415.000000	96.033931 
3414.000000	96.032349 
3413.000000	96.029863 
3412.000000	96.026553 
3411.000000	96.022924 
3410.000000	96.019844 
3409.000000	96.018100 
3408.000000	96.017822 
3407.000000	96.018192 
3406.000000	96.017943 
3405.000000	96.016387 
3404.000000	96.013942 
3403.000000	96.011478 
3402.000000	96.009461 
3401.000000	96.008109 
3400.000000	96.007934 
3399.000000	96.009181 
3398.000000	96.010705 
3397.000000	96.010487 
3396.000000	96.007923 
3395.000000	96.004995 
3394.000000	96.004231 
3393.000000	96.005829 
3392.000000	96.007584 
3391.000000	96.007507 
3390.000000	96.005973 
3389.000000	96.004923 
3388.000000	96.005678 
3387.000000	96.008034 
3386.000000	96.010954 
3385.000000	96.013396 
3384.000000	96.014627 
3383.000000	96.014431 
3382.000000	96.013359 
3381.000000	96.012504 
3380.000000	96.012741 
3379.000000	96.014320 
3378.000000	96.017150 
3377.000000	96.021047 
3376.000000	96.025417 
3375.000000	96.029048 
3374.000000	96.030886 
3373.000000	96.031098 
3372.000000	96.031127 
3371.000000	96.032415 
3370.000000	96.035118 
3369.000000	96.038220 
3368.000000	96.040701 
3367.000000	96.042427 
3366.000000	96.043933 
3365.000000	96.045690 
3364.000000	96.047735 
3363.000000	96.049894 
3362.000000	96.052095 
3361.000000	96.054413 
3360.000000	96.056956 
3359.000000	96.059768 
3358.000000	96.062762 
3357.000000	96.065696 
3356.000000	96.068288 
3355.000000	96.070497 
3354.000000	96.072681 
3353.000000	96.075348 
3352.000000	96.078668 
3351.000000	96.082329 
3350.000000	96.085764 
3349.000000	96.088607 
3348.000000	96.090925 
3347.000000	96.093120 
3346.000000	96.095589 
3345.000000	96.098419 
3344.000000	96.101399 
3343.000000	96.104259 
3342.000000	96.106893 
3341.000000	96.109398 
3340.000000	96.111916 
3339.000000	96.114483 
3338.000000	96.117080 
3337.000000	96.119734 
3336.000000	96.122499 
3335.000000	96.125388 
3334.000000	96.128355 
3333.000000	96.131328 
3332.000000	96.134277 
3331.000000	96.137197 
3330.000000	96.140080 
3329.000000	96.142928 
3328.000000	96.145791 
3327.000000	96.148732 
3326.000000	96.151763 
3325.000000	96.154805 
3324.000000	96.157753 
3323.000000	96.160575 
3322.000000	96.163329 
3321.000000	96.166110 
3320.000000	96.168961 
3319.000000	96.171864 
3318.000000	96.174772 
3317.000000	96.177656 
3316.000000	96.180518 
3315.000000	96.183378 
3314.000000	96.186265 
3313.000000	96.189199 
3312.000000	96.192180 
3311.000000	96.195199 
3310.000000	96.198246 
3309.000000	96.201292 
3308.000000	96.204268 
3307.000000	96.207105 
3306.000000	96.209834 
3305.000000	96.212551 
3304.000000	96.215349 
3303.000000	96.218247 
3302.000000	96.221214 
3301.000000	96.224201 
3300.000000	96.227167 
3299.000000	96.230094 
3298.000000	96.232985 
3297.000000	96.235862 
3296.000000	96.238762 
3295.000000	96.241710 
3294.000000	96.244707 
3293.000000	96.247730 
3292.000000	96.250750 
3291.000000	96.253755 
3290.000000	96.256743 
3289.000000	96.259717 
3288.000000	96.262677 
3287.000000	96.265625 
3286.000000	96.268559 
3285.000000	96.271479 
3284.000000	96.274389 
3283.000000	96.277296 
3282.000000	96.280208 
3281.000000	96.283127 
3280.000000	96.286048 
3279.000000	96.288967 
3278.000000	96.291884 
3277.000000	96.294805 
3276.000000	96.297736 
3275.000000	96.300680 
3274.000000	96.303641 
3273.000000	96.306622 
3272.000000	96.309630 
3271.000000	96.312662 
3270.000000	96.315709 
3269.000000	96.318756 
3268.000000	96.321793 
3267.000000	96.324827 
3266.000000	96.327874 
3265.000000	96.330949 
3264.000000	96.334062 
3263.000000	96.337220 
3262.000000	96.340403 
3261.000000	96.343583 
3260.000000	96.346760 
3259.000000	96.349956 
3258.000000	96.353154 
3257.000000	96.356302 
3256.000000	96.359389 
3255.000000	96.362516 
3254.000000	96.365830 
3253.000000	96.369405 
3252.000000	96.373132 
3251.000000	96.376751 
3250.000000	96.380060 
3249.000000	96.383131 
3248.000000	96.386312 
3247.000000	96.389856 
3246.000000	96.393603 
3245.000000	96.397116 
3244.000000	96.400181 
3243.000000	96.403060 
3242.000000	96.406166 
3241.000000	96.409534 
3240.000000	96.412739 
3239.000000	96.415432 
3238.000000	96.417952 
3237.000000	96.421237 
3236.000000	96.425991 
3235.000000	96.432018 
3234.000000	96.438359 
3233.000000	96.444095 
3232.000000	96.448906 
3231.000000	96.452985 
3230.000000	96.456672 
3229.000000	96.460219 
3228.000000	96.463745 
3227.000000	96.467304 
3226.000000	96.471097 
3225.000000	96.475468 
3224.000000	96.480492 
3223.000000	96.485755 
3222.000000	96.490765 
3221.000000	96.495564 
3220.000000	96.500642 
3219.000000	96.506186 
3218.000000	96.511770 
3217.000000	96.516885 
3216.000000	96.521507 
3215.000000	96.526001 
3214.000000	96.530689 
3213.000000	96.535592 
3212.000000	96.540471 
3211.000000	96.545031 
3210.000000	96.549205 
3209.000000	96.553293 
3208.000000	96.557712 
3207.000000	96.562567 
3206.000000	96.567586 
3205.000000	96.572541 
3204.000000	96.577572 
3203.000000	96.582995 
3202.000000	96.588869 
3201.000000	96.594852 
3200.000000	96.600506 
3199.000000	96.605678 
3198.000000	96.610571 
3197.000000	96.615507 
3196.000000	96.620650 
3195.000000	96.625969 
3194.000000	96.631480 
3193.000000	96.637345 
3192.000000	96.643602 
3191.000000	96.649826 
3190.000000	96.655325 
3189.000000	96.659793 
3188.000000	96.663702 
3187.000000	96.668036 
3186.000000	96.673371 
3185.000000	96.679478 
3184.000000	96.685628 
3183.000000	96.691389 
3182.000000	96.696980 
3181.000000	96.702807 
3180.000000	96.708821 
3179.000000	96.714510 
3178.000000	96.719578 
3177.000000	96.724437 
3176.000000	96.729830 
3175.000000	96.736114 
3174.000000	96.743150 
3173.000000	96.750670 
3172.000000	96.758303 
3171.000000	96.765464 
3170.000000	96.771689 
3169.000000	96.777202 
3168.000000	96.782863 
3167.000000	96.789191 
3166.000000	96.795840 
3165.000000	96.802222 
3164.000000	96.808067 
3163.000000	96.813160 
3162.000000	96.817214 
3161.000000	96.820468 
3160.000000	96.823953 
3159.000000	96.828587 
3158.000000	96.834263 
3157.000000	96.840228 
3156.000000	96.846115 
3155.000000	96.852147 
3154.000000	96.858528 
3153.000000	96.865197 
3152.000000	96.872134 
3151.000000	96.879459 
3150.000000	96.887019 
3149.000000	96.894111 
3148.000000	96.899855 
3147.000000	96.904040 
3146.000000	96.907673 
3145.000000	96.912346 
3144.000000	96.918714 
3143.000000	96.925729 
3142.000000	96.931864 
3141.000000	96.937024 
3140.000000	96.942467 
3139.000000	96.948905 
3138.000000	96.955679 
3137.000000	96.962251 
3136.000000	96.969428 
3135.000000	96.978081 
3134.000000	96.987261 
3133.000000	96.994836 
3132.000000	97.000219 
3131.000000	97.005601 
3130.000000	97.013961 
3129.000000	97.025948 
3128.000000	97.038664 
3127.000000	97.047792 
3126.000000	97.051240 
3125.000000	97.050681 
3124.000000	97.050237 
3123.000000	97.052691 
3122.000000	97.057335 
3121.000000	97.061911 
3120.000000	97.065703 
3119.000000	97.070011 
3118.000000	97.075869 
3117.000000	97.082398 
3116.000000	97.087895 
3115.000000	97.091882 
3114.000000	97.095449 
3113.000000	97.099837 
3112.000000	97.105186 
3111.000000	97.110684 
3110.000000	97.115544 
3109.000000	97.119681 
3108.000000	97.123580 
3107.000000	97.127679 
3106.000000	97.131865 
3105.000000	97.135659 
3104.000000	97.138868 
3103.000000	97.141915 
3102.000000	97.145364 
3101.000000	97.149139 
3100.000000	97.152557 
3099.000000	97.155341 
3098.000000	97.158415 
3097.000000	97.163320 
3096.000000	97.170670 
3095.000000	97.179380 
3094.000000	97.187670 
3093.000000	97.194658 
3092.000000	97.200558 
3091.000000	97.205471 
3090.000000	97.208797 
3089.000000	97.210267 
3088.000000	97.210978 
3087.000000	97.212740 
3086.000000	97.216312 
3085.000000	97.220659 
3084.000000	97.224013 
3083.000000	97.225666 
3082.000000	97.227100 
3081.000000	97.231245 
3080.000000	97.239806 
3079.000000	97.250987 
3078.000000	97.260870 
3077.000000	97.267700 
3076.000000	97.273669 
3075.000000	97.281399 
3074.000000	97.289832 
3073.000000	97.295415 
3072.000000	97.296822 
3071.000000	97.296555 
3070.000000	97.297847 
3069.000000	97.301655 
3068.000000	97.307023 
3067.000000	97.312575 
3066.000000	97.316913 
3065.000000	97.319146 
3064.000000	97.320160 
3063.000000	97.322183 
3062.000000	97.325975 
3061.000000	97.329311 
3060.000000	97.329480 
3059.000000	97.326864 
3058.000000	97.325105 
3057.000000	97.327655 
3056.000000	97.334279 
3055.000000	97.340788 
3054.000000	97.342452 
3053.000000	97.338578 
3052.000000	97.333890 
3051.000000	97.334155 
3050.000000	97.339982 
3049.000000	97.346305 
3048.000000	97.348465 
3047.000000	97.346918 
3046.000000	97.344797 
3045.000000	97.343020 
3044.000000	97.340383 
3043.000000	97.337390 
3042.000000	97.336507 
3041.000000	97.337984 
3040.000000	97.338166 
3039.000000	97.333469 
3038.000000	97.324301 
3037.000000	97.313622 
3036.000000	97.302919 
3035.000000	97.291672 
3034.000000	97.280156 
3033.000000	97.270262 
3032.000000	97.263111 
3031.000000	97.257777 
3030.000000	97.253138 
3029.000000	97.249245 
3028.000000	97.245324 
3027.000000	97.237861 
3026.000000	97.223211 
3025.000000	97.202409 
3024.000000	97.181468 
3023.000000	97.165528 
3022.000000	97.153636 
3021.000000	97.140712 
3020.000000	97.123880 
3019.000000	97.105149 
3018.000000	97.087721 
3017.000000	97.071333 
3016.000000	97.052863 
3015.000000	97.031229 
3014.000000	97.009974 
3013.000000	96.993638 
3012.000000	96.981629 
3011.000000	96.967197 
3010.000000	96.943836 
3009.000000	96.912363 
3008.000000	96.880265 
3007.000000	96.853738 
3006.000000	96.831674 
3005.000000	96.808561 
3004.000000	96.782150 
3003.000000	96.756489 
3002.000000	96.737480 
3001.000000	96.726830 
3000.000000	96.720390 
2999.000000	96.711205 
2998.000000	96.694390 
2997.000000	96.670768 
2996.000000	96.646175 
2995.000000	96.625450 
2994.000000	96.606156 
2993.000000	96.579849 
2992.000000	96.541328 
2991.000000	96.496082 
2990.000000	96.456928 
2989.000000	96.433561 
2988.000000	96.426754 
2987.000000	96.431449 
2986.000000	96.442636 
2985.000000	96.457351 
2984.000000	96.472880 
2983.000000	96.485924 
2982.000000	96.494280 
2981.000000	96.498125 
2980.000000	96.498678 
2979.000000	96.496073 
2978.000000	96.489566 
2977.000000	96.479885 
2976.000000	96.470400 
2975.000000	96.465165 
2974.000000	96.465983 
2973.000000	96.471882 
2972.000000	96.480990 
2971.000000	96.492053 
2970.000000	96.504443 
2969.000000	96.518158 
2968.000000	96.534269 
2967.000000	96.554016 
2966.000000	96.576409 
2965.000000	96.597760 
2964.000000	96.614939 
2963.000000	96.628620 
2962.000000	96.642055 
2961.000000	96.656921 
2960.000000	96.671899 
2959.000000	96.685527 
2958.000000	96.698931 
2957.000000	96.714610 
2956.000000	96.732970 
2955.000000	96.751100 
2954.000000	96.765465 
2953.000000	96.775904 
2952.000000	96.786692 
2951.000000	96.802779 
2950.000000	96.824093 
2949.000000	96.844145 
2948.000000	96.855571 
2947.000000	96.857028 
2946.000000	96.854154 
2945.000000	96.853792 
2944.000000	96.858042 
2943.000000	96.864350 
2942.000000	96.869667 
2941.000000	96.872893 
2940.000000	96.874296 
2939.000000	96.874375 
2938.000000	96.873541 
2937.000000	96.872199 
2936.000000	96.870740 
2935.000000	96.869305 
2934.000000	96.867320 
2933.000000	96.863465 
2932.000000	96.856903 
2931.000000	96.848860 
2930.000000	96.842112 
2929.000000	96.838233 
2928.000000	96.835925 
2927.000000	96.832800 
2926.000000	96.828375 
2925.000000	96.824627 
2924.000000	96.823891 
2923.000000	96.826799 
2922.000000	96.831907 
2921.000000	96.836734 
2920.000000	96.839616 
2919.000000	96.841217 
2918.000000	96.843720 
2917.000000	96.847744 
2916.000000	96.850744 
2915.000000	96.849665 
2914.000000	96.844909 
2913.000000	96.840105 
2912.000000	96.837867 
2911.000000	96.837246 
2910.000000	96.836069 
2909.000000	96.834491 
2908.000000	96.834790 
2907.000000	96.837816 
2906.000000	96.840597 
2905.000000	96.837986 
2904.000000	96.827399 
2903.000000	96.812638 
2902.000000	96.803644 
2901.000000	96.809577 
2900.000000	96.831970 
2899.000000	96.863611 
2898.000000	96.893821 
2897.000000	96.916026 
2896.000000	96.929766 
2895.000000	96.937467 
2894.000000	96.941869 
2893.000000	96.946303 
2892.000000	96.954604 
2891.000000	96.968527 
2890.000000	96.985695 
2889.000000	97.001459 
2888.000000	97.013029 
2887.000000	97.021118 
2886.000000	97.027836 
2885.000000	97.034360 
2884.000000	97.041288 
2883.000000	97.050133 
2882.000000	97.062986 
2881.000000	97.080510 
2880.000000	97.101074 
2879.000000	97.122115 
2878.000000	97.141673 
2877.000000	97.158456 
2876.000000	97.171500 
2875.000000	97.180979 
2874.000000	97.189040 
2873.000000	97.198579 
2872.000000	97.210698 
2871.000000	97.223940 
2870.000000	97.236311 
2869.000000	97.247516 
2868.000000	97.258824 
2867.000000	97.271154 
2866.000000	97.283808 
2865.000000	97.295214 
2864.000000	97.305038 
2863.000000	97.315624 
2862.000000	97.330631 
2861.000000	97.351197 
2860.000000	97.373689 
2859.000000	97.392698 
2858.000000	97.406791 
2857.000000	97.419945 
2856.000000	97.436429 
2855.000000	97.455748 
2854.000000	97.473997 
2853.000000	97.488921 
2852.000000	97.501564 
2851.000000	97.513664 
2850.000000	97.525912 
2849.000000	97.539050 
2848.000000	97.554565 
2847.000000	97.573023 
2846.000000	97.592702 
2845.000000	97.610885 
2844.000000	97.626165 
2843.000000	97.639055 
2842.000000	97.650880 
2841.000000	97.662370 
2840.000000	97.672961 
2839.000000	97.681457 
2838.000000	97.687717 
2837.000000	97.693340 
2836.000000	97.699950 
2835.000000	97.707271 
2834.000000	97.714117 
2833.000000	97.720904 
2832.000000	97.729437 
2831.000000	97.739769 
2830.000000	97.748941 
2829.000000	97.753969 
2828.000000	97.755127 
2827.000000	97.755504 
2826.000000	97.758106 
2825.000000	97.763961 
2824.000000	97.772153 
2823.000000	97.780460 
2822.000000	97.786389 
2821.000000	97.788768 
2820.000000	97.788633 
2819.000000	97.788235 
2818.000000	97.789279 
2817.000000	97.792273 
2816.000000	97.797039 
2815.000000	97.803181 
2814.000000	97.810120 
2813.000000	97.816988 
2812.000000	97.822538 
2811.000000	97.825473 
2810.000000	97.825663 
2809.000000	97.825099 
2808.000000	97.826648 
2807.000000	97.831374 
2806.000000	97.837818 
2805.000000	97.844156 
2804.000000	97.850008 
2803.000000	97.855416 
2802.000000	97.859328 
2801.000000	97.860567 
2800.000000	97.859851 
2799.000000	97.859501 
2798.000000	97.860995 
2797.000000	97.863687 
2796.000000	97.866084 
2795.000000	97.867644 
2794.000000	97.869111 
2793.000000	97.871462 
2792.000000	97.874784 
2791.000000	97.878080 
2790.000000	97.880249 
2789.000000	97.881273 
2788.000000	97.882246 
2787.000000	97.884175 
2786.000000	97.887150 
2785.000000	97.890685 
2784.000000	97.894353 
2783.000000	97.897840 
2782.000000	97.900755 
2781.000000	97.902907 
2780.000000	97.904647 
2779.000000	97.906615 
2778.000000	97.909110 
2777.000000	97.911888 
2776.000000	97.914564 
2775.000000	97.917024 
2774.000000	97.919423 
2773.000000	97.921907 
2772.000000	97.924461 
2771.000000	97.926945 
2770.000000	97.929213 
2769.000000	97.931275 
2768.000000	97.933340 
2767.000000	97.935653 
2766.000000	97.938212 
2765.000000	97.940720 
2764.000000	97.942833 
2763.000000	97.944428 
2762.000000	97.945601 
2761.000000	97.946548 
2760.000000	97.947488 
2759.000000	97.948618 
2758.000000	97.950070 
2757.000000	97.951897 
2756.000000	97.954078 
2755.000000	97.956491 
2754.000000	97.958879 
2753.000000	97.960957 
2752.000000	97.962641 
2751.000000	97.964096 
2750.000000	97.965616 
2749.000000	97.967354 
2748.000000	97.969213 
2747.000000	97.970972 
2746.000000	97.972525 
2745.000000	97.973947 
2744.000000	97.975394 
2743.000000	97.976939 
2742.000000	97.978541 
2741.000000	97.980119 
2740.000000	97.981640 
2739.000000	97.983128 
2738.000000	97.984604 
2737.000000	97.986080 
2736.000000	97.987565 
2735.000000	97.989082 
2734.000000	97.990638 
2733.000000	97.992213 
2732.000000	97.993777 
2731.000000	97.995320 
2730.000000	97.996847 
2729.000000	97.998368 
2728.000000	97.999883 
2727.000000	98.001388 
2726.000000	98.002885 
2725.000000	98.004374 
2724.000000	98.005858 
2723.000000	98.007341 
2722.000000	98.008830 
2721.000000	98.010330 
2720.000000	98.011847 
2719.000000	98.013383 
2718.000000	98.014937 
2717.000000	98.016500 
2716.000000	98.018057 
2715.000000	98.019594 
2714.000000	98.021106 
2713.000000	98.022595 
2712.000000	98.024067 
2711.000000	98.025533 
2710.000000	98.027000 
2709.000000	98.028473 
2708.000000	98.029955 
2707.000000	98.031446 
2706.000000	98.032945 
2705.000000	98.034448 
2704.000000	98.035943 
2703.000000	98.037409 
2702.000000	98.038836 
2701.000000	98.040239 
2700.000000	98.041655 
2699.000000	98.043108 
2698.000000	98.044590 
2697.000000	98.046038 
2696.000000	98.047381 
2695.000000	98.048602 
2694.000000	98.049753 
2693.000000	98.050904 
2692.000000	98.052076 
2691.000000	98.053252 
2690.000000	98.054411 
2689.000000	98.055560 
2688.000000	98.056723 
2687.000000	98.057904 
2686.000000	98.059076 
2685.000000	98.060208 
2684.000000	98.061289 
2683.000000	98.062333 
2682.000000	98.063356 
2681.000000	98.064349 
2680.000000	98.065283 
2679.000000	98.066148 
2678.000000	98.066979 
2677.000000	98.067827 
2676.000000	98.068683 
2675.000000	98.069463 
2674.000000	98.070114 
2673.000000	98.070672 
2672.000000	98.071241 
2671.000000	98.071861 
2670.000000	98.072492 
2669.000000	98.073084 
2668.000000	98.073634 
2667.000000	98.074164 
2666.000000	98.074685 
2665.000000	98.075191 
2664.000000	98.075676 
2663.000000	98.076144 
2662.000000	98.076594 
2661.000000	98.077027 
2660.000000	98.077439 
2659.000000	98.077823 
2658.000000	98.078180 
2657.000000	98.078514 
2656.000000	98.078837 
2655.000000	98.079157 
2654.000000	98.079476 
2653.000000	98.079789 
2652.000000	98.080091 
2651.000000	98.080385 
2650.000000	98.080675 
2649.000000	98.080961 
2648.000000	98.081238 
2647.000000	98.081498 
2646.000000	98.081738 
2645.000000	98.081964 
2644.000000	98.082188 
2643.000000	98.082423 
2642.000000	98.082680 
2641.000000	98.082968 
2640.000000	98.083288 
2639.000000	98.083636 
2638.000000	98.084008 
2637.000000	98.084404 
2636.000000	98.084815 
2635.000000	98.085230 
2634.000000	98.085644 
2633.000000	98.086070 
2632.000000	98.086524 
2631.000000	98.086993 
2630.000000	98.087439 
2629.000000	98.087839 
2628.000000	98.088222 
2627.000000	98.088670 
2626.000000	98.089241 
2625.000000	98.089945 
2624.000000	98.090719 
2623.000000	98.091466 
2622.000000	98.092106 
2621.000000	98.092620 
2620.000000	98.093058 
2619.000000	98.093447 
2618.000000	98.093770 
2617.000000	98.094084 
2616.000000	98.094582 
2615.000000	98.095397 
2614.000000	98.096417 
2613.000000	98.097351 
2612.000000	98.098045 
2611.000000	98.098607 
2610.000000	98.099273 
2609.000000	98.100185 
2608.000000	98.101282 
2607.000000	98.102368 
2606.000000	98.103316 
2605.000000	98.104240 
2604.000000	98.105328 
2603.000000	98.106482 
2602.000000	98.107370 
2601.000000	98.107923 
2600.000000	98.108481 
2599.000000	98.109216 
2598.000000	98.109748 
2597.000000	98.109705 
2596.000000	98.109352 
2595.000000	98.109308 
2594.000000	98.109749 
2593.000000	98.110372 
2592.000000	98.111086 
2591.000000	98.112194 
2590.000000	98.113749 
2589.000000	98.115153 
2588.000000	98.115866 
2587.000000	98.116100 
2586.000000	98.116524 
2585.000000	98.117393 
2584.000000	98.118432 
2583.000000	98.119328 
2582.000000	98.119976 
2581.000000	98.120361 
2580.000000	98.120546 
2579.000000	98.120723 
2578.000000	98.121001 
2577.000000	98.121230 
2576.000000	98.121258 
2575.000000	98.121180 
2574.000000	98.121154 
2573.000000	98.121141 
2572.000000	98.121077 
2571.000000	98.121125 
2570.000000	98.121467 
2569.000000	98.122046 
2568.000000	98.122755 
2567.000000	98.123648 
2566.000000	98.124774 
2565.000000	98.125883 
2564.000000	98.126552 
2563.000000	98.126615 
2562.000000	98.126260 
2561.000000	98.125868 
2560.000000	98.125833 
2559.000000	98.126392 
2558.000000	98.127478 
2557.000000	98.128699 
2556.000000	98.129629 
2555.000000	98.130207 
2554.000000	98.130728 
2553.000000	98.131448 
2552.000000	98.132342 
2551.000000	98.133272 
2550.000000	98.134184 
2549.000000	98.134984 
2548.000000	98.135407 
2547.000000	98.135269 
2546.000000	98.134822 
2545.000000	98.134543 
2544.000000	98.134670 
2543.000000	98.135090 
2542.000000	98.135608 
2541.000000	98.136204 
2540.000000	98.136894 
2539.000000	98.137590 
2538.000000	98.138210 
2537.000000	98.138751 
2536.000000	98.139253 
2535.000000	98.139744 
2534.000000	98.140222 
2533.000000	98.140694 
2532.000000	98.141170 
2531.000000	98.141650 
2530.000000	98.142123 
2529.000000	98.142574 
2528.000000	98.142991 
2527.000000	98.143383 
2526.000000	98.143772 
2525.000000	98.144175 
2524.000000	98.144591 
2523.000000	98.144999 
2522.000000	98.145379 
2521.000000	98.145724 
2520.000000	98.146041 
2519.000000	98.146344 
2518.000000	98.146646 
2517.000000	98.146952 
2516.000000	98.147261 
2515.000000	98.147571 
2514.000000	98.147879 
2513.000000	98.148186 
2512.000000	98.148490 
2511.000000	98.148791 
2510.000000	98.149098 
2509.000000	98.149421 
2508.000000	98.149766 
2507.000000	98.150137 
2506.000000	98.150544 
2505.000000	98.151003 
2504.000000	98.151520 
2503.000000	98.152068 
2502.000000	98.152601 
2501.000000	98.153085 
2500.000000	98.153520 
2499.000000	98.153932 
2498.000000	98.154352 
2497.000000	98.154794 
2496.000000	98.155261 
2495.000000	98.155741 
2494.000000	98.156225 
2493.000000	98.156707 
2492.000000	98.157189 
2491.000000	98.157669 
2490.000000	98.158142 
2489.000000	98.158598 
2488.000000	98.159028 
2487.000000	98.159432 
2486.000000	98.159819 
2485.000000	98.160199 
2484.000000	98.160566 
2483.000000	98.160911 
2482.000000	98.161236 
2481.000000	98.161501 
2480.000000	98.161710 
2479.000000	98.161995 
2478.000000	98.162519 
2477.000000	98.163381 
2476.000000	98.164572 
2475.000000	98.165856 
2474.000000	98.166707 
2473.000000	98.166681 
2472.000000	98.165926 
2471.000000	98.165114 
2470.000000	98.164800 
2469.000000	98.165100 
2468.000000	98.165846 
2467.000000	98.166656 
2466.000000	98.166930 
2465.000000	98.166213 
2464.000000	98.164779 
2463.000000	98.163615 
2462.000000	98.163565 
2461.000000	98.164556 
2460.000000	98.165650 
2459.000000	98.165730 
2458.000000	98.164321 
2457.000000	98.162119 
2456.000000	98.160445 
2455.000000	98.160124 
2454.000000	98.160804 
2453.000000	98.161431 
2452.000000	98.161269 
2451.000000	98.160346 
2450.000000	98.159306 
2449.000000	98.158889 
2448.000000	98.159115 
2447.000000	98.158849 
2446.000000	98.156761 
2445.000000	98.153021 
2444.000000	98.149487 
2443.000000	98.147860 
2442.000000	98.148324 
2441.000000	98.150093 
2440.000000	98.152521 
2439.000000	98.155466 
2438.000000	98.159092 
2437.000000	98.163727 
2436.000000	98.169107 
2435.000000	98.173538 
2434.000000	98.174927 
2433.000000	98.173022 
2432.000000	98.169954 
2431.000000	98.168222 
2430.000000	98.168487 
2429.000000	98.169915 
2428.000000	98.171755 
2427.000000	98.173757 
2426.000000	98.175480 
2425.000000	98.176138 
2424.000000	98.175283 
2423.000000	98.173376 
2422.000000	98.171701 
2421.000000	98.171569 
2420.000000	98.173356 
2419.000000	98.176072 
2418.000000	98.178216 
2417.000000	98.179290 
2416.000000	98.179941 
2415.000000	98.180657 
2414.000000	98.181226 
2413.000000	98.181704 
2412.000000	98.182788 
2411.000000	98.184530 
2410.000000	98.185689 
2409.000000	98.185346 
2408.000000	98.184451 
2407.000000	98.184665 
2406.000000	98.185921 
2405.000000	98.186398 
2404.000000	98.184937 
2403.000000	98.182337 
2402.000000	98.180213 
2401.000000	98.179415 
2400.000000	98.179805 
2399.000000	98.180817 
2398.000000	98.181868 
2397.000000	98.182637 
2396.000000	98.183088 
2395.000000	98.182961 
2394.000000	98.181559 
2393.000000	98.178813 
2392.000000	98.175979 
2391.000000	98.174551 
2390.000000	98.174645 
2389.000000	98.175172 
2388.000000	98.175550 
2387.000000	98.176264 
2386.000000	98.177724 
2385.000000	98.179432 
2384.000000	98.180603 
2383.000000	98.180804 
2382.000000	98.179599 
2381.000000	98.176355 
2380.000000	98.171039 
2379.000000	98.164867 
2378.000000	98.159643 
2377.000000	98.156471 
2376.000000	98.155481 
2375.000000	98.156329 
2374.000000	98.158218 
2373.000000	98.159717 
2372.000000	98.159545 
2371.000000	98.157709 
2370.000000	98.155371 
2369.000000	98.153491 
2368.000000	98.152112 
2367.000000	98.151144 
2366.000000	98.151013 
2365.000000	98.151971 
2364.000000	98.153390 
2363.000000	98.154267 
2362.000000	98.154310 
2361.000000	98.154021 
2360.000000	98.154063 
2359.000000	98.154663 
2358.000000	98.155515 
2357.000000	98.156180 
2356.000000	98.156411 
2355.000000	98.156092 
2354.000000	98.155067 
2353.000000	98.153734 
2352.000000	98.153257 
2351.000000	98.154276 
2350.000000	98.156337 
2349.000000	98.158307 
2348.000000	98.159525 
2347.000000	98.160135 
2346.000000	98.160796 
2345.000000	98.162094 
2344.000000	98.163928 
2343.000000	98.165667 
2342.000000	98.166851 
2341.000000	98.167652 
2340.000000	98.168546 
2339.000000	98.169639 
2338.000000	98.170541 
2337.000000	98.171011 
2336.000000	98.171506 
2335.000000	98.172581 
2334.000000	98.174014 
2333.000000	98.175160 
2332.000000	98.176136 
2331.000000	98.177680 
2330.000000	98.180021 
2329.000000	98.182503 
2328.000000	98.184630 
2327.000000	98.186416 
2326.000000	98.187918 
2325.000000	98.189241 
2324.000000	98.190811 
2323.000000	98.193107 
2322.000000	98.195562 
2321.000000	98.196975 
2320.000000	98.197183 
2319.000000	98.197669 
2318.000000	98.199894 
2317.000000	98.203518 
2316.000000	98.206932 
2315.000000	98.208850 
2314.000000	98.209067 
2313.000000	98.208033 
2312.000000	98.206781 
2311.000000	98.206452 
2310.000000	98.207182 
2309.000000	98.207724 
2308.000000	98.206885 
2307.000000	98.205185 
2306.000000	98.204197 
2305.000000	98.204846 
2304.000000	98.206725 
2303.000000	98.209153 
2302.000000	98.211933 
2301.000000	98.214973 
2300.000000	98.217643 
2299.000000	98.218759 
2298.000000	98.217349 
2297.000000	98.213300 
2296.000000	98.207907 
2295.000000	98.203445 
2294.000000	98.201494 
2293.000000	98.201568 
2292.000000	98.201821 
2291.000000	98.201267 
2290.000000	98.200867 
2289.000000	98.202275 
2288.000000	98.205590 
2287.000000	98.208991 
2286.000000	98.210484 
2285.000000	98.209760 
2284.000000	98.208072 
2283.000000	98.206579 
2282.000000	98.205394 
2281.000000	98.204173 
2280.000000	98.202970 
2279.000000	98.202063 
2278.000000	98.201308 
2277.000000	98.200315 
2276.000000	98.199235 
2275.000000	98.198825 
2274.000000	98.199563 
2273.000000	98.201143 
2272.000000	98.202810 
2271.000000	98.203954 
2270.000000	98.204481 
2269.000000	98.204707 
2268.000000	98.205000 
2267.000000	98.205386 
2266.000000	98.205560 
2265.000000	98.205363 
2264.000000	98.204997 
2263.000000	98.204739 
2262.000000	98.204650 
2261.000000	98.204644 
2260.000000	98.204656 
2259.000000	98.204669 
2258.000000	98.204684 
2257.000000	98.204712 
2256.000000	98.204766 
2255.000000	98.204846 
2254.000000	98.204949 
2253.000000	98.205069 
2252.000000	98.205204 
2251.000000	98.205350 
2250.000000	98.205492 
2249.000000	98.205612 
2248.000000	98.205703 
2247.000000	98.205783 
2246.000000	98.205870 
2245.000000	98.205964 
2244.000000	98.206047 
2243.000000	98.206108 
2242.000000	98.206163 
2241.000000	98.206238 
2240.000000	98.206350 
2239.000000	98.206495 
2238.000000	98.206655 
2237.000000	98.206814 
2236.000000	98.206966 
2235.000000	98.207117 
2234.000000	98.207282 
2233.000000	98.207472 
2232.000000	98.207687 
2231.000000	98.207933 
2230.000000	98.208208 
2229.000000	98.208458 
2228.000000	98.208598 
2227.000000	98.208636 
2226.000000	98.208694 
2225.000000	98.208843 
2224.000000	98.208955 
2223.000000	98.208800 
2222.000000	98.208353 
2221.000000	98.207898 
2220.000000	98.207632 
2219.000000	98.207492 
2218.000000	98.207450 
2217.000000	98.207684 
2216.000000	98.208289 
2215.000000	98.209002 
2214.000000	98.209358 
2213.000000	98.209087 
2212.000000	98.208380 
2211.000000	98.207863 
2210.000000	98.208193 
2209.000000	98.209491 
2208.000000	98.211182 
2207.000000	98.212560 
2206.000000	98.213495 
2205.000000	98.214383 
2204.000000	98.215556 
2203.000000	98.216965 
2202.000000	98.218392 
2201.000000	98.219627 
2200.000000	98.220369 
2199.000000	98.220353 
2198.000000	98.219759 
2197.000000	98.219358 
2196.000000	98.219780 
2195.000000	98.220749 
2194.000000	98.221543 
2193.000000	98.222271 
2192.000000	98.224090 
2191.000000	98.227686 
2190.000000	98.231773 
2189.000000	98.233919 
2188.000000	98.233122 
2187.000000	98.230384 
2186.000000	98.227387 
2185.000000	98.224873 
2184.000000	98.223060 
2183.000000	98.222672 
2182.000000	98.224303 
2181.000000	98.227314 
2180.000000	98.229993 
2179.000000	98.231256 
2178.000000	98.231418 
2177.000000	98.231422 
2176.000000	98.231915 
2175.000000	98.232975 
2174.000000	98.234359 
2173.000000	98.235733 
2172.000000	98.236858 
2171.000000	98.237697 
2170.000000	98.238327 
2169.000000	98.238766 
2168.000000	98.238992 
2167.000000	98.239081 
2166.000000	98.239190 
2165.000000	98.239403 
2164.000000	98.239703 
2163.000000	98.240150 
2162.000000	98.240958 
2161.000000	98.242251 
2160.000000	98.243774 
2159.000000	98.244958 
2158.000000	98.245398 
2157.000000	98.245181 
2156.000000	98.244793 
2155.000000	98.244691 
2154.000000	98.244980 
2153.000000	98.245491 
2152.000000	98.245999 
2151.000000	98.246367 
2150.000000	98.246535 
2149.000000	98.246502 
2148.000000	98.246374 
2147.000000	98.246352 
2146.000000	98.246636 
2145.000000	98.247374 
2144.000000	98.248611 
2143.000000	98.250076 
2142.000000	98.250998 
2141.000000	98.250629 
2140.000000	98.249091 
2139.000000	98.247706 
2138.000000	98.247743 
2137.000000	98.249068 
2136.000000	98.250199 
2135.000000	98.250106 
2134.000000	98.249293 
2133.000000	98.248807 
2132.000000	98.249088 
2131.000000	98.250213 
2130.000000	98.252571 
2129.000000	98.256523 
2128.000000	98.261390 
2127.000000	98.265246 
2126.000000	98.266112 
2125.000000	98.263423 
2124.000000	98.258686 
2123.000000	98.254777 
2122.000000	98.253710 
2121.000000	98.255084 
2120.000000	98.256610 
2119.000000	98.256381 
2118.000000	98.254573 
2117.000000	98.252702 
2116.000000	98.251603 
2115.000000	98.250623 
2114.000000	98.248709 
2113.000000	98.245834 
2112.000000	98.243145 
2111.000000	98.241854 
2110.000000	98.242287 
2109.000000	98.244006 
2108.000000	98.246495 
2107.000000	98.249277 
2106.000000	98.251526 
2105.000000	98.252452 
2104.000000	98.252331 
2103.000000	98.252354 
2102.000000	98.252833 
2101.000000	98.252229 
2100.000000	98.249040 
2099.000000	98.244395 
2098.000000	98.241682 
2097.000000	98.242917 
2096.000000	98.247056 
2095.000000	98.251579 
2094.000000	98.255022 
2093.000000	98.257402 
2092.000000	98.258932 
2091.000000	98.259759 
2090.000000	98.260429 
2089.000000	98.261571 
2088.000000	98.263082 
2087.000000	98.264213 
2086.000000	98.264521 
2085.000000	98.264320 
2084.000000	98.264175 
2083.000000	98.264359 
2082.000000	98.264909 
2081.000000	98.265927 
2080.000000	98.267570 
2079.000000	98.269762 
2078.000000	98.272049 
2077.000000	98.273917 
2076.000000	98.275193 
2075.000000	98.276121 
2074.000000	98.277105 
2073.000000	98.278287 
2072.000000	98.279513 
2071.000000	98.280650 
2070.000000	98.281747 
2069.000000	98.282943 
2068.000000	98.284300 
2067.000000	98.285776 
2066.000000	98.287279 
2065.000000	98.288692 
2064.000000	98.289960 
2063.000000	98.291144 
2062.000000	98.292352 
2061.000000	98.293704 
2060.000000	98.295286 
2059.000000	98.297138 
2058.000000	98.299117 
2057.000000	98.300995 
2056.000000	98.302619 
2055.000000	98.303923 
2054.000000	98.304954 
2053.000000	98.305924 
2052.000000	98.307103 
2051.000000	98.308496 
2050.000000	98.309688 
2049.000000	98.310260 
2048.000000	98.310336 
2047.000000	98.310529 
2046.000000	98.311237 
2045.000000	98.312331 
2044.000000	98.313523 
2043.000000	98.314703 
2042.000000	98.315905 
2041.000000	98.317192 
2040.000000	98.318674 
2039.000000	98.320504 
2038.000000	98.322617 
2037.000000	98.324524 
2036.000000	98.325627 
2035.000000	98.325791 
2034.000000	98.325507 
2033.000000	98.325512 
2032.000000	98.326105 
2031.000000	98.326906 
2030.000000	98.327264 
2029.000000	98.326936 
2028.000000	98.326307 
2027.000000	98.325941 
2026.000000	98.325992 
2025.000000	98.326245 
2024.000000	98.326618 
2023.000000	98.327336 
2022.000000	98.328522 
2021.000000	98.329767 
2020.000000	98.330279 
2019.000000	98.329695 
2018.000000	98.328326 
2017.000000	98.326846 
2016.000000	98.325675 
2015.000000	98.324753 
2014.000000	98.323861 
2013.000000	98.322905 
2012.000000	98.321967 
2011.000000	98.321160 
2010.000000	98.320467 
2009.000000	98.319782 
2008.000000	98.319028 
2007.000000	98.318178 
2006.000000	98.317214 
2005.000000	98.316130 
2004.000000	98.314941 
2003.000000	98.313699 
2002.000000	98.312474 
2001.000000	98.311303 
2000.000000	98.310157 
1999.000000	98.308963 
1998.000000	98.307669 
1997.000000	98.306278 
1996.000000	98.304838 
1995.000000	98.303400 
1994.000000	98.301996 
1993.000000	98.300636 
1992.000000	98.299307 
1991.000000	98.297993 
1990.000000	98.296685 
1989.000000	98.295383 
1988.000000	98.294086 
1987.000000	98.292786 
1986.000000	98.291482 
1985.000000	98.290184 
1984.000000	98.288914 
1983.000000	98.287690 
1982.000000	98.286520 
1981.000000	98.285397 
1980.000000	98.284302 
1979.000000	98.283214 
1978.000000	98.282127 
1977.000000	98.281059 
1976.000000	98.280031 
1975.000000	98.279040 
1974.000000	98.278096 
1973.000000	98.277259 
1972.000000	98.276603 
1971.000000	98.276075 
1970.000000	98.275429 
1969.000000	98.274351 
1968.000000	98.272626 
1967.000000	98.270330 
1966.000000	98.267969 
1965.000000	98.266284 
1964.000000	98.265790 
1963.000000	98.266427 
1962.000000	98.267786 
1961.000000	98.269468 
1960.000000	98.270867 
1959.000000	98.270980 
1958.000000	98.269306 
1957.000000	98.266928 
1956.000000	98.265501 
1955.000000	98.265157 
1954.000000	98.264432 
1953.000000	98.262531 
1952.000000	98.260429 
1951.000000	98.259247 
1950.000000	98.258922 
1949.000000	98.259210 
1948.000000	98.260697 
1947.000000	98.263743 
1946.000000	98.267204 
1945.000000	98.269372 
1944.000000	98.269636 
1943.000000	98.268372 
1942.000000	98.265894 
1941.000000	98.262322 
1940.000000	98.258031 
1939.000000	98.253383 
1938.000000	98.248721 
1937.000000	98.245305 
1936.000000	98.244793 
1935.000000	98.246745 
1934.000000	98.248044 
1933.000000	98.246843 
1932.000000	98.245356 
1931.000000	98.246607 
1930.000000	98.250142 
1929.000000	98.252952 
1928.000000	98.253832 
1927.000000	98.254002 
1926.000000	98.254005 
1925.000000	98.252933 
1924.000000	98.250549 
1923.000000	98.247819 
1922.000000	98.245047 
1921.000000	98.241607 
1920.000000	98.238112 
1919.000000	98.236447 
1918.000000	98.236634 
1917.000000	98.235774 
1916.000000	98.231805 
1915.000000	98.226466 
1914.000000	98.222842 
1913.000000	98.221843 
1912.000000	98.221988 
1911.000000	98.221489 
1910.000000	98.219975 
1909.000000	98.218217 
1908.000000	98.216983 
1907.000000	98.216183 
1906.000000	98.214960 
1905.000000	98.212748 
1904.000000	98.210128 
1903.000000	98.208379 
1902.000000	98.207968 
1901.000000	98.208008 
1900.000000	98.207536 
1899.000000	98.206738 
1898.000000	98.206366 
1897.000000	98.206559 
1896.000000	98.206705 
1895.000000	98.206291 
1894.000000	98.205410 
1893.000000	98.204393 
1892.000000	98.203423 
1891.000000	98.202557 
1890.000000	98.201862 
1889.000000	98.201382 
1888.000000	98.201056 
1887.000000	98.200785 
1886.000000	98.200505 
1885.000000	98.200173 
1884.000000	98.199774 
1883.000000	98.199349 
1882.000000	98.198993 
1881.000000	98.198794 
1880.000000	98.198783 
1879.000000	98.198940 
1878.000000	98.199122 
1877.000000	98.199132 
1876.000000	98.198903 
1875.000000	98.198537 
1874.000000	98.198232 
1873.000000	98.198076 
1872.000000	98.198049 
1871.000000	98.198105 
1870.000000	98.198202 
1869.000000	98.198325 
1868.000000	98.198472 
1867.000000	98.198637 
1866.000000	98.198808 
1865.000000	98.198962 
1864.000000	98.199094 
1863.000000	98.199263 
1862.000000	98.199546 
1861.000000	98.199943 
1860.000000	98.200369 
1859.000000	98.200767 
1858.000000	98.201173 
1857.000000	98.201639 
1856.000000	98.202141 
1855.000000	98.202600 
1854.000000	98.202980 
1853.000000	98.203319 
1852.000000	98.203729 
1851.000000	98.204321 
1850.000000	98.205098 
1849.000000	98.205941 
1848.000000	98.206742 
1847.000000	98.207537 
1846.000000	98.208423 
1845.000000	98.209361 
1844.000000	98.210148 
1843.000000	98.210718 
1842.000000	98.211243 
1841.000000	98.211903 
1840.000000	98.212731 
1839.000000	98.213645 
1838.000000	98.214458 
1837.000000	98.214982 
1836.000000	98.215246 
1835.000000	98.215536 
1834.000000	98.216143 
1833.000000	98.217094 
1832.000000	98.218174 
1831.000000	98.219160 
1830.000000	98.219994 
1829.000000	98.220805 
1828.000000	98.221676 
1827.000000	98.222556 
1826.000000	98.223372 
1825.000000	98.224087 
1824.000000	98.224685 
1823.000000	98.225162 
1822.000000	98.225554 
1821.000000	98.225920 
1820.000000	98.226294 
1819.000000	98.226692 
1818.000000	98.227140 
1817.000000	98.227644 
1816.000000	98.228151 
1815.000000	98.228616 
1814.000000	98.229068 
1813.000000	98.229564 
1812.000000	98.230097 
1811.000000	98.230589 
1810.000000	98.231008 
1809.000000	98.231383 
1808.000000	98.231747 
1807.000000	98.232106 
1806.000000	98.232467 
1805.000000	98.232856 
1804.000000	98.233288 
1803.000000	98.233732 
1802.000000	98.234129 
1801.000000	98.234470 
1800.000000	98.234814 
1799.000000	98.235128 
1798.000000	98.235393 
1797.000000	98.235695 
1796.000000	98.235998 
1795.000000	98.236307 
1794.000000	98.236947 
1793.000000	98.238189 
1792.000000	98.239476 
1791.000000	98.239766 
1790.000000	98.239097 
1789.000000	98.238697 
1788.000000	98.239584 
1787.000000	98.241688 
1786.000000	98.243954 
1785.000000	98.245081 
1784.000000	98.244288 
1783.000000	98.242137 
1782.000000	98.240251 
1781.000000	98.239820 
1780.000000	98.240665 
1779.000000	98.241612 
1778.000000	98.242291 
1777.000000	98.242977 
1776.000000	98.243431 
1775.000000	98.243678 
1774.000000	98.244644 
1773.000000	98.247312 
1772.000000	98.251522 
1771.000000	98.255510 
1770.000000	98.257327 
1769.000000	98.256986 
1768.000000	98.256028 
1767.000000	98.255299 
1766.000000	98.254617 
1765.000000	98.254744 
1764.000000	98.257791 
1763.000000	98.264118 
1762.000000	98.269932 
1761.000000	98.271679 
1760.000000	98.270367 
1759.000000	98.268684 
1758.000000	98.267251 
1757.000000	98.264118 
1756.000000	98.259374 
1755.000000	98.255706 
1754.000000	98.253996 
1753.000000	98.252627 
1752.000000	98.249588 
1751.000000	98.244493 
1750.000000	98.238790 
1749.000000	98.234240 
1748.000000	98.232049 
1747.000000	98.232258 
1746.000000	98.232228 
1745.000000	98.230298 
1744.000000	98.229278 
1743.000000	98.231504 
1742.000000	98.234439 
1741.000000	98.235254 
1740.000000	98.235183 
1739.000000	98.236224 
1738.000000	98.236110 
1737.000000	98.231836 
1736.000000	98.225239 
1735.000000	98.218979 
1734.000000	98.211476 
1733.000000	98.204250 
1732.000000	98.201817 
1731.000000	98.204823 
1730.000000	98.210654 
1729.000000	98.213634 
1728.000000	98.211609 
1727.000000	98.207702 
1726.000000	98.205164 
1725.000000	98.203380 
1724.000000	98.200754 
1723.000000	98.197330 
1722.000000	98.194787 
1721.000000	98.193568 
1720.000000	98.192881 
1719.000000	98.189747 
1718.000000	98.180080 
1717.000000	98.168338 
1716.000000	98.160356 
1715.000000	98.153702 
1714.000000	98.147360 
1713.000000	98.142494 
1712.000000	98.137738 
1711.000000	98.131580 
1710.000000	98.123939 
1709.000000	98.115376 
1708.000000	98.107264 
1707.000000	98.100801 
1706.000000	98.094882 
1705.000000	98.086155 
1704.000000	98.070155 
1703.000000	98.047021 
1702.000000	98.023608 
1701.000000	98.006408 
1700.000000	97.991431 
1699.000000	97.972139 
1698.000000	97.952727 
1697.000000	97.940796 
1696.000000	97.936276 
1695.000000	97.932209 
1694.000000	97.925884 
1693.000000	97.918070 
1692.000000	97.908481 
1691.000000	97.896996 
1690.000000	97.883904 
1689.000000	97.867831 
1688.000000	97.847002 
1687.000000	97.823269 
1686.000000	97.803988 
1685.000000	97.795141 
1684.000000	97.790052 
1683.000000	97.780981 
1682.000000	97.768000 
1681.000000	97.751418 
1680.000000	97.734172 
1679.000000	97.718865 
1678.000000	97.706551 
1677.000000	97.696170 
1676.000000	97.686033 
1675.000000	97.673750 
1674.000000	97.657378 
1673.000000	97.636952 
1672.000000	97.615145 
1671.000000	97.595913 
1670.000000	97.581009 
1669.000000	97.566928 
1668.000000	97.551207 
1667.000000	97.535827 
1666.000000	97.522124 
1665.000000	97.510986 
1664.000000	97.502155 
1663.000000	97.491386 
1662.000000	97.474233 
1661.000000	97.451128 
1660.000000	97.428072 
1659.000000	97.411281 
1658.000000	97.401401 
1657.000000	97.391019 
1656.000000	97.374960 
1655.000000	97.356815 
1654.000000	97.337033 
1653.000000	97.304213 
1652.000000	97.271806 
1651.000000	97.260282 
1650.000000	97.258095 
1649.000000	97.253384 
1648.000000	97.241101 
1647.000000	97.224283 
1646.000000	97.209083 
1645.000000	97.201028 
1644.000000	97.197056 
1643.000000	97.194096 
1642.000000	97.192242 
1641.000000	97.192576 
1640.000000	97.193373 
1639.000000	97.191169 
1638.000000	97.185910 
1637.000000	97.180742 
1636.000000	97.175828 
1635.000000	97.171675 
1634.000000	97.170021 
1633.000000	97.168907 
1632.000000	97.167256 
1631.000000	97.169259 
1630.000000	97.179949 
1629.000000	97.197352 
1628.000000	97.214708 
1627.000000	97.229506 
1626.000000	97.243715 
1625.000000	97.258479 
1624.000000	97.273763 
1623.000000	97.290844 
1622.000000	97.310103 
1621.000000	97.325818 
1620.000000	97.333476 
1619.000000	97.337483 
1618.000000	97.347201 
1617.000000	97.363679 
1616.000000	97.380087 
1615.000000	97.397622 
1614.000000	97.418689 
1613.000000	97.438471 
1612.000000	97.451758 
1611.000000	97.459430 
1610.000000	97.467342 
1609.000000	97.479457 
1608.000000	97.495509 
1607.000000	97.513775 
1606.000000	97.530983 
1605.000000	97.543403 
1604.000000	97.552091 
1603.000000	97.562170 
1602.000000	97.575758 
1601.000000	97.589353 
1600.000000	97.600200 
1599.000000	97.610594 
1598.000000	97.622955 
1597.000000	97.635788 
1596.000000	97.646592 
1595.000000	97.656014 
1594.000000	97.666385 
1593.000000	97.677524 
1592.000000	97.687855 
1591.000000	97.697906 
1590.000000	97.709194 
1589.000000	97.721198 
1588.000000	97.732764 
1587.000000	97.744446 
1586.000000	97.756622 
1585.000000	97.767195 
1584.000000	97.774530 
1583.000000	97.780720 
1582.000000	97.788927 
1581.000000	97.798992 
1580.000000	97.808300 
1579.000000	97.816370 
1578.000000	97.826116 
1577.000000	97.839721 
1576.000000	97.854497 
1575.000000	97.868397 
1574.000000	97.881558 
1573.000000	97.892903 
1572.000000	97.903887 
1571.000000	97.917841 
1570.000000	97.933674 
1569.000000	97.944931 
1568.000000	97.950660 
1567.000000	97.956086 
1566.000000	97.964058 
1565.000000	97.972137 
1564.000000	97.977852 
1563.000000	97.980771 
1562.000000	97.983438 
1561.000000	97.990191 
1560.000000	98.004407 
1559.000000	98.020785 
1558.000000	98.035166 
1557.000000	98.047750 
1556.000000	98.055875 
1555.000000	98.063240 
1554.000000	98.069736 
1553.000000	98.077203 
1552.000000	98.085289 
1551.000000	98.092992 
1550.000000	98.098288 
1549.000000	98.102237 
1548.000000	98.107601 
1547.000000	98.115950 
1546.000000	98.125259 
1545.000000	98.131664 
1544.000000	98.133816 
1543.000000	98.133797 
1542.000000	98.135322 
1541.000000	98.141203 
1540.000000	98.146258 
1539.000000	98.146987 
1538.000000	98.147760 
1537.000000	98.149477 
1536.000000	98.151095 
1535.000000	98.154168 
1534.000000	98.160576 
1533.000000	98.168275 
1532.000000	98.174029 
1531.000000	98.176223 
1530.000000	98.177201 
1529.000000	98.179814 
1528.000000	98.183790 
1527.000000	98.187450 
1526.000000	98.189760 
1525.000000	98.190952 
1524.000000	98.192181 
1523.000000	98.195277 
1522.000000	98.200808 
1521.000000	98.205499 
1520.000000	98.205834 
1519.000000	98.202379 
1518.000000	98.198482 
1517.000000	98.197644 
1516.000000	98.200755 
1515.000000	98.206261 
1514.000000	98.212259 
1513.000000	98.217918 
1512.000000	98.221943 
1511.000000	98.221726 
1510.000000	98.216511 
1509.000000	98.209303 
1508.000000	98.205478 
1507.000000	98.205328 
1506.000000	98.205303 
1505.000000	98.205198 
1504.000000	98.205639 
1503.000000	98.206337 
1502.000000	98.205448 
1501.000000	98.202738 
1500.000000	98.198962 
1499.000000	98.195565 
1498.000000	98.192374 
1497.000000	98.189787 
1496.000000	98.188593 
1495.000000	98.188376 
1494.000000	98.189645 
1493.000000	98.194433 
1492.000000	98.203809 
1491.000000	98.214595 
1490.000000	98.220512 
1489.000000	98.219979 
1488.000000	98.215153 
1487.000000	98.207191 
1486.000000	98.198685 
1485.000000	98.190849 
1484.000000	98.183632 
1483.000000	98.178282 
1482.000000	98.175151 
1481.000000	98.172816 
1480.000000	98.169229 
1479.000000	98.164392 
1478.000000	98.159953 
1477.000000	98.156491 
1476.000000	98.151682 
1475.000000	98.143269 
1474.000000	98.133507 
1473.000000	98.127468 
1472.000000	98.126714 
1471.000000	98.126439 
1470.000000	98.122612 
1469.000000	98.116009 
1468.000000	98.108590 
1467.000000	98.101326 
1466.000000	98.095593 
1465.000000	98.092677 
1464.000000	98.091521 
1463.000000	98.088538 
1462.000000	98.081886 
1461.000000	98.073551 
1460.000000	98.066462 
1459.000000	98.061760 
1458.000000	98.054707 
1457.000000	98.039851 
1456.000000	98.022408 
1455.000000	98.008860 
1454.000000	97.997170 
1453.000000	97.986130 
1452.000000	97.977523 
1451.000000	97.973664 
1450.000000	97.974543 
1449.000000	97.979138 
1448.000000	97.984478 
1447.000000	97.986018 
1446.000000	97.982133 
1445.000000	97.976021 
1444.000000	97.971952 
1443.000000	97.969192 
1442.000000	97.963469 
1441.000000	97.953004 
1440.000000	97.941353 
1439.000000	97.932966 
1438.000000	97.926649 
1437.000000	97.916995 
1436.000000	97.904338 
1435.000000	97.893554 
1434.000000	97.884744 
1433.000000	97.877267 
1432.000000	97.871598 
1431.000000	97.867422 
1430.000000	97.861904 
1429.000000	97.853325 
1428.000000	97.843786 
1427.000000	97.836554 
1426.000000	97.832399 
1425.000000	97.828044 
1424.000000	97.821672 
1423.000000	97.814080 
1422.000000	97.805948 
1421.000000	97.798760 
1420.000000	97.793519 
1419.000000	97.785109 
1418.000000	97.766708 
1417.000000	97.742053 
1416.000000	97.721109 
1415.000000	97.708029 
1414.000000	97.697595 
1413.000000	97.683196 
1412.000000	97.666363 
1411.000000	97.654048 
1410.000000	97.648043 
1409.000000	97.645585 
1408.000000	97.645563 
1407.000000	97.648563 
1406.000000	97.653762 
1405.000000	97.659830 
1404.000000	97.669092 
1403.000000	97.683105 
1402.000000	97.699387 
1401.000000	97.716775 
1400.000000	97.737037 
1399.000000	97.759126 
1398.000000	97.774103 
1397.000000	97.772227 
1396.000000	97.753841 
1395.000000	97.733313 
1394.000000	97.728869 
1393.000000	97.746291 
1392.000000	97.778234 
1391.000000	97.812620 
1390.000000	97.839501 
1389.000000	97.854145 
1388.000000	97.856835 
1387.000000	97.851901 
1386.000000	97.845553 
1385.000000	97.842632 
1384.000000	97.845626 
1383.000000	97.854351 
1382.000000	97.866066 
1381.000000	97.877963 
1380.000000	97.888676 
1379.000000	97.898722 
1378.000000	97.909822 
1377.000000	97.923455 
1376.000000	97.939586 
1375.000000	97.956696 
1374.000000	97.973039 
1373.000000	97.988429 
1372.000000	98.004027 
1371.000000	98.020817 
1370.000000	98.038133 
1369.000000	98.052941 
1368.000000	98.064188 
1367.000000	98.074950 
1366.000000	98.089256 
1365.000000	98.108097 
1364.000000	98.127445 
1363.000000	98.140934 
1362.000000	98.146761 
1361.000000	98.149926 
1360.000000	98.156450 
1359.000000	98.168382 
1358.000000	98.183815 
1357.000000	98.199452 
1356.000000	98.213278 
1355.000000	98.225004 
1354.000000	98.234965 
1353.000000	98.244160 
1352.000000	98.253271 
1351.000000	98.263018 
1350.000000	98.274983 
1349.000000	98.287627 
1348.000000	98.296804 
1347.000000	98.300075 
1346.000000	98.299791 
1345.000000	98.300666 
1344.000000	98.305739 
1343.000000	98.315008 
1342.000000	98.326175 
1341.000000	98.334981 
1340.000000	98.337327 
1339.000000	98.333526 
1338.000000	98.328239 
1337.000000	98.325466 
1336.000000	98.325474 
1335.000000	98.326204 
1334.000000	98.326326 
1333.000000	98.326282 
1332.000000	98.326857 
1331.000000	98.328504 
1330.000000	98.331353 
1329.000000	98.334537 
1328.000000	98.336193 
1327.000000	98.335540 
1326.000000	98.333851 
1325.000000	98.331906 
1324.000000	98.329518 
1323.000000	98.326320 
1322.000000	98.322378 
1321.000000	98.318362 
1320.000000	98.315748 
1319.000000	98.315994 
1318.000000	98.318964 
1317.000000	98.323064 
1316.000000	98.326772 
1315.000000	98.329173 
1314.000000	98.329348 
1313.000000	98.327255 
1312.000000	98.324816 
1311.000000	98.324392 
1310.000000	98.325944 
1309.000000	98.327408 
1308.000000	98.327647 
1307.000000	98.327691 
1306.000000	98.328817 
1305.000000	98.330419 
1304.000000	98.331844 
1303.000000	98.333333 
1302.000000	98.334550 
1301.000000	98.334015 
1300.000000	98.331530 
1299.000000	98.329307 
1298.000000	98.329351 
1297.000000	98.330847 
1296.000000	98.331519 
1295.000000	98.331000 
1294.000000	98.330927 
1293.000000	98.332408 
1292.000000	98.334603 
1291.000000	98.335695 
1290.000000	98.334752 
1289.000000	98.332624 
1288.000000	98.331043 
1287.000000	98.330478 
1286.000000	98.329240 
1285.000000	98.325901 
1284.000000	98.322267 
1283.000000	98.322018 
1282.000000	98.326091 
1281.000000	98.331197 
1280.000000	98.333650 
1279.000000	98.333199 
1278.000000	98.332009 
1277.000000	98.331687 
1276.000000	98.332235 
1275.000000	98.332945 
1274.000000	98.332914 
1273.000000	98.331460 
1272.000000	98.329141 
1271.000000	98.327709 
1270.000000	98.328165 
1269.000000	98.329577 
1268.000000	98.330688 
1267.000000	98.331281 
1266.000000	98.330829 
1265.000000	98.327788 
1264.000000	98.321643 
1263.000000	98.314232 
1262.000000	98.307932 
1261.000000	98.303858 
1260.000000	98.303072 
1259.000000	98.307319 
1258.000000	98.315794 
1257.000000	98.323285 
1256.000000	98.324291 
1255.000000	98.318399 
1254.000000	98.309526 
1253.000000	98.300759 
1252.000000	98.292724 
1251.000000	98.286916 
1250.000000	98.286958 
1249.000000	98.294865 
1248.000000	98.308024 
1247.000000	98.320900 
1246.000000	98.328193 
1245.000000	98.326343 
1244.000000	98.314790 
1243.000000	98.298737 
1242.000000	98.289522 
1241.000000	98.297732 
1240.000000	98.322972 
1239.000000	98.351448 
1238.000000	98.366633 
1237.000000	98.363027 
1236.000000	98.348205 
1235.000000	98.332482 
1234.000000	98.319464 
1233.000000	98.307188 
1232.000000	98.294647 
1231.000000	98.283547 
1230.000000	98.275314 
1229.000000	98.269892 
1228.000000	98.266779 
1227.000000	98.264352 
1226.000000	98.258673 
1225.000000	98.245837 
1224.000000	98.225546 
1223.000000	98.200361 
1222.000000	98.172098 
1221.000000	98.141394 
1220.000000	98.109981 
1219.000000	98.079806 
1218.000000	98.049359 
1217.000000	98.014069 
1216.000000	97.970939 
1215.000000	97.920371 
1214.000000	97.863781 
1213.000000	97.802893 
1212.000000	97.741152 
1211.000000	97.681037 
1210.000000	97.619112 
1209.000000	97.548581 
1208.000000	97.468658 
1207.000000	97.387039 
1206.000000	97.310415 
1205.000000	97.236264 
1204.000000	97.157275 
1203.000000	97.070731 
1202.000000	96.980227 
1201.000000	96.890047 
1200.000000	96.800782 
1199.000000	96.709965 
1198.000000	96.615474 
1197.000000	96.518976 
1196.000000	96.425636 
1195.000000	96.338373 
1194.000000	96.253027 
1193.000000	96.162296 
1192.000000	96.064456 
1191.000000	95.964625 
1190.000000	95.867188 
1189.000000	95.770882 
1188.000000	95.672200 
1187.000000	95.569806 
1186.000000	95.464467 
1185.000000	95.357854 
1184.000000	95.251890 
1183.000000	95.146237 
1182.000000	95.036861 
1181.000000	94.920704 
1180.000000	94.800646 
1179.000000	94.681147 
1178.000000	94.560171 
1177.000000	94.431598 
1176.000000	94.294941 
1175.000000	94.155644 
1174.000000	94.015731 
1173.000000	93.871922 
1172.000000	93.724160 
1171.000000	93.577314 
1170.000000	93.432019 
1169.000000	93.282625 
1168.000000	93.128450 
1167.000000	92.979943 
1166.000000	92.850249 
1165.000000	92.748262 
1164.000000	92.683138 
1163.000000	92.665573 
1162.000000	92.696922 
1161.000000	92.761484 
1160.000000	92.834013 
1159.000000	92.891516 
1158.000000	92.917360 
1157.000000	92.902239 
1156.000000	92.846301 
1155.000000	92.756637 
1154.000000	92.640440 
1153.000000	92.504403 
1152.000000	92.360177 
1151.000000	92.221319 
1150.000000	92.091224 
1149.000000	91.961890 
1148.000000	91.828078 
1147.000000	91.694136 
1146.000000	91.562940 
1145.000000	91.427808 
1144.000000	91.282307 
1143.000000	91.130668 
1142.000000	90.981429 
1141.000000	90.836227 
1140.000000	90.690795 
1139.000000	90.541725 
1138.000000	90.387215 
1137.000000	90.226388 
1136.000000	90.062077 
1135.000000	89.898866 
1134.000000	89.735253 
1133.000000	89.564253 
1132.000000	89.384437 
1131.000000	89.202381 
1130.000000	89.020969 
1129.000000	88.834350 
1128.000000	88.639098 
1127.000000	88.441223 
1126.000000	88.246319 
1125.000000	88.051053 
1124.000000	87.850435 
1123.000000	87.646078 
1122.000000	87.441677 
1121.000000	87.237515 
1120.000000	87.034740 
1119.000000	86.838059 
1118.000000	86.649701 
1117.000000	86.467642 
1116.000000	86.292401 
1115.000000	86.127369 
1114.000000	85.970564 
1113.000000	85.815851 
1112.000000	85.663879 
1111.000000	85.520393 
1110.000000	85.382082 
1109.000000	85.236783 
1108.000000	85.079973 
1107.000000	84.918334 
1106.000000	84.755398 
1105.000000	84.587689 
1104.000000	84.417655 
1103.000000	84.255399 
1102.000000	84.102393 
1101.000000	83.948454 
1100.000000	83.789247 
1099.000000	83.631836 
1098.000000	83.480702 
1097.000000	83.330321 
1096.000000	83.177435 
1095.000000	83.025277 
1094.000000	82.871045 
1093.000000	82.704267 
1092.000000	82.523963 
1091.000000	82.343823 
1090.000000	82.174749 
1089.000000	82.014841 
1088.000000	81.859898 
1087.000000	81.709161 
1086.000000	81.557516 
1085.000000	81.398009 
1084.000000	81.235916 
1083.000000	81.084329 
1082.000000	80.942311 
1081.000000	80.794321 
1080.000000	80.635035 
1079.000000	80.476901 
1078.000000	80.328807 
1077.000000	80.185037 
1076.000000	80.039577 
1075.000000	79.892231 
1074.000000	79.735810 
1073.000000	79.556549 
1072.000000	79.351718 
1071.000000	79.126961 
1070.000000	78.872164 
1069.000000	78.563839 
1068.000000	78.201172 
1067.000000	77.820094 
1066.000000	77.460446 
1065.000000	77.134058 
1064.000000	76.832280 
1063.000000	76.542474 
1062.000000	76.244882 
1061.000000	75.914726 
1060.000000	75.544710 
1059.000000	75.154511 
1058.000000	74.768265 
1057.000000	74.393276 
1056.000000	74.025102 
1055.000000	73.656142 
1054.000000	73.272170 
1053.000000	72.858337 
1052.000000	72.417958 
1051.000000	71.970374 
1050.000000	71.524674 
1049.000000	71.074614 
1048.000000	70.621994 
1047.000000	70.179423 
1046.000000	69.746681 
1045.000000	69.310469 
1044.000000	68.870328 
1043.000000	68.439337 
1042.000000	68.016140 
1041.000000	67.582637 
1040.000000	67.135837 
1039.000000	66.697475 
1038.000000	66.285531 
1037.000000	65.899776 
1036.000000	65.539151 
1035.000000	65.207088 
1034.000000	64.894699 
1033.000000	64.584988 
1032.000000	64.278288 
1031.000000	63.988449 
1030.000000	63.714113 
1029.000000	63.444068 
1028.000000	63.191090 
1027.000000	62.984795 
1026.000000	62.825576 
1025.000000	62.679133 
1024.000000	62.522995 
1023.000000	62.365290 
1022.000000	62.211654 
1021.000000	62.050272 
1020.000000	61.879222 
1019.000000	61.714426 
1018.000000	61.559549 
1017.000000	61.398926 
1016.000000	61.228963 
1015.000000	61.065470 
1014.000000	60.912073 
1013.000000	60.753410 
1012.000000	60.587656 
1011.000000	60.433522 
1010.000000	60.296489 
1009.000000	60.160253 
1008.000000	60.020574 
1007.000000	59.896135 
1006.000000	59.796882 
1005.000000	59.711904 
1004.000000	59.635952 
1003.000000	59.577885 
1002.000000	59.537227 
1001.000000	59.504015 
1000.000000	59.486723 
999.000000	 59.506483 
998.000000	 59.557545 
997.000000	 59.607320 
996.000000	 59.642952 
995.000000	 59.684661 
994.000000	 59.746283 
993.000000	 59.817471 
992.000000	 59.892374 
991.000000	 59.981000 
990.000000	 60.082677 
989.000000	 60.181328 
988.000000	 60.276488 
987.000000	 60.387781 
986.000000	 60.521319 
985.000000	 60.663486 
984.000000	 60.813759 
983.000000	 60.989785 
982.000000	 61.193115 
981.000000	 61.404148 
980.000000	 61.618855 
979.000000	 61.856568 
978.000000	 62.122870 
977.000000	 62.399203 
976.000000	 62.678699 
975.000000	 62.978805 
974.000000	 63.307587 
973.000000	 63.649557 
972.000000	 63.995727 
971.000000	 64.357503 
970.000000	 64.739906 
969.000000	 65.129606 
968.000000	 65.519209 
967.000000	 65.916389 
966.000000	 66.321120 
965.000000	 66.721158 
964.000000	 67.117124 
963.000000	 67.524458 
962.000000	 67.943377 
961.000000	 68.353890 
960.000000	 68.747169 
959.000000	 69.135100 
958.000000	 69.522887 
957.000000	 69.899407 
956.000000	 70.261325 
955.000000	 70.619999 
954.000000	 70.977436 
953.000000	 71.320898 
952.000000	 71.646951 
951.000000	 71.964934 
950.000000	 72.271726 
949.000000	 72.550221 
948.000000	 72.799187 
947.000000	 73.037966 
946.000000	 73.274115 
945.000000	 73.491787 
944.000000	 73.680183 
943.000000	 73.848812 
942.000000	 74.007117 
941.000000	 74.153001 
940.000000	 74.289694 
939.000000	 74.430330 
938.000000	 74.577107 
937.000000	 74.717768 
936.000000	 74.849790 
935.000000	 74.986060 
934.000000	 75.130920 
933.000000	 75.273881 
932.000000	 75.412771 
931.000000	 75.558691 
930.000000	 75.711379 
929.000000	 75.854233 
928.000000	 75.981607 
927.000000	 76.107308 
926.000000	 76.237678 
925.000000	 76.358799 
924.000000	 76.458977 
923.000000	 76.542884 
922.000000	 76.616161 
921.000000	 76.676795 
920.000000	 76.728286 
919.000000	 76.780436 
918.000000	 76.830721 
917.000000	 76.865898 
916.000000	 76.888428 
915.000000	 76.921041 
914.000000	 76.980410 
913.000000	 77.067476 
912.000000	 77.186898 
911.000000	 77.351753 
910.000000	 77.563309 
909.000000	 77.809531 
908.000000	 78.088875 
907.000000	 78.412610 
906.000000	 78.779860 
905.000000	 79.174093 
904.000000	 79.587356 
903.000000	 80.023790 
902.000000	 80.477020 
901.000000	 80.929649 
900.000000	 81.378337 
899.000000	 81.834850 
898.000000	 82.299461 
897.000000	 82.756455 
896.000000	 83.197155 
895.000000	 83.623944 
894.000000	 84.032019 
893.000000	 84.412488 
892.000000	 84.774147 
891.000000	 85.136807 
890.000000	 85.501060 
889.000000	 85.848618 
888.000000	 86.173298 
887.000000	 86.486770 
886.000000	 86.793198 
885.000000	 87.084313 
884.000000	 87.360872 
883.000000	 87.632205 
882.000000	 87.893701 
881.000000	 88.134500 
880.000000	 88.370303 
879.000000	 88.636005 
878.000000	 88.937990 
877.000000	 89.244974 
876.000000	 89.534397 
875.000000	 89.815665 
874.000000	 90.099000 
873.000000	 90.375664 
872.000000	 90.643098 
871.000000	 90.918858 
870.000000	 91.212744 
869.000000	 91.509364 
868.000000	 91.792843 
867.000000	 92.067524 
866.000000	 92.342453 
865.000000	 92.615324 
864.000000	 92.883553 
863.000000	 93.153400 
862.000000	 93.426716 
861.000000	 93.693652 
860.000000	 93.947693 
859.000000	 94.193883 
858.000000	 94.435172 
857.000000	 94.664731 
856.000000	 94.877766 
855.000000	 95.076306 
854.000000	 95.256991 
853.000000	 95.409788 
852.000000	 95.535671 
851.000000	 95.651769 
850.000000	 95.772262 
849.000000	 95.895713 
848.000000	 96.014308 
847.000000	 96.121078 
846.000000	 96.205448 
845.000000	 96.258167 
844.000000	 96.284769 
843.000000	 96.299007 
842.000000	 96.300055 
841.000000	 96.272693 
840.000000	 96.212624 
839.000000	 96.133256 
838.000000	 96.044010 
837.000000	 95.941631 
836.000000	 95.829083 
835.000000	 95.723028 
834.000000	 95.633217 
833.000000	 95.552152 
832.000000	 95.474757 
831.000000	 95.411412 
830.000000	 95.371983 
829.000000	 95.353937 
828.000000	 95.356622 
827.000000	 95.389143 
826.000000	 95.451551 
825.000000	 95.526118 
824.000000	 95.600391 
823.000000	 95.681323 
822.000000	 95.775546 
821.000000	 95.875180 
820.000000	 95.972185 
819.000000	 96.065858 
818.000000	 96.147403 
817.000000	 96.195526 
816.000000	 96.197047 
815.000000	 96.159095 
814.000000	 96.093329 
813.000000	 95.998391 
812.000000	 95.862357 
811.000000	 95.669304 
810.000000	 95.397990 
809.000000	 95.028190 
808.000000	 94.557064 
807.000000	 94.000620 
806.000000	 93.376115 
805.000000	 92.696288 
804.000000	 91.985377 
803.000000	 91.284155 
802.000000	 90.631178 
801.000000	 90.054681 
800.000000	 89.587130 
799.000000	 89.263636 
798.000000	 89.093913 
797.000000	 89.054428 
796.000000	 89.115841 
795.000000	 89.258242 
794.000000	 89.455430 
793.000000	 89.671019 
792.000000	 89.881160 
791.000000	 90.081792 
790.000000	 90.266991 
789.000000	 90.418918 
788.000000	 90.522586 
787.000000	 90.569831 
786.000000	 90.545760 
785.000000	 90.434052 
784.000000	 90.242329 
783.000000	 90.003422 
782.000000	 89.747828 
781.000000	 89.495836 
780.000000	 89.278629 
779.000000	 89.138759 
778.000000	 89.099247 
777.000000	 89.154137 
776.000000	 89.294516 
775.000000	 89.517080 
774.000000	 89.800031 
773.000000	 90.099933 
772.000000	 90.385767 
771.000000	 90.654261 
770.000000	 90.903930 
769.000000	 91.118792 
768.000000	 91.287430 
767.000000	 91.414848 
766.000000	 91.505380 
765.000000	 91.556307 
764.000000	 91.579054 
763.000000	 91.603957 
762.000000	 91.650094 
761.000000	 91.708371 
760.000000	 91.764831 
759.000000	 91.821092 
758.000000	 91.881726 
757.000000	 91.943096 
756.000000	 92.008543 
755.000000	 92.096527 
754.000000	 92.219041 
753.000000	 92.363992 
752.000000	 92.506823 
751.000000	 92.627361 
750.000000	 92.714673 
749.000000	 92.775352 
748.000000	 92.841392 
747.000000	 92.948188 
746.000000	 93.096738 
745.000000	 93.256247 
744.000000	 93.409100 
743.000000	 93.570427 
742.000000	 93.756329 
741.000000	 93.958986 
740.000000	 94.164499 
739.000000	 94.371775 
738.000000	 94.580802 
737.000000	 94.782080 
736.000000	 94.969776 
735.000000	 95.148192 
734.000000	 95.316873 
733.000000	 95.467383 
732.000000	 95.600561 
731.000000	 95.726002 
730.000000	 95.838689 
729.000000	 95.919385 
728.000000	 95.964975 
727.000000	 95.997677 
726.000000	 96.039128 
725.000000	 96.094915 
724.000000	 96.168515 
723.000000	 96.266365 
722.000000	 96.381362 
721.000000	 96.493593 
720.000000	 96.596169 
719.000000	 96.700153 
718.000000	 96.807685 
717.000000	 96.904831 
716.000000	 96.987033 
715.000000	 97.065050 
714.000000	 97.138930 
713.000000	 97.192770 
712.000000	 97.223672 
711.000000	 97.249042 
710.000000	 97.274427 
709.000000	 97.283118 
708.000000	 97.266520 
707.000000	 97.236901 
706.000000	 97.199706 
705.000000	 97.138968 
704.000000	 97.043902 
703.000000	 96.924468 
702.000000	 96.782157 
701.000000	 96.590499 
700.000000	 96.324254 
699.000000	 95.987665 
698.000000	 95.606034 
697.000000	 95.215257 
696.000000	 94.872936 
695.000000	 94.650833 
694.000000	 94.588187 
693.000000	 94.665792 
692.000000	 94.834173 
691.000000	 95.045335 
690.000000	 95.255278 
689.000000	 95.428121 
688.000000	 95.560043 
687.000000	 95.678908 
686.000000	 95.801248 
685.000000	 95.914302 
684.000000	 96.009124 
683.000000	 96.096964 
682.000000	 96.184043 
681.000000	 96.262815 
680.000000	 96.339148 
679.000000	 96.434903 
678.000000	 96.552433 
677.000000	 96.671314 
676.000000	 96.782972 
675.000000	 96.900386 
674.000000	 97.021430 
673.000000	 97.118614 
672.000000	 97.177813 
671.000000	 97.207552 
670.000000	 97.204130 
669.000000	 97.147033 
668.000000	 97.112044 
667.000000	 97.254140 
666.000000	 97.509312 
665.000000	 97.726025 
664.000000	 97.866033 
663.000000	 97.956458 
662.000000	 98.038777 
661.000000	 98.128196 
660.000000	 98.216628 
659.000000	 98.302864 
658.000000	 98.384567 
657.000000	 98.439367 
656.000000	 98.442429 
655.000000	 98.402360 
654.000000	 98.351835 
653.000000	 98.308327 
652.000000	 98.273290 
651.000000	 98.258925 
650.000000	 98.277002 

