4000.000000	99.129760 
3999.000000	99.128077 
3998.000000	99.125358 
3997.000000	99.122655 
3996.000000	99.121020 
3995.000000	99.120928 
3994.000000	99.122198 
3993.000000	99.124049 
3992.000000	99.125464 
3991.000000	99.125733 
3990.000000	99.124712 
3989.000000	99.122829 
3988.000000	99.120894 
3987.000000	99.119688 
3986.000000	99.119625 
3985.000000	99.120553 
3984.000000	99.121797 
3983.000000	99.122706 
3982.000000	99.123276 
3981.000000	99.124035 
3980.000000	99.125086 
3979.000000	99.125639 
3978.000000	99.124945 
3977.000000	99.123358 
3976.000000	99.122069 
3975.000000	99.121709 
3974.000000	99.121673 
3973.000000	99.120883 
3972.000000	99.118882 
3971.000000	99.116172 
3970.000000	99.113755 
3969.000000	99.112470 
3968.000000	99.112655 
3967.000000	99.114024 
3966.000000	99.115767 
3965.000000	99.116930 
3964.000000	99.116771 
3963.000000	99.115076 
3962.000000	99.112396 
3961.000000	99.109769 
3960.000000	99.107907 
3959.000000	99.106835 
3958.000000	99.106182 
3957.000000	99.105676 
3956.000000	99.105290 
3955.000000	99.104875 
3954.000000	99.104088 
3953.000000	99.102617 
3952.000000	99.100424 
3951.000000	99.097763 
3950.000000	99.094905 
3949.000000	99.092198 
3948.000000	99.090110 
3947.000000	99.089029 
3946.000000	99.089128 
3945.000000	99.090393 
3944.000000	99.092423 
3943.000000	99.094112 
3942.000000	99.094680 
3941.000000	99.094550 
3940.000000	99.094615 
3939.000000	99.095157 
3938.000000	99.095599 
3937.000000	99.095145 
3936.000000	99.093523 
3935.000000	99.091011 
3934.000000	99.088339 
3933.000000	99.086338 
3932.000000	99.085512 
3931.000000	99.085598 
3930.000000	99.085909 
3929.000000	99.086360 
3928.000000	99.087419 
3927.000000	99.089159 
3926.000000	99.090855 
3925.000000	99.091433 
3924.000000	99.090462 
3923.000000	99.088398 
3922.000000	99.085919 
3921.000000	99.083620 
3920.000000	99.082002 
3919.000000	99.081361 
3918.000000	99.081560 
3917.000000	99.082054 
3916.000000	99.082435 
3915.000000	99.082709 
3914.000000	99.083099 
3913.000000	99.083622 
3912.000000	99.083990 
3911.000000	99.084070 
3910.000000	99.083963 
3909.000000	99.083835 
3908.000000	99.083805 
3907.000000	99.083659 
3906.000000	99.082941 
3905.000000	99.081080 
3904.000000	99.077847 
3903.000000	99.074034 
3902.000000	99.071169 
3901.000000	99.070275 
3900.000000	99.071264 
3899.000000	99.073053 
3898.000000	99.074544 
3897.000000	99.075376 
3896.000000	99.075695 
3895.000000	99.075834 
3894.000000	99.076067 
3893.000000	99.076387 
3892.000000	99.076453 
3891.000000	99.075884 
3890.000000	99.074661 
3889.000000	99.072982 
3888.000000	99.071232 
3887.000000	99.069984 
3886.000000	99.069618 
3885.000000	99.069911 
3884.000000	99.070191 
3883.000000	99.069961 
3882.000000	99.069311 
3881.000000	99.068682 
3880.000000	99.068400 
3879.000000	99.068350 
3878.000000	99.068208 
3877.000000	99.067887 
3876.000000	99.067654 
3875.000000	99.067696 
3874.000000	99.067795 
3873.000000	99.067566 
3872.000000	99.066940 
3871.000000	99.066225 
3870.000000	99.065801 
3869.000000	99.065816 
3868.000000	99.066051 
3867.000000	99.066098 
3866.000000	99.065816 
3865.000000	99.065364 
3864.000000	99.064959 
3863.000000	99.064670 
3862.000000	99.064420 
3861.000000	99.064298 
3860.000000	99.064551 
3859.000000	99.065266 
3858.000000	99.066173 
3857.000000	99.066799 
3856.000000	99.066853 
3855.000000	99.066404 
3854.000000	99.065479 
3853.000000	99.064190 
3852.000000	99.063112 
3851.000000	99.062580 
3850.000000	99.062412 
3849.000000	99.062475 
3848.000000	99.062734 
3847.000000	99.063160 
3846.000000	99.063578 
3845.000000	99.063734 
3844.000000	99.063577 
3843.000000	99.063283 
3842.000000	99.062966 
3841.000000	99.062681 
3840.000000	99.062510 
3839.000000	99.062573 
3838.000000	99.062942 
3837.000000	99.063478 
3836.000000	99.063934 
3835.000000	99.064164 
3834.000000	99.064163 
3833.000000	99.064060 
3832.000000	99.064000 
3831.000000	99.064030 
3830.000000	99.064122 
3829.000000	99.064238 
3828.000000	99.064436 
3827.000000	99.064837 
3826.000000	99.065371 
3825.000000	99.065747 
3824.000000	99.065734 
3823.000000	99.065452 
3822.000000	99.065277 
3821.000000	99.065371 
3820.000000	99.065590 
3819.000000	99.065703 
3818.000000	99.065605 
3817.000000	99.065476 
3816.000000	99.065598 
3815.000000	99.065974 
3814.000000	99.066340 
3813.000000	99.066516 
3812.000000	99.066611 
3811.000000	99.066885 
3810.000000	99.067383 
3809.000000	99.067786 
3808.000000	99.067800 
3807.000000	99.067540 
3806.000000	99.067287 
3805.000000	99.066980 
3804.000000	99.066276 
3803.000000	99.065330 
3802.000000	99.064848 
3801.000000	99.065152 
3800.000000	99.065737 
3799.000000	99.065739 
3798.000000	99.064945 
3797.000000	99.064198 
3796.000000	99.064466 
3795.000000	99.065782 
3794.000000	99.067239 
3793.000000	99.068064 
3792.000000	99.068285 
3791.000000	99.068414 
3790.000000	99.068627 
3789.000000	99.068584 
3788.000000	99.068122 
3787.000000	99.067608 
3786.000000	99.067537 
3785.000000	99.067910 
3784.000000	99.068085 
3783.000000	99.067227 
3782.000000	99.064982 
3781.000000	99.062077 
3780.000000	99.060140 
3779.000000	99.060431 
3778.000000	99.062493 
3777.000000	99.064317 
3776.000000	99.064293 
3775.000000	99.062800 
3774.000000	99.061300 
3773.000000	99.060405 
3772.000000	99.059763 
3771.000000	99.059036 
3770.000000	99.058149 
3769.000000	99.057216 
3768.000000	99.056199 
3767.000000	99.054582 
3766.000000	99.052484 
3765.000000	99.050928 
3764.000000	99.050621 
3763.000000	99.050852 
3762.000000	99.050501 
3761.000000	99.049476 
3760.000000	99.048033 
3759.000000	99.046435 
3758.000000	99.044722 
3757.000000	99.042417 
3756.000000	99.038805 
3755.000000	99.033465 
3754.000000	99.027031 
3753.000000	99.021012 
3752.000000	99.016317 
3751.000000	99.012344 
3750.000000	99.009189 
3749.000000	99.008304 
3748.000000	99.009481 
3747.000000	99.010623 
3746.000000	99.011381 
3745.000000	99.013201 
3744.000000	99.017611 
3743.000000	99.022584 
3742.000000	99.022995 
3741.000000	99.016980 
3740.000000	99.008148 
3739.000000	99.002050 
3738.000000	99.001706 
3737.000000	99.005608 
3736.000000	99.010022 
3735.000000	99.012495 
3734.000000	99.013159 
3733.000000	99.013181 
3732.000000	99.013668 
3731.000000	99.015190 
3730.000000	99.016511 
3729.000000	99.015600 
3728.000000	99.012964 
3727.000000	99.011459 
3726.000000	99.012654 
3725.000000	99.015015 
3724.000000	99.016701 
3723.000000	99.017852 
3722.000000	99.019250 
3721.000000	99.020794 
3720.000000	99.020826 
3719.000000	99.018718 
3718.000000	99.016489 
3717.000000	99.015938 
3716.000000	99.016225 
3715.000000	99.014633 
3714.000000	99.010380 
3713.000000	99.006337 
3712.000000	99.005159 
3711.000000	99.006021 
3710.000000	99.005987 
3709.000000	99.003174 
3708.000000	98.998016 
3707.000000	98.991842 
3706.000000	98.985826 
3705.000000	98.981086 
3704.000000	98.978480 
3703.000000	98.977827 
3702.000000	98.976878 
3701.000000	98.973289 
3700.000000	98.966714 
3699.000000	98.958446 
3698.000000	98.950722 
3697.000000	98.945295 
3696.000000	98.942181 
3695.000000	98.939908 
3694.000000	98.937133 
3693.000000	98.933656 
3692.000000	98.929580 
3691.000000	98.924113 
3690.000000	98.916057 
3689.000000	98.907064 
3688.000000	98.901749 
3687.000000	98.901494 
3686.000000	98.902506 
3685.000000	98.901127 
3684.000000	98.897221 
3683.000000	98.893145 
3682.000000	98.890645 
3681.000000	98.889016 
3680.000000	98.886010 
3679.000000	98.879108 
3678.000000	98.867667 
3677.000000	98.855262 
3676.000000	98.846909 
3675.000000	98.844498 
3674.000000	98.845323 
3673.000000	98.844194 
3672.000000	98.838849 
3671.000000	98.833826 
3670.000000	98.833432 
3669.000000	98.836156 
3668.000000	98.838284 
3667.000000	98.838237 
3666.000000	98.837665 
3665.000000	98.839026 
3664.000000	98.842334 
3663.000000	98.845657 
3662.000000	98.847114 
3661.000000	98.845683 
3660.000000	98.841336 
3659.000000	98.834672 
3658.000000	98.827474 
3657.000000	98.821799 
3656.000000	98.818490 
3655.000000	98.817162 
3654.000000	98.816083 
3653.000000	98.813819 
3652.000000	98.810483 
3651.000000	98.806727 
3650.000000	98.801782 
3649.000000	98.796390 
3648.000000	98.795196 
3647.000000	98.800721 
3646.000000	98.810523 
3645.000000	98.821092 
3644.000000	98.830941 
3643.000000	98.840554 
3642.000000	98.850433 
3641.000000	98.859437 
3640.000000	98.866079 
3639.000000	98.869876 
3638.000000	98.871240 
3637.000000	98.870247 
3636.000000	98.866596 
3635.000000	98.860843 
3634.000000	98.854258 
3633.000000	98.847563 
3632.000000	98.840592 
3631.000000	98.833987 
3630.000000	98.829997 
3629.000000	98.829054 
3628.000000	98.829532 
3627.000000	98.830787 
3626.000000	98.832670 
3625.000000	98.836061 
3624.000000	98.841991 
3623.000000	98.849242 
3622.000000	98.854776 
3621.000000	98.856529 
3620.000000	98.854123 
3619.000000	98.848417 
3618.000000	98.841701 
3617.000000	98.836573 
3616.000000	98.834675 
3615.000000	98.836829 
3614.000000	98.842248 
3613.000000	98.848168 
3612.000000	98.851658 
3611.000000	98.851669 
3610.000000	98.849887 
3609.000000	98.849421 
3608.000000	98.851574 
3607.000000	98.855231 
3606.000000	98.859031 
3605.000000	98.863153 
3604.000000	98.868664 
3603.000000	98.875509 
3602.000000	98.881735 
3601.000000	98.885077 
3600.000000	98.884646 
3599.000000	98.881442 
3598.000000	98.877883 
3597.000000	98.876021 
3596.000000	98.876528 
3595.000000	98.878414 
3594.000000	98.879693 
3593.000000	98.879137 
3592.000000	98.876816 
3591.000000	98.873302 
3590.000000	98.869785 
3589.000000	98.868041 
3588.000000	98.868990 
3587.000000	98.871652 
3586.000000	98.874507 
3585.000000	98.877025 
3584.000000	98.879955 
3583.000000	98.884207 
3582.000000	98.889746 
3581.000000	98.894938 
3580.000000	98.897622 
3579.000000	98.896919 
3578.000000	98.894073 
3577.000000	98.891464 
3576.000000	98.890405 
3575.000000	98.890433 
3574.000000	98.890257 
3573.000000	98.889077 
3572.000000	98.886764 
3571.000000	98.883080 
3570.000000	98.877736 
3569.000000	98.871653 
3568.000000	98.867158 
3567.000000	98.866020 
3566.000000	98.868069 
3565.000000	98.871676 
3564.000000	98.875181 
3563.000000	98.878069 
3562.000000	98.880572 
3561.000000	98.882717 
3560.000000	98.884074 
3559.000000	98.884128 
3558.000000	98.882936 
3557.000000	98.881374 
3556.000000	98.880568 
3555.000000	98.881078 
3554.000000	98.882606 
3553.000000	98.884078 
3552.000000	98.884302 
3551.000000	98.882679 
3550.000000	98.879554 
3549.000000	98.876221 
3548.000000	98.874233 
3547.000000	98.874041 
3546.000000	98.874603 
3545.000000	98.874542 
3544.000000	98.873677 
3543.000000	98.872958 
3542.000000	98.873161 
3541.000000	98.874195 
3540.000000	98.875519 
3539.000000	98.876642 
3538.000000	98.877274 
3537.000000	98.877185 
3536.000000	98.876287 
3535.000000	98.874666 
3534.000000	98.872537 
3533.000000	98.870358 
3532.000000	98.868807 
3531.000000	98.868386 
3530.000000	98.868865 
3529.000000	98.869264 
3528.000000	98.868678 
3527.000000	98.867101 
3526.000000	98.865345 
3525.000000	98.864278 
3524.000000	98.864187 
3523.000000	98.864762 
3522.000000	98.865496 
3521.000000	98.866098 
3520.000000	98.866634 
3519.000000	98.867255 
3518.000000	98.867844 
3517.000000	98.867947 
3516.000000	98.867167 
3515.000000	98.865635 
3514.000000	98.864007 
3513.000000	98.862931 
3512.000000	98.862496 
3511.000000	98.862198 
3510.000000	98.861437 
3509.000000	98.860123 
3508.000000	98.858766 
3507.000000	98.857960 
3506.000000	98.857855 
3505.000000	98.858108 
3504.000000	98.858229 
3503.000000	98.857994 
3502.000000	98.857529 
3501.000000	98.857056 
3500.000000	98.856674 
3499.000000	98.856412 
3498.000000	98.856296 
3497.000000	98.856269 
3496.000000	98.856085 
3495.000000	98.855507 
3494.000000	98.854632 
3493.000000	98.853863 
3492.000000	98.853444 
3491.000000	98.853125 
3490.000000	98.852494 
3489.000000	98.851512 
3488.000000	98.850415 
3487.000000	98.849189 
3486.000000	98.847601 
3485.000000	98.845829 
3484.000000	98.844577 
3483.000000	98.844312 
3482.000000	98.844747 
3481.000000	98.845240 
3480.000000	98.845528 
3479.000000	98.845703 
3478.000000	98.845653 
3477.000000	98.844985 
3476.000000	98.843505 
3475.000000	98.841537 
3474.000000	98.839731 
3473.000000	98.838620 
3472.000000	98.838410 
3471.000000	98.839015 
3470.000000	98.840099 
3469.000000	98.841163 
3468.000000	98.841755 
3467.000000	98.841634 
3466.000000	98.840863 
3465.000000	98.839723 
3464.000000	98.838458 
3463.000000	98.837099 
3462.000000	98.835579 
3461.000000	98.834055 
3460.000000	98.832888 
3459.000000	98.832182 
3458.000000	98.831516 
3457.000000	98.830269 
3456.000000	98.828323 
3455.000000	98.826304 
3454.000000	98.825090 
3453.000000	98.825119 
3452.000000	98.826160 
3451.000000	98.827568 
3450.000000	98.828708 
3449.000000	98.829190 
3448.000000	98.828854 
3447.000000	98.827772 
3446.000000	98.826266 
3445.000000	98.824813 
3444.000000	98.823794 
3443.000000	98.823290 
3442.000000	98.823105 
3441.000000	98.822989 
3440.000000	98.822875 
3439.000000	98.822834 
3438.000000	98.822830 
3437.000000	98.822626 
3436.000000	98.822072 
3435.000000	98.821372 
3434.000000	98.820943 
3433.000000	98.820977 
3432.000000	98.821284 
3431.000000	98.821591 
3430.000000	98.821809 
3429.000000	98.821955 
3428.000000	98.821953 
3427.000000	98.821680 
3426.000000	98.821187 
3425.000000	98.820738 
3424.000000	98.820543 
3423.000000	98.820536 
3422.000000	98.820477 
3421.000000	98.820253 
3420.000000	98.820018 
3419.000000	98.820014 
3418.000000	98.820309 
3417.000000	98.820762 
3416.000000	98.821161 
3415.000000	98.821353 
3414.000000	98.821264 
3413.000000	98.820900 
3412.000000	98.820377 
3411.000000	98.819893 
3410.000000	98.819635 
3409.000000	98.819676 
3408.000000	98.819959 
3407.000000	98.820310 
3406.000000	98.820533 
3405.000000	98.820535 
3404.000000	98.820370 
3403.000000	98.820152 
3402.000000	98.819925 
3401.000000	98.819644 
3400.000000	98.819287 
3399.000000	98.818923 
3398.000000	98.818661 
3397.000000	98.818560 
3396.000000	98.818627 
3395.000000	98.818846 
3394.000000	98.819147 
3393.000000	98.819373 
3392.000000	98.819356 
3391.000000	98.819039 
3390.000000	98.818521 
3389.000000	98.817999 
3388.000000	98.817665 
3387.000000	98.817656 
3386.000000	98.818038 
3385.000000	98.818706 
3384.000000	98.819338 
3383.000000	98.819603 
3382.000000	98.819491 
3381.000000	98.819350 
3380.000000	98.819472 
3379.000000	98.819706 
3378.000000	98.819689 
3377.000000	98.819465 
3376.000000	98.819563 
3375.000000	98.820334 
3374.000000	98.821459 
3373.000000	98.822319 
3372.000000	98.822758 
3371.000000	98.823187 
3370.000000	98.823962 
3369.000000	98.824865 
3368.000000	98.825327 
3367.000000	98.824987 
3366.000000	98.823971 
3365.000000	98.822801 
3364.000000	98.822066 
3363.000000	98.822089 
3362.000000	98.822769 
3361.000000	98.823680 
3360.000000	98.824455 
3359.000000	98.825029 
3358.000000	98.825509 
3357.000000	98.825913 
3356.000000	98.826169 
3355.000000	98.826362 
3354.000000	98.826865 
3353.000000	98.828121 
3352.000000	98.830237 
3351.000000	98.832756 
3350.000000	98.834859 
3349.000000	98.835911 
3348.000000	98.835916 
3347.000000	98.835488 
3346.000000	98.835326 
3345.000000	98.835625 
3344.000000	98.835976 
3343.000000	98.835856 
3342.000000	98.835220 
3341.000000	98.834625 
3340.000000	98.834666 
3339.000000	98.835341 
3338.000000	98.836123 
3337.000000	98.836578 
3336.000000	98.836770 
3335.000000	98.837004 
3334.000000	98.837360 
3333.000000	98.837611 
3332.000000	98.837548 
3331.000000	98.837233 
3330.000000	98.836927 
3329.000000	98.836884 
3328.000000	98.837224 
3327.000000	98.837941 
3326.000000	98.838910 
3325.000000	98.839867 
3324.000000	98.840464 
3323.000000	98.840478 
3322.000000	98.839976 
3321.000000	98.839308 
3320.000000	98.838869 
3319.000000	98.838829 
3318.000000	98.839114 
3317.000000	98.839579 
3316.000000	98.840127 
3315.000000	98.840704 
3314.000000	98.841234 
3313.000000	98.841640 
3312.000000	98.841919 
3311.000000	98.842149 
3310.000000	98.842429 
3309.000000	98.842801 
3308.000000	98.843205 
3307.000000	98.843513 
3306.000000	98.843640 
3305.000000	98.843620 
3304.000000	98.843581 
3303.000000	98.843657 
3302.000000	98.843894 
3301.000000	98.844235 
3300.000000	98.844549 
3299.000000	98.844726 
3298.000000	98.844742 
3297.000000	98.844687 
3296.000000	98.844737 
3295.000000	98.845010 
3294.000000	98.845500 
3293.000000	98.846099 
3292.000000	98.846667 
3291.000000	98.847124 
3290.000000	98.847448 
3289.000000	98.847660 
3288.000000	98.847809 
3287.000000	98.847945 
3286.000000	98.848093 
3285.000000	98.848258 
3284.000000	98.848441 
3283.000000	98.848653 
3282.000000	98.848911 
3281.000000	98.849207 
3280.000000	98.849498 
3279.000000	98.849743 
3278.000000	98.849941 
3277.000000	98.850135 
3276.000000	98.850366 
3275.000000	98.850632 
3274.000000	98.850908 
3273.000000	98.851185 
3272.000000	98.851490 
3271.000000	98.851840 
3270.000000	98.852214 
3269.000000	98.852549 
3268.000000	98.852799 
3267.000000	98.852958 
3266.000000	98.853079 
3265.000000	98.853242 
3264.000000	98.853494 
3263.000000	98.853832 
3262.000000	98.854208 
3261.000000	98.854573 
3260.000000	98.854925 
3259.000000	98.855267 
3258.000000	98.855561 
3257.000000	98.855762 
3256.000000	98.855896 
3255.000000	98.856031 
3254.000000	98.856174 
3253.000000	98.856277 
3252.000000	98.856352 
3251.000000	98.856505 
3250.000000	98.856800 
3249.000000	98.857153 
3248.000000	98.857410 
3247.000000	98.857522 
3246.000000	98.857588 
3245.000000	98.857728 
3244.000000	98.857935 
3243.000000	98.858091 
3242.000000	98.858122 
3241.000000	98.858090 
3240.000000	98.858136 
3239.000000	98.858374 
3238.000000	98.858848 
3237.000000	98.859552 
3236.000000	98.860414 
3235.000000	98.861247 
3234.000000	98.861783 
3233.000000	98.861829 
3232.000000	98.861392 
3231.000000	98.860739 
3230.000000	98.860244 
3229.000000	98.860115 
3228.000000	98.860327 
3227.000000	98.860755 
3226.000000	98.861356 
3225.000000	98.862133 
3224.000000	98.862948 
3223.000000	98.863552 
3222.000000	98.863803 
3221.000000	98.863779 
3220.000000	98.863631 
3219.000000	98.863419 
3218.000000	98.863174 
3217.000000	98.863006 
3216.000000	98.863064 
3215.000000	98.863421 
3214.000000	98.864051 
3213.000000	98.864839 
3212.000000	98.865574 
3211.000000	98.866023 
3210.000000	98.866115 
3209.000000	98.866017 
3208.000000	98.865976 
3207.000000	98.866054 
3206.000000	98.866135 
3205.000000	98.866160 
3204.000000	98.866290 
3203.000000	98.866748 
3202.000000	98.867570 
3201.000000	98.868530 
3200.000000	98.869312 
3199.000000	98.869771 
3198.000000	98.870015 
3197.000000	98.870274 
3196.000000	98.870668 
3195.000000	98.871133 
3194.000000	98.871598 
3193.000000	98.872146 
3192.000000	98.872911 
3191.000000	98.873863 
3190.000000	98.874767 
3189.000000	98.875391 
3188.000000	98.875687 
3187.000000	98.875836 
3186.000000	98.876144 
3185.000000	98.876778 
3184.000000	98.877643 
3183.000000	98.878479 
3182.000000	98.879154 
3181.000000	98.879776 
3180.000000	98.880483 
3179.000000	98.881247 
3178.000000	98.881985 
3177.000000	98.882726 
3176.000000	98.883569 
3175.000000	98.884505 
3174.000000	98.885440 
3173.000000	98.886324 
3172.000000	98.887174 
3171.000000	98.887981 
3170.000000	98.888714 
3169.000000	98.889404 
3168.000000	98.890140 
3167.000000	98.890946 
3166.000000	98.891753 
3165.000000	98.892483 
3164.000000	98.893104 
3163.000000	98.893602 
3162.000000	98.894005 
3161.000000	98.894410 
3160.000000	98.894928 
3159.000000	98.895586 
3158.000000	98.896316 
3157.000000	98.897033 
3156.000000	98.897696 
3155.000000	98.898306 
3154.000000	98.898890 
3153.000000	98.899503 
3152.000000	98.900201 
3151.000000	98.900974 
3150.000000	98.901726 
3149.000000	98.902354 
3148.000000	98.902834 
3147.000000	98.903237 
3146.000000	98.903687 
3145.000000	98.904263 
3144.000000	98.904951 
3143.000000	98.905641 
3142.000000	98.906212 
3141.000000	98.906655 
3140.000000	98.907084 
3139.000000	98.907628 
3138.000000	98.908317 
3137.000000	98.909067 
3136.000000	98.909741 
3135.000000	98.910221 
3134.000000	98.910448 
3133.000000	98.910471 
3132.000000	98.910466 
3131.000000	98.910618 
3130.000000	98.911011 
3129.000000	98.911661 
3128.000000	98.912589 
3127.000000	98.913772 
3126.000000	98.915071 
3125.000000	98.916264 
3124.000000	98.917140 
3123.000000	98.917568 
3122.000000	98.917555 
3121.000000	98.917324 
3120.000000	98.917243 
3119.000000	98.917550 
3118.000000	98.918198 
3117.000000	98.919007 
3116.000000	98.919903 
3115.000000	98.920888 
3114.000000	98.921860 
3113.000000	98.922643 
3112.000000	98.923235 
3111.000000	98.923852 
3110.000000	98.924652 
3109.000000	98.925489 
3108.000000	98.926066 
3107.000000	98.926308 
3106.000000	98.926498 
3105.000000	98.926973 
3104.000000	98.927706 
3103.000000	98.928298 
3102.000000	98.928404 
3101.000000	98.928020 
3100.000000	98.927318 
3099.000000	98.926439 
3098.000000	98.925659 
3097.000000	98.925542 
3096.000000	98.926560 
3095.000000	98.928549 
3094.000000	98.930849 
3093.000000	98.932982 
3092.000000	98.934895 
3091.000000	98.936471 
3090.000000	98.937213 
3089.000000	98.936641 
3088.000000	98.934804 
3087.000000	98.932380 
3086.000000	98.930415 
3085.000000	98.929861 
3084.000000	98.930880 
3083.000000	98.932519 
3082.000000	98.933652 
3081.000000	98.934444 
3080.000000	98.936084 
3079.000000	98.938665 
3078.000000	98.940444 
3077.000000	98.940091 
3076.000000	98.938588 
3075.000000	98.937662 
3074.000000	98.937279 
3073.000000	98.936345 
3072.000000	98.935120 
3071.000000	98.935080 
3070.000000	98.936552 
3069.000000	98.938261 
3068.000000	98.939345 
3067.000000	98.940216 
3066.000000	98.941062 
3065.000000	98.940969 
3064.000000	98.939091 
3063.000000	98.935642 
3062.000000	98.931361 
3061.000000	98.926954 
3060.000000	98.923392 
3059.000000	98.921791 
3058.000000	98.922654 
3057.000000	98.925636 
3056.000000	98.929817 
3055.000000	98.933397 
3054.000000	98.933772 
3053.000000	98.929740 
3052.000000	98.923798 
3051.000000	98.920531 
3050.000000	98.921800 
3049.000000	98.924752 
3048.000000	98.925241 
3047.000000	98.921921 
3046.000000	98.916160 
3045.000000	98.909671 
3044.000000	98.903923 
3043.000000	98.900973 
3042.000000	98.902477 
3041.000000	98.907095 
3040.000000	98.910316 
3039.000000	98.908063 
3038.000000	98.900238 
3037.000000	98.890214 
3036.000000	98.881042 
3035.000000	98.872828 
3034.000000	98.864035 
3033.000000	98.854334 
3032.000000	98.845076 
3031.000000	98.837389 
3030.000000	98.831001 
3029.000000	98.825031 
3028.000000	98.818648 
3027.000000	98.810594 
3026.000000	98.799478 
3025.000000	98.785602 
3024.000000	98.771586 
3023.000000	98.759871 
3022.000000	98.750112 
3021.000000	98.740292 
3020.000000	98.729803 
3019.000000	98.719797 
3018.000000	98.710558 
3017.000000	98.700225 
3016.000000	98.686910 
3015.000000	98.671096 
3014.000000	98.655346 
3013.000000	98.642046 
3012.000000	98.631416 
3011.000000	98.621067 
3010.000000	98.607547 
3009.000000	98.589229 
3008.000000	98.567866 
3007.000000	98.546839 
3006.000000	98.528001 
3005.000000	98.510988 
3004.000000	98.495171 
3003.000000	98.480853 
3002.000000	98.468438 
3001.000000	98.457755 
3000.000000	98.448492 
2999.000000	98.439982 
2998.000000	98.430302 
2997.000000	98.417225 
2996.000000	98.400966 
2995.000000	98.384466 
2994.000000	98.369630 
2993.000000	98.354381 
2992.000000	98.335027 
2991.000000	98.311234 
2990.000000	98.287320 
2989.000000	98.268755 
2988.000000	98.258494 
2987.000000	98.256465 
2986.000000	98.260929 
2985.000000	98.269539 
2984.000000	98.279743 
2983.000000	98.289200 
2982.000000	98.296270 
2981.000000	98.300216 
2980.000000	98.300981 
2979.000000	98.298733 
2978.000000	98.293728 
2977.000000	98.286766 
2976.000000	98.279536 
2975.000000	98.273914 
2974.000000	98.270739 
2973.000000	98.269746 
2972.000000	98.270731 
2971.000000	98.274109 
2970.000000	98.280121 
2969.000000	98.288366 
2968.000000	98.298604 
2967.000000	98.311132 
2966.000000	98.325523 
2965.000000	98.339632 
2964.000000	98.350971 
2963.000000	98.358863 
2962.000000	98.364521 
2961.000000	98.369410 
2960.000000	98.374537 
2959.000000	98.381107 
2958.000000	98.390501 
2957.000000	98.402944 
2956.000000	98.416692 
2955.000000	98.429003 
2954.000000	98.437982 
2953.000000	98.443797 
2952.000000	98.448594 
2951.000000	98.454867 
2950.000000	98.462998 
2949.000000	98.470424 
2948.000000	98.474075 
2947.000000	98.473661 
2946.000000	98.471939 
2945.000000	98.471807 
2944.000000	98.473961 
2943.000000	98.477424 
2942.000000	98.480898 
2941.000000	98.482838 
2940.000000	98.481659 
2939.000000	98.477404 
2938.000000	98.472604 
2937.000000	98.470098 
2936.000000	98.470095 
2935.000000	98.470316 
2934.000000	98.468756 
2933.000000	98.465209 
2932.000000	98.460356 
2931.000000	98.454755 
2930.000000	98.449174 
2929.000000	98.444785 
2928.000000	98.442109 
2927.000000	98.440170 
2926.000000	98.437458 
2925.000000	98.433808 
2924.000000	98.430883 
2923.000000	98.430602 
2922.000000	98.433188 
2921.000000	98.436888 
2920.000000	98.439744 
2919.000000	98.441456 
2918.000000	98.442982 
2917.000000	98.444207 
2916.000000	98.442982 
2915.000000	98.437495 
2914.000000	98.429281 
2913.000000	98.422545 
2912.000000	98.420077 
2911.000000	98.420676 
2910.000000	98.421102 
2909.000000	98.419850 
2908.000000	98.418220 
2907.000000	98.417983 
2906.000000	98.418744 
2905.000000	98.417653 
2904.000000	98.411863 
2903.000000	98.401530 
2902.000000	98.391754 
2901.000000	98.389178 
2900.000000	98.396908 
2899.000000	98.412330 
2898.000000	98.429365 
2897.000000	98.443404 
2896.000000	98.453247 
2895.000000	98.459433 
2894.000000	98.462927 
2893.000000	98.465774 
2892.000000	98.470764 
2891.000000	98.478709 
2890.000000	98.487019 
2889.000000	98.492493 
2888.000000	98.495000 
2887.000000	98.496927 
2886.000000	98.499551 
2885.000000	98.502147 
2884.000000	98.504973 
2883.000000	98.510688 
2882.000000	98.521134 
2881.000000	98.534228 
2880.000000	98.546053 
2879.000000	98.555565 
2878.000000	98.565000 
2877.000000	98.575690 
2876.000000	98.585832 
2875.000000	98.593321 
2874.000000	98.598913 
2873.000000	98.605000 
2872.000000	98.612359 
2871.000000	98.619772 
2870.000000	98.626336 
2869.000000	98.632447 
2868.000000	98.638499 
2867.000000	98.644093 
2866.000000	98.648919 
2865.000000	98.653405 
2864.000000	98.658270 
2863.000000	98.664366 
2862.000000	98.673011 
2861.000000	98.685071 
2860.000000	98.699090 
2859.000000	98.711616 
2858.000000	98.720507 
2857.000000	98.727187 
2856.000000	98.734722 
2855.000000	98.744133 
2854.000000	98.753703 
2853.000000	98.761515 
2852.000000	98.767439 
2851.000000	98.772716 
2850.000000	98.778710 
2849.000000	98.786272 
2848.000000	98.795423 
2847.000000	98.805060 
2846.000000	98.813470 
2845.000000	98.819710 
2844.000000	98.824503 
2843.000000	98.829650 
2842.000000	98.836529 
2841.000000	98.844854 
2840.000000	98.852719 
2839.000000	98.858145 
2838.000000	98.860937 
2837.000000	98.862845 
2836.000000	98.865721 
2835.000000	98.869821 
2834.000000	98.874369 
2833.000000	98.879338 
2832.000000	98.885656 
2831.000000	98.893465 
2830.000000	98.900949 
2829.000000	98.905573 
2828.000000	98.906372 
2827.000000	98.904830 
2826.000000	98.903687 
2825.000000	98.904816 
2824.000000	98.908091 
2823.000000	98.912025 
2822.000000	98.915275 
2821.000000	98.917455 
2820.000000	98.918784 
2819.000000	98.919520 
2818.000000	98.919979 
2817.000000	98.920693 
2816.000000	98.922069 
2815.000000	98.923953 
2814.000000	98.925714 
2813.000000	98.926647 
2812.000000	98.926270 
2811.000000	98.924684 
2810.000000	98.922974 
2809.000000	98.922868 
2808.000000	98.925430 
2807.000000	98.930122 
2806.000000	98.935310 
2805.000000	98.939470 
2804.000000	98.941718 
2803.000000	98.941714 
2802.000000	98.939954 
2801.000000	98.938116 
2800.000000	98.938181 
2799.000000	98.940702 
2798.000000	98.944261 
2797.000000	98.946858 
2796.000000	98.947723 
2795.000000	98.947558 
2794.000000	98.947423 
2793.000000	98.947755 
2792.000000	98.948400 
2791.000000	98.949150 
2790.000000	98.949979 
2789.000000	98.950904 
2788.000000	98.951901 
2787.000000	98.952994 
2786.000000	98.954274 
2785.000000	98.955723 
2784.000000	98.957158 
2783.000000	98.958378 
2782.000000	98.959320 
2781.000000	98.960085 
2780.000000	98.960813 
2779.000000	98.961587 
2778.000000	98.962432 
2777.000000	98.963339 
2776.000000	98.964281 
2775.000000	98.965237 
2774.000000	98.966201 
2773.000000	98.967172 
2772.000000	98.968116 
2771.000000	98.968973 
2770.000000	98.969740 
2769.000000	98.970496 
2768.000000	98.971304 
2767.000000	98.972119 
2766.000000	98.972858 
2765.000000	98.973540 
2764.000000	98.974261 
2763.000000	98.975041 
2762.000000	98.975783 
2761.000000	98.976390 
2760.000000	98.976888 
2759.000000	98.977410 
2758.000000	98.978055 
2757.000000	98.978760 
2756.000000	98.979322 
2755.000000	98.979625 
2754.000000	98.979781 
2753.000000	98.980044 
2752.000000	98.980549 
2751.000000	98.981229 
2750.000000	98.981969 
2749.000000	98.982733 
2748.000000	98.983475 
2747.000000	98.984038 
2746.000000	98.984301 
2745.000000	98.984337 
2744.000000	98.984397 
2743.000000	98.984654 
2742.000000	98.985077 
2741.000000	98.985533 
2740.000000	98.985946 
2739.000000	98.986343 
2738.000000	98.986765 
2737.000000	98.987207 
2736.000000	98.987658 
2735.000000	98.988113 
2734.000000	98.988570 
2733.000000	98.989028 
2732.000000	98.989486 
2731.000000	98.989945 
2730.000000	98.990404 
2729.000000	98.990860 
2728.000000	98.991306 
2727.000000	98.991734 
2726.000000	98.992148 
2725.000000	98.992551 
2724.000000	98.992948 
2723.000000	98.993344 
2722.000000	98.993740 
2721.000000	98.994134 
2720.000000	98.994525 
2719.000000	98.994916 
2718.000000	98.995311 
2717.000000	98.995714 
2716.000000	98.996121 
2715.000000	98.996532 
2714.000000	98.996947 
2713.000000	98.997367 
2712.000000	98.997791 
2711.000000	98.998212 
2710.000000	98.998620 
2709.000000	98.999016 
2708.000000	98.999401 
2707.000000	98.999784 
2706.000000	99.000166 
2705.000000	99.000548 
2704.000000	99.000929 
2703.000000	99.001310 
2702.000000	99.001690 
2701.000000	99.002070 
2700.000000	99.002452 
2699.000000	99.002833 
2698.000000	99.003209 
2697.000000	99.003569 
2696.000000	99.003906 
2695.000000	99.004216 
2694.000000	99.004504 
2693.000000	99.004777 
2692.000000	99.005041 
2691.000000	99.005301 
2690.000000	99.005558 
2689.000000	99.005815 
2688.000000	99.006074 
2687.000000	99.006336 
2686.000000	99.006599 
2685.000000	99.006865 
2684.000000	99.007133 
2683.000000	99.007404 
2682.000000	99.007670 
2681.000000	99.007926 
2680.000000	99.008169 
2679.000000	99.008402 
2678.000000	99.008630 
2677.000000	99.008854 
2676.000000	99.009076 
2675.000000	99.009309 
2674.000000	99.009556 
2673.000000	99.009799 
2672.000000	99.010017 
2671.000000	99.010207 
2670.000000	99.010364 
2669.000000	99.010456 
2668.000000	99.010482 
2667.000000	99.010524 
2666.000000	99.010673 
2665.000000	99.010913 
2664.000000	99.011160 
2663.000000	99.011416 
2662.000000	99.011782 
2661.000000	99.012278 
2660.000000	99.012735 
2659.000000	99.012931 
2658.000000	99.012820 
2657.000000	99.012589 
2656.000000	99.012483 
2655.000000	99.012556 
2654.000000	99.012632 
2653.000000	99.012534 
2652.000000	99.012366 
2651.000000	99.012478 
2650.000000	99.013121 
2649.000000	99.014137 
2648.000000	99.015034 
2647.000000	99.015381 
2646.000000	99.015049 
2645.000000	99.014149 
2644.000000	99.012926 
2643.000000	99.011745 
2642.000000	99.010988 
2641.000000	99.010793 
2640.000000	99.010920 
2639.000000	99.011017 
2638.000000	99.011000 
2637.000000	99.011019 
2636.000000	99.011154 
2635.000000	99.011371 
2634.000000	99.011735 
2633.000000	99.012330 
2632.000000	99.012930 
2631.000000	99.013075 
2630.000000	99.012654 
2629.000000	99.012123 
2628.000000	99.011916 
2627.000000	99.011889 
2626.000000	99.011639 
2625.000000	99.011180 
2624.000000	99.010937 
2623.000000	99.011160 
2622.000000	99.011600 
2621.000000	99.011741 
2620.000000	99.011127 
2619.000000	99.009566 
2618.000000	99.007374 
2617.000000	99.005461 
2616.000000	99.004667 
2615.000000	99.005007 
2614.000000	99.005716 
2613.000000	99.006124 
2612.000000	99.006267 
2611.000000	99.006499 
2610.000000	99.006961 
2609.000000	99.007551 
2608.000000	99.008077 
2607.000000	99.008293 
2606.000000	99.008132 
2605.000000	99.007967 
2604.000000	99.008295 
2603.000000	99.008999 
2602.000000	99.009359 
2601.000000	99.009004 
2600.000000	99.008394 
2599.000000	99.008027 
2598.000000	99.007662 
2597.000000	99.006798 
2596.000000	99.005424 
2595.000000	99.003819 
2594.000000	99.002121 
2593.000000	99.000691 
2592.000000	99.000371 
2591.000000	99.001521 
2590.000000	99.003056 
2589.000000	99.003317 
2588.000000	99.002059 
2587.000000	99.000725 
2586.000000	99.000666 
2585.000000	99.001838 
2584.000000	99.003385 
2583.000000	99.004730 
2582.000000	99.005692 
2581.000000	99.006157 
2580.000000	99.006235 
2579.000000	99.006494 
2578.000000	99.007459 
2577.000000	99.008832 
2576.000000	99.009575 
2575.000000	99.008883 
2574.000000	99.006949 
2573.000000	99.004811 
2572.000000	99.003374 
2571.000000	99.002562 
2570.000000	99.001601 
2569.000000	99.000098 
2568.000000	98.998560 
2567.000000	98.997610 
2566.000000	98.997036 
2565.000000	98.996123 
2564.000000	98.994834 
2563.000000	98.994011 
2562.000000	98.994284 
2561.000000	98.995438 
2560.000000	98.997078 
2559.000000	98.999265 
2558.000000	99.001940 
2557.000000	99.004213 
2556.000000	99.005087 
2555.000000	99.004681 
2554.000000	99.004037 
2553.000000	99.003735 
2552.000000	99.003425 
2551.000000	99.002956 
2550.000000	99.003054 
2549.000000	99.004189 
2548.000000	99.005368 
2547.000000	99.005071 
2546.000000	99.003195 
2545.000000	99.001216 
2544.000000	99.000275 
2543.000000	98.999911 
2542.000000	98.999232 
2541.000000	98.998548 
2540.000000	98.998966 
2539.000000	99.000771 
2538.000000	99.002996 
2537.000000	99.004486 
2536.000000	99.004953 
2535.000000	99.004782 
2534.000000	99.004320 
2533.000000	99.003584 
2532.000000	99.002512 
2531.000000	99.001236 
2530.000000	99.000087 
2529.000000	98.999402 
2528.000000	98.999319 
2527.000000	98.999731 
2526.000000	99.000387 
2525.000000	99.001020 
2524.000000	99.001408 
2523.000000	99.001417 
2522.000000	99.001053 
2521.000000	99.000445 
2520.000000	98.999769 
2519.000000	98.999232 
2518.000000	98.999065 
2517.000000	98.999330 
2516.000000	98.999689 
2515.000000	98.999600 
2514.000000	98.998917 
2513.000000	98.998135 
2512.000000	98.997823 
2511.000000	98.997982 
2510.000000	98.998225 
2509.000000	98.998387 
2508.000000	98.998604 
2507.000000	98.998920 
2506.000000	98.999272 
2505.000000	98.999837 
2504.000000	99.000889 
2503.000000	99.002203 
2502.000000	99.003006 
2501.000000	99.002756 
2500.000000	99.001619 
2499.000000	99.000221 
2498.000000	98.999112 
2497.000000	98.998567 
2496.000000	98.998749 
2495.000000	98.999670 
2494.000000	99.001016 
2493.000000	99.002249 
2492.000000	99.003031 
2491.000000	99.003444 
2490.000000	99.003775 
2489.000000	99.004133 
2488.000000	99.004295 
2487.000000	99.003973 
2486.000000	99.003236 
2485.000000	99.002648 
2484.000000	99.002868 
2483.000000	99.004122 
2482.000000	99.006035 
2481.000000	99.007854 
2480.000000	99.008897 
2479.000000	99.008884 
2478.000000	99.008033 
2477.000000	99.006860 
2476.000000	99.005718 
2475.000000	99.004575 
2474.000000	99.003355 
2473.000000	99.002347 
2472.000000	99.002008 
2471.000000	99.002424 
2470.000000	99.003269 
2469.000000	99.004201 
2468.000000	99.004983 
2467.000000	99.005269 
2466.000000	99.004703 
2465.000000	99.003389 
2464.000000	99.002075 
2463.000000	99.001674 
2462.000000	99.002657 
2461.000000	99.004894 
2460.000000	99.007782 
2459.000000	99.010493 
2458.000000	99.012279 
2457.000000	99.012698 
2456.000000	99.011617 
2455.000000	99.009268 
2454.000000	99.006424 
2453.000000	99.004111 
2452.000000	99.002817 
2451.000000	99.002251 
2450.000000	99.002058 
2449.000000	99.002428 
2448.000000	99.003562 
2447.000000	99.004867 
2446.000000	99.005328 
2445.000000	99.004629 
2444.000000	99.003345 
2443.000000	99.002107 
2442.000000	99.001064 
2441.000000	99.000235 
2440.000000	98.999863 
2439.000000	99.000177 
2438.000000	99.001182 
2437.000000	99.002760 
2436.000000	99.004639 
2435.000000	99.006225 
2434.000000	99.006877 
2433.000000	99.006475 
2432.000000	99.005527 
2431.000000	99.004687 
2430.000000	99.004354 
2429.000000	99.004698 
2428.000000	99.005616 
2427.000000	99.006555 
2426.000000	99.006774 
2425.000000	99.005992 
2424.000000	99.004576 
2423.000000	99.003180 
2422.000000	99.002327 
2421.000000	99.002319 
2420.000000	99.003177 
2419.000000	99.004479 
2418.000000	99.005584 
2417.000000	99.006268 
2416.000000	99.006770 
2415.000000	99.007255 
2414.000000	99.007628 
2413.000000	99.007886 
2412.000000	99.008250 
2411.000000	99.008794 
2410.000000	99.009229 
2409.000000	99.009349 
2408.000000	99.009417 
2407.000000	99.009790 
2406.000000	99.010388 
2405.000000	99.010818 
2404.000000	99.010890 
2403.000000	99.010758 
2402.000000	99.010675 
2401.000000	99.010822 
2400.000000	99.011303 
2399.000000	99.012107 
2398.000000	99.013090 
2397.000000	99.014083 
2396.000000	99.015013 
2395.000000	99.015808 
2394.000000	99.016264 
2393.000000	99.016333 
2392.000000	99.016305 
2391.000000	99.016550 
2390.000000	99.017081 
2389.000000	99.017629 
2388.000000	99.018041 
2387.000000	99.018349 
2386.000000	99.018616 
2385.000000	99.018858 
2384.000000	99.019079 
2383.000000	99.019287 
2382.000000	99.019482 
2381.000000	99.019666 
2380.000000	99.019841 
2379.000000	99.019999 
2378.000000	99.020121 
2377.000000	99.020199 
2376.000000	99.020236 
2375.000000	99.020240 
2374.000000	99.020221 
2373.000000	99.020183 
2372.000000	99.020121 
2371.000000	99.020030 
2370.000000	99.019904 
2369.000000	99.019737 
2368.000000	99.019525 
2367.000000	99.019268 
2366.000000	99.018982 
2365.000000	99.018690 
2364.000000	99.018418 
2363.000000	99.018180 
2362.000000	99.017978 
2361.000000	99.017797 
2360.000000	99.017617 
2359.000000	99.017413 
2358.000000	99.017153 
2357.000000	99.016818 
2356.000000	99.016402 
2355.000000	99.015921 
2354.000000	99.015401 
2353.000000	99.014877 
2352.000000	99.014390 
2351.000000	99.013963 
2350.000000	99.013580 
2349.000000	99.013204 
2348.000000	99.012812 
2347.000000	99.012422 
2346.000000	99.012073 
2345.000000	99.011793 
2344.000000	99.011578 
2343.000000	99.011405 
2342.000000	99.011254 
2341.000000	99.011123 
2340.000000	99.011015 
2339.000000	99.010925 
2338.000000	99.010841 
2337.000000	99.010751 
2336.000000	99.010655 
2335.000000	99.010557 
2334.000000	99.010465 
2333.000000	99.010383 
2332.000000	99.010319 
2331.000000	99.010274 
2330.000000	99.010248 
2329.000000	99.010242 
2328.000000	99.010264 
2327.000000	99.010320 
2326.000000	99.010411 
2325.000000	99.010532 
2324.000000	99.010674 
2323.000000	99.010821 
2322.000000	99.010954 
2321.000000	99.011049 
2320.000000	99.011097 
2319.000000	99.011098 
2318.000000	99.011059 
2317.000000	99.010986 
2316.000000	99.010886 
2315.000000	99.010765 
2314.000000	99.010658 
2313.000000	99.010626 
2312.000000	99.010714 
2311.000000	99.010924 
2310.000000	99.011201 
2309.000000	99.011318 
2308.000000	99.010999 
2307.000000	99.010380 
2306.000000	99.010030 
2305.000000	99.010233 
2304.000000	99.010647 
2303.000000	99.010982 
2302.000000	99.011499 
2301.000000	99.012449 
2300.000000	99.013258 
2299.000000	99.012936 
2298.000000	99.011184 
2297.000000	99.008571 
2296.000000	99.005999 
2295.000000	99.004152 
2294.000000	99.003360 
2293.000000	99.003486 
2292.000000	99.003987 
2291.000000	99.004196 
2290.000000	99.003864 
2289.000000	99.003189 
2288.000000	99.002470 
2287.000000	99.001713 
2286.000000	99.000814 
2285.000000	98.999909 
2284.000000	98.999365 
2283.000000	98.999346 
2282.000000	98.999518 
2281.000000	98.999232 
2280.000000	98.997969 
2279.000000	98.995623 
2278.000000	98.992538 
2277.000000	98.989386 
2276.000000	98.986857 
2275.000000	98.985361 
2274.000000	98.984931 
2273.000000	98.985439 
2272.000000	98.986667 
2271.000000	98.988057 
2270.000000	98.988691 
2269.000000	98.987934 
2268.000000	98.986034 
2267.000000	98.983865 
2266.000000	98.981974 
2265.000000	98.980260 
2264.000000	98.978517 
2263.000000	98.976811 
2262.000000	98.975283 
2261.000000	98.973938 
2260.000000	98.972722 
2259.000000	98.971584 
2258.000000	98.970401 
2257.000000	98.969073 
2256.000000	98.967704 
2255.000000	98.966518 
2254.000000	98.965529 
2253.000000	98.964433 
2252.000000	98.962965 
2251.000000	98.961178 
2250.000000	98.959301 
2249.000000	98.957484 
2248.000000	98.955785 
2247.000000	98.954260 
2246.000000	98.952899 
2245.000000	98.951573 
2244.000000	98.950152 
2243.000000	98.948647 
2242.000000	98.947135 
2241.000000	98.945708 
2240.000000	98.944427 
2239.000000	98.943299 
2238.000000	98.942265 
2237.000000	98.941246 
2236.000000	98.940196 
2235.000000	98.939107 
2234.000000	98.937988 
2233.000000	98.936848 
2232.000000	98.935685 
2231.000000	98.934500 
2230.000000	98.933297 
2229.000000	98.932072 
2228.000000	98.930831 
2227.000000	98.929614 
2226.000000	98.928472 
2225.000000	98.927415 
2224.000000	98.926386 
2223.000000	98.925296 
2222.000000	98.924130 
2221.000000	98.922956 
2220.000000	98.921807 
2219.000000	98.920613 
2218.000000	98.919321 
2217.000000	98.918009 
2216.000000	98.916818 
2215.000000	98.915793 
2214.000000	98.914859 
2213.000000	98.913929 
2212.000000	98.913009 
2211.000000	98.912162 
2210.000000	98.911419 
2209.000000	98.910722 
2208.000000	98.909964 
2207.000000	98.909072 
2206.000000	98.908092 
2205.000000	98.907178 
2204.000000	98.906468 
2203.000000	98.906005 
2202.000000	98.905724 
2201.000000	98.905439 
2200.000000	98.904889 
2199.000000	98.903891 
2198.000000	98.902472 
2197.000000	98.900856 
2196.000000	98.899255 
2195.000000	98.897705 
2194.000000	98.896175 
2193.000000	98.894800 
2192.000000	98.893856 
2191.000000	98.893416 
2190.000000	98.893204 
2189.000000	98.892836 
2188.000000	98.892183 
2187.000000	98.891316 
2186.000000	98.890193 
2185.000000	98.888654 
2184.000000	98.886807 
2183.000000	98.885302 
2182.000000	98.884743 
2181.000000	98.885120 
2180.000000	98.885763 
2179.000000	98.885969 
2178.000000	98.885631 
2177.000000	98.885057 
2176.000000	98.884584 
2175.000000	98.884320 
2174.000000	98.884271 
2173.000000	98.884494 
2172.000000	98.885056 
2171.000000	98.885922 
2170.000000	98.886888 
2169.000000	98.887577 
2168.000000	98.887649 
2167.000000	98.887158 
2166.000000	98.886588 
2165.000000	98.886248 
2164.000000	98.885714 
2163.000000	98.884315 
2162.000000	98.882307 
2161.000000	98.881105 
2160.000000	98.881839 
2159.000000	98.884199 
2158.000000	98.886968 
2157.000000	98.889298 
2156.000000	98.890957 
2155.000000	98.891938 
2154.000000	98.892629 
2153.000000	98.893966 
2152.000000	98.896573 
2151.000000	98.899701 
2150.000000	98.901640 
2149.000000	98.901582 
2148.000000	98.900736 
2147.000000	98.901114 
2146.000000	98.903248 
2145.000000	98.905832 
2144.000000	98.907688 
2143.000000	98.909392 
2142.000000	98.912223 
2141.000000	98.916085 
2140.000000	98.919497 
2139.000000	98.921623 
2138.000000	98.923391 
2137.000000	98.925843 
2136.000000	98.928207 
2135.000000	98.928679 
2134.000000	98.926644 
2133.000000	98.923412 
2132.000000	98.921162 
2131.000000	98.921157 
2130.000000	98.923212 
2129.000000	98.926296 
2128.000000	98.929366 
2127.000000	98.931930 
2126.000000	98.933978 
2125.000000	98.935617 
2124.000000	98.936886 
2123.000000	98.937783 
2122.000000	98.938304 
2121.000000	98.938429 
2120.000000	98.938190 
2119.000000	98.937795 
2118.000000	98.937641 
2117.000000	98.938116 
2116.000000	98.939296 
2115.000000	98.940768 
2114.000000	98.941760 
2113.000000	98.941726 
2112.000000	98.940866 
2111.000000	98.940046 
2110.000000	98.940038 
2109.000000	98.940891 
2108.000000	98.942062 
2107.000000	98.943071 
2106.000000	98.943867 
2105.000000	98.944653 
2104.000000	98.945601 
2103.000000	98.946693 
2102.000000	98.947573 
2101.000000	98.947630 
2100.000000	98.946565 
2099.000000	98.944894 
2098.000000	98.943752 
2097.000000	98.943816 
2096.000000	98.944788 
2095.000000	98.945813 
2094.000000	98.946350 
2093.000000	98.946457 
2092.000000	98.946335 
2091.000000	98.946083 
2090.000000	98.945848 
2089.000000	98.945896 
2088.000000	98.946304 
2087.000000	98.946729 
2086.000000	98.946668 
2085.000000	98.945915 
2084.000000	98.944700 
2083.000000	98.943391 
2082.000000	98.942163 
2081.000000	98.941080 
2080.000000	98.940430 
2079.000000	98.940706 
2078.000000	98.941982 
2077.000000	98.943351 
2076.000000	98.943521 
2075.000000	98.942082 
2074.000000	98.939820 
2073.000000	98.937554 
2072.000000	98.935223 
2071.000000	98.932595 
2070.000000	98.930060 
2069.000000	98.928259 
2068.000000	98.927368 
2067.000000	98.927092 
2066.000000	98.927064 
2065.000000	98.926929 
2064.000000	98.926294 
2063.000000	98.925000 
2062.000000	98.923349 
2061.000000	98.921895 
2060.000000	98.920951 
2059.000000	98.920447 
2058.000000	98.920151 
2057.000000	98.919808 
2056.000000	98.919193 
2055.000000	98.918200 
2054.000000	98.916980 
2053.000000	98.915847 
2052.000000	98.914949 
2051.000000	98.914090 
2050.000000	98.912953 
2049.000000	98.911470 
2048.000000	98.909868 
2047.000000	98.908453 
2046.000000	98.907351 
2045.000000	98.906509 
2044.000000	98.905817 
2043.000000	98.905218 
2042.000000	98.904705 
2041.000000	98.904277 
2040.000000	98.903915 
2039.000000	98.903593 
2038.000000	98.903261 
2037.000000	98.902845 
2036.000000	98.902277 
2035.000000	98.901566 
2034.000000	98.900822 
2033.000000	98.900208 
2032.000000	98.899812 
2031.000000	98.899601 
2030.000000	98.899404 
2029.000000	98.899025 
2028.000000	98.898382 
2027.000000	98.897564 
2026.000000	98.896756 
2025.000000	98.896095 
2024.000000	98.895634 
2023.000000	98.895407 
2022.000000	98.895458 
2021.000000	98.895725 
2020.000000	98.895914 
2019.000000	98.895652 
2018.000000	98.894793 
2017.000000	98.893539 
2016.000000	98.892284 
2015.000000	98.891243 
2014.000000	98.890319 
2013.000000	98.889253 
2012.000000	98.887974 
2011.000000	98.886859 
2010.000000	98.886421 
2009.000000	98.886717 
2008.000000	98.887171 
2007.000000	98.887140 
2006.000000	98.886598 
2005.000000	98.886014 
2004.000000	98.885737 
2003.000000	98.885701 
2002.000000	98.885717 
2001.000000	98.885636 
2000.000000	98.885174 
1999.000000	98.883989 
1998.000000	98.882085 
1997.000000	98.879956 
1996.000000	98.878238 
1995.000000	98.877224 
1994.000000	98.876823 
1993.000000	98.876688 
1992.000000	98.876413 
1991.000000	98.875852 
1990.000000	98.875229 
1989.000000	98.874873 
1988.000000	98.874809 
1987.000000	98.874713 
1986.000000	98.874295 
1985.000000	98.873611 
1984.000000	98.872962 
1983.000000	98.872567 
1982.000000	98.872407 
1981.000000	98.872349 
1980.000000	98.872294 
1979.000000	98.872219 
1978.000000	98.872124 
1977.000000	98.872017 
1976.000000	98.871929 
1975.000000	98.871927 
1974.000000	98.872090 
1973.000000	98.872454 
1972.000000	98.872973 
1971.000000	98.873532 
1970.000000	98.874023 
1969.000000	98.874413 
1968.000000	98.874719 
1967.000000	98.874988 
1966.000000	98.875307 
1965.000000	98.875759 
1964.000000	98.876387 
1963.000000	98.877154 
1962.000000	98.877985 
1961.000000	98.878819 
1960.000000	98.879618 
1959.000000	98.880372 
1958.000000	98.881107 
1957.000000	98.881890 
1956.000000	98.882794 
1955.000000	98.883847 
1954.000000	98.884967 
1953.000000	98.886018 
1952.000000	98.886938 
1951.000000	98.887759 
1950.000000	98.888554 
1949.000000	98.889466 
1948.000000	98.890682 
1947.000000	98.892206 
1946.000000	98.893666 
1945.000000	98.894614 
1944.000000	98.894958 
1943.000000	98.895060 
1942.000000	98.895345 
1941.000000	98.895876 
1940.000000	98.896456 
1939.000000	98.896882 
1938.000000	98.897173 
1937.000000	98.897749 
1936.000000	98.899135 
1935.000000	98.901182 
1934.000000	98.902936 
1933.000000	98.903837 
1932.000000	98.904583 
1931.000000	98.906209 
1930.000000	98.908800 
1929.000000	98.911497 
1928.000000	98.913760 
1927.000000	98.915741 
1926.000000	98.917373 
1925.000000	98.918171 
1924.000000	98.918006 
1923.000000	98.917430 
1922.000000	98.916914 
1921.000000	98.916327 
1920.000000	98.915757 
1919.000000	98.915998 
1918.000000	98.917542 
1917.000000	98.919500 
1916.000000	98.920569 
1915.000000	98.920865 
1914.000000	98.921385 
1913.000000	98.922292 
1912.000000	98.922809 
1911.000000	98.922618 
1910.000000	98.922515 
1909.000000	98.923292 
1908.000000	98.924834 
1907.000000	98.926536 
1906.000000	98.927925 
1905.000000	98.928684 
1904.000000	98.928657 
1903.000000	98.928219 
1902.000000	98.928082 
1901.000000	98.928446 
1900.000000	98.928941 
1899.000000	98.929337 
1898.000000	98.929758 
1897.000000	98.930315 
1896.000000	98.930903 
1895.000000	98.931413 
1894.000000	98.931860 
1893.000000	98.932287 
1892.000000	98.932712 
1891.000000	98.933144 
1890.000000	98.933588 
1889.000000	98.934035 
1888.000000	98.934482 
1887.000000	98.934934 
1886.000000	98.935396 
1885.000000	98.935870 
1884.000000	98.936354 
1883.000000	98.936853 
1882.000000	98.937380 
1881.000000	98.937945 
1880.000000	98.938549 
1879.000000	98.939179 
1878.000000	98.939823 
1877.000000	98.940479 
1876.000000	98.941156 
1875.000000	98.941870 
1874.000000	98.942628 
1873.000000	98.943427 
1872.000000	98.944252 
1871.000000	98.945091 
1870.000000	98.945935 
1869.000000	98.946785 
1868.000000	98.947643 
1867.000000	98.948510 
1866.000000	98.949385 
1865.000000	98.950269 
1864.000000	98.951172 
1863.000000	98.952111 
1862.000000	98.953105 
1861.000000	98.954163 
1860.000000	98.955274 
1859.000000	98.956415 
1858.000000	98.957570 
1857.000000	98.958731 
1856.000000	98.959887 
1855.000000	98.961031 
1854.000000	98.962168 
1853.000000	98.963309 
1852.000000	98.964466 
1851.000000	98.965645 
1850.000000	98.966847 
1849.000000	98.968065 
1848.000000	98.969284 
1847.000000	98.970498 
1846.000000	98.971711 
1845.000000	98.972930 
1844.000000	98.974158 
1843.000000	98.975392 
1842.000000	98.976629 
1841.000000	98.977861 
1840.000000	98.979090 
1839.000000	98.980327 
1838.000000	98.981577 
1837.000000	98.982799 
1836.000000	98.983933 
1835.000000	98.984979 
1834.000000	98.986021 
1833.000000	98.987097 
1832.000000	98.988178 
1831.000000	98.989207 
1830.000000	98.990145 
1829.000000	98.991019 
1828.000000	98.991910 
1827.000000	98.992865 
1826.000000	98.993871 
1825.000000	98.994865 
1824.000000	98.995730 
1823.000000	98.996363 
1822.000000	98.996832 
1821.000000	98.997327 
1820.000000	98.997895 
1819.000000	98.998384 
1818.000000	98.998803 
1817.000000	98.999444 
1816.000000	99.000314 
1815.000000	99.001026 
1814.000000	99.001481 
1813.000000	99.002192 
1812.000000	99.003483 
1811.000000	99.004610 
1810.000000	99.004916 
1809.000000	99.005024 
1808.000000	99.005618 
1807.000000	99.006335 
1806.000000	99.006833 
1805.000000	99.007493 
1804.000000	99.008383 
1803.000000	99.008671 
1802.000000	99.007726 
1801.000000	99.006313 
1800.000000	99.005576 
1799.000000	99.005438 
1798.000000	99.005660 
1797.000000	99.006433 
1796.000000	99.007379 
1795.000000	99.007815 
1794.000000	99.007727 
1793.000000	99.007742 
1792.000000	99.007766 
1791.000000	99.006999 
1790.000000	99.006078 
1789.000000	99.006460 
1788.000000	99.008269 
1787.000000	99.010300 
1786.000000	99.011615 
1785.000000	99.012393 
1784.000000	99.012945 
1783.000000	99.013316 
1782.000000	99.013531 
1781.000000	99.013771 
1780.000000	99.014295 
1779.000000	99.015099 
1778.000000	99.016210 
1777.000000	99.017512 
1776.000000	99.018599 
1775.000000	99.019275 
1774.000000	99.019619 
1773.000000	99.019937 
1772.000000	99.020580 
1771.000000	99.021405 
1770.000000	99.021969 
1769.000000	99.022313 
1768.000000	99.022802 
1767.000000	99.023435 
1766.000000	99.023949 
1765.000000	99.024405 
1764.000000	99.025145 
1763.000000	99.026172 
1762.000000	99.027016 
1761.000000	99.027570 
1760.000000	99.028280 
1759.000000	99.029237 
1758.000000	99.030023 
1757.000000	99.030281 
1756.000000	99.030344 
1755.000000	99.030593 
1754.000000	99.030687 
1753.000000	99.030196 
1752.000000	99.029513 
1751.000000	99.029719 
1750.000000	99.031114 
1749.000000	99.032898 
1748.000000	99.034241 
1747.000000	99.035201 
1746.000000	99.035969 
1745.000000	99.036572 
1744.000000	99.037167 
1743.000000	99.037861 
1742.000000	99.038443 
1741.000000	99.038793 
1740.000000	99.039242 
1739.000000	99.040158 
1738.000000	99.041310 
1737.000000	99.042242 
1736.000000	99.042746 
1735.000000	99.042661 
1734.000000	99.041871 
1733.000000	99.041043 
1732.000000	99.041170 
1731.000000	99.042566 
1730.000000	99.044941 
1729.000000	99.047207 
1728.000000	99.048608 
1727.000000	99.049278 
1726.000000	99.049629 
1725.000000	99.049790 
1724.000000	99.049878 
1723.000000	99.050028 
1722.000000	99.050361 
1721.000000	99.050697 
1720.000000	99.050697 
1719.000000	99.049841 
1718.000000	99.048019 
1717.000000	99.046925 
1716.000000	99.047196 
1715.000000	99.047280 
1714.000000	99.047070 
1713.000000	99.047409 
1712.000000	99.048019 
1711.000000	99.048327 
1710.000000	99.048356 
1709.000000	99.048324 
1708.000000	99.048297 
1707.000000	99.048275 
1706.000000	99.048433 
1705.000000	99.048853 
1704.000000	99.048318 
1703.000000	99.045915 
1702.000000	99.042235 
1701.000000	99.039308 
1700.000000	99.037631 
1699.000000	99.035126 
1698.000000	99.032325 
1697.000000	99.031630 
1696.000000	99.033127 
1695.000000	99.034530 
1694.000000	99.034890 
1693.000000	99.034920 
1692.000000	99.034729 
1691.000000	99.033809 
1690.000000	99.031984 
1689.000000	99.029592 
1688.000000	99.027123 
1687.000000	99.024920 
1686.000000	99.023413 
1685.000000	99.023167 
1684.000000	99.023278 
1683.000000	99.022841 
1682.000000	99.022138 
1681.000000	99.020977 
1680.000000	99.019649 
1679.000000	99.018470 
1678.000000	99.017497 
1677.000000	99.016402 
1676.000000	99.015027 
1675.000000	99.013520 
1674.000000	99.011907 
1673.000000	99.010218 
1672.000000	99.008816 
1671.000000	99.008027 
1670.000000	99.007639 
1669.000000	99.006842 
1668.000000	99.005618 
1667.000000	99.004649 
1666.000000	99.003915 
1665.000000	99.003138 
1664.000000	99.002355 
1663.000000	99.001679 
1662.000000	99.000922 
1661.000000	98.999560 
1660.000000	98.997682 
1659.000000	98.996039 
1658.000000	98.995200 
1657.000000	98.994601 
1656.000000	98.993797 
1655.000000	98.992918 
1654.000000	98.991993 
1653.000000	98.989244 
1652.000000	98.985075 
1651.000000	98.982393 
1650.000000	98.980679 
1649.000000	98.979508 
1648.000000	98.978555 
1647.000000	98.977751 
1646.000000	98.976698 
1645.000000	98.975821 
1644.000000	98.974834 
1643.000000	98.973573 
1642.000000	98.972250 
1641.000000	98.971123 
1640.000000	98.970044 
1639.000000	98.968794 
1638.000000	98.967786 
1637.000000	98.967643 
1636.000000	98.967688 
1635.000000	98.967477 
1634.000000	98.967534 
1633.000000	98.967174 
1632.000000	98.965355 
1631.000000	98.962643 
1630.000000	98.960747 
1629.000000	98.960078 
1628.000000	98.959756 
1627.000000	98.959983 
1626.000000	98.961657 
1625.000000	98.964159 
1624.000000	98.965761 
1623.000000	98.965984 
1622.000000	98.965926 
1621.000000	98.965179 
1620.000000	98.962755 
1619.000000	98.959438 
1618.000000	98.957001 
1617.000000	98.954776 
1616.000000	98.951145 
1615.000000	98.949020 
1614.000000	98.950372 
1613.000000	98.952453 
1612.000000	98.952131 
1611.000000	98.949830 
1610.000000	98.948221 
1609.000000	98.947785 
1608.000000	98.947395 
1607.000000	98.947667 
1606.000000	98.949136 
1605.000000	98.950294 
1604.000000	98.950725 
1603.000000	98.952280 
1602.000000	98.955719 
1601.000000	98.958939 
1600.000000	98.960168 
1599.000000	98.960444 
1598.000000	98.961006 
1597.000000	98.961339 
1596.000000	98.960848 
1595.000000	98.960709 
1594.000000	98.962334 
1593.000000	98.964853 
1592.000000	98.966588 
1591.000000	98.967928 
1590.000000	98.970281 
1589.000000	98.973224 
1588.000000	98.975371 
1587.000000	98.976883 
1586.000000	98.978518 
1585.000000	98.979413 
1584.000000	98.978917 
1583.000000	98.978792 
1582.000000	98.980761 
1581.000000	98.983825 
1580.000000	98.986154 
1579.000000	98.988010 
1578.000000	98.990734 
1577.000000	98.993715 
1576.000000	98.994557 
1575.000000	98.994500 
1574.000000	98.996076 
1573.000000	98.998496 
1572.000000	99.001142 
1571.000000	99.004440 
1570.000000	99.007418 
1569.000000	99.007157 
1568.000000	99.004344 
1567.000000	99.002515 
1566.000000	99.002734 
1565.000000	99.003142 
1564.000000	99.003107 
1563.000000	99.003195 
1562.000000	99.003991 
1561.000000	99.004092 
1560.000000	99.002757 
1559.000000	99.000425 
1558.000000	99.000014 
1557.000000	99.002589 
1556.000000	99.004008 
1555.000000	99.005278 
1554.000000	99.005600 
1553.000000	99.005883 
1552.000000	99.006028 
1551.000000	99.005783 
1550.000000	99.004226 
1549.000000	99.002238 
1548.000000	99.001332 
1547.000000	99.001815 
1546.000000	99.002106 
1545.000000	99.000820 
1544.000000	98.998547 
1543.000000	98.996671 
1542.000000	98.995978 
1541.000000	98.996373 
1540.000000	98.993989 
1539.000000	98.988576 
1538.000000	98.984959 
1537.000000	98.983218 
1536.000000	98.981501 
1535.000000	98.979346 
1534.000000	98.977376 
1533.000000	98.975836 
1532.000000	98.974348 
1531.000000	98.971660 
1530.000000	98.968161 
1529.000000	98.965258 
1528.000000	98.963025 
1527.000000	98.960645 
1526.000000	98.957826 
1525.000000	98.955306 
1524.000000	98.953550 
1523.000000	98.951868 
1522.000000	98.949026 
1521.000000	98.944410 
1520.000000	98.938631 
1519.000000	98.932451 
1518.000000	98.926294 
1517.000000	98.920876 
1516.000000	98.916823 
1515.000000	98.914307 
1514.000000	98.912725 
1513.000000	98.911370 
1512.000000	98.909396 
1511.000000	98.905491 
1510.000000	98.899350 
1509.000000	98.892416 
1508.000000	98.887336 
1507.000000	98.884095 
1506.000000	98.880967 
1505.000000	98.878108 
1504.000000	98.875145 
1503.000000	98.871706 
1502.000000	98.867659 
1501.000000	98.863746 
1500.000000	98.860581 
1499.000000	98.857570 
1498.000000	98.852766 
1497.000000	98.846521 
1496.000000	98.841689 
1495.000000	98.839222 
1494.000000	98.837790 
1493.000000	98.836467 
1492.000000	98.835373 
1491.000000	98.834435 
1490.000000	98.832930 
1489.000000	98.831201 
1488.000000	98.829146 
1487.000000	98.825093 
1486.000000	98.819517 
1485.000000	98.813505 
1484.000000	98.807603 
1483.000000	98.802884 
1482.000000	98.799883 
1481.000000	98.798163 
1480.000000	98.796153 
1479.000000	98.792574 
1478.000000	98.787647 
1477.000000	98.782813 
1476.000000	98.778245 
1475.000000	98.772273 
1474.000000	98.764915 
1473.000000	98.759674 
1472.000000	98.759410 
1471.000000	98.761317 
1470.000000	98.761671 
1469.000000	98.760676 
1468.000000	98.759552 
1467.000000	98.757817 
1466.000000	98.754986 
1465.000000	98.752268 
1464.000000	98.751049 
1463.000000	98.749695 
1462.000000	98.746112 
1461.000000	98.741822 
1460.000000	98.739947 
1459.000000	98.741164 
1458.000000	98.738915 
1457.000000	98.727930 
1456.000000	98.716934 
1455.000000	98.712376 
1454.000000	98.709027 
1453.000000	98.705103 
1452.000000	98.703222 
1451.000000	98.705630 
1450.000000	98.711139 
1449.000000	98.718645 
1448.000000	98.727172 
1447.000000	98.734005 
1446.000000	98.736726 
1445.000000	98.736672 
1444.000000	98.737768 
1443.000000	98.740682 
1442.000000	98.742686 
1441.000000	98.741948 
1440.000000	98.740200 
1439.000000	98.739587 
1438.000000	98.738588 
1437.000000	98.735354 
1436.000000	98.732822 
1435.000000	98.732995 
1434.000000	98.733196 
1433.000000	98.733215 
1432.000000	98.734712 
1431.000000	98.738029 
1430.000000	98.740479 
1429.000000	98.740237 
1428.000000	98.738763 
1427.000000	98.738144 
1426.000000	98.738728 
1425.000000	98.738894 
1424.000000	98.739245 
1423.000000	98.740377 
1422.000000	98.740073 
1421.000000	98.737298 
1420.000000	98.734537 
1419.000000	98.731604 
1418.000000	98.723314 
1417.000000	98.711328 
1416.000000	98.703861 
1415.000000	98.703646 
1414.000000	98.704691 
1413.000000	98.700704 
1412.000000	98.693177 
1411.000000	98.687503 
1410.000000	98.684059 
1409.000000	98.680933 
1408.000000	98.679337 
1407.000000	98.681406 
1406.000000	98.686054 
1405.000000	98.690515 
1404.000000	98.696045 
1403.000000	98.704167 
1402.000000	98.712588 
1401.000000	98.720021 
1400.000000	98.728758 
1399.000000	98.739996 
1398.000000	98.748438 
1397.000000	98.747637 
1396.000000	98.738447 
1395.000000	98.729949 
1394.000000	98.730558 
1393.000000	98.740985 
1392.000000	98.758178 
1391.000000	98.778086 
1390.000000	98.795868 
1389.000000	98.807422 
1388.000000	98.811239 
1387.000000	98.809417 
1386.000000	98.806237 
1385.000000	98.805309 
1384.000000	98.808557 
1383.000000	98.815537 
1382.000000	98.823485 
1381.000000	98.830151 
1380.000000	98.835612 
1379.000000	98.841987 
1378.000000	98.851042 
1377.000000	98.862180 
1376.000000	98.873149 
1375.000000	98.882497 
1374.000000	98.890664 
1373.000000	98.899219 
1372.000000	98.909175 
1371.000000	98.920786 
1370.000000	98.933795 
1369.000000	98.946092 
1368.000000	98.956335 
1367.000000	98.965324 
1366.000000	98.974358 
1365.000000	98.984042 
1364.000000	98.993429 
1363.000000	99.000509 
1362.000000	99.004917 
1361.000000	99.008805 
1360.000000	99.014636 
1359.000000	99.023738 
1358.000000	99.035674 
1357.000000	99.048137 
1356.000000	99.058573 
1355.000000	99.065784 
1354.000000	99.070240 
1353.000000	99.074171 
1352.000000	99.078993 
1351.000000	99.084866 
1350.000000	99.092249 
1349.000000	99.099204 
1348.000000	99.103515 
1347.000000	99.106010 
1346.000000	99.110057 
1345.000000	99.116965 
1344.000000	99.124363 
1343.000000	99.129519 
1342.000000	99.132159 
1341.000000	99.132935 
1340.000000	99.131767 
1339.000000	99.129241 
1338.000000	99.126889 
1337.000000	99.125495 
1336.000000	99.124769 
1335.000000	99.124316 
1334.000000	99.124450 
1333.000000	99.125712 
1332.000000	99.127618 
1331.000000	99.129171 
1330.000000	99.129972 
1329.000000	99.130118 
1328.000000	99.129775 
1327.000000	99.129697 
1326.000000	99.130614 
1325.000000	99.131094 
1324.000000	99.129598 
1323.000000	99.126492 
1322.000000	99.123160 
1321.000000	99.120428 
1320.000000	99.118823 
1319.000000	99.118802 
1318.000000	99.119833 
1317.000000	99.120578 
1316.000000	99.120272 
1315.000000	99.119085 
1314.000000	99.117376 
1313.000000	99.116167 
1312.000000	99.117289 
1311.000000	99.121196 
1310.000000	99.125171 
1309.000000	99.126096 
1308.000000	99.124441 
1307.000000	99.123741 
1306.000000	99.126119 
1305.000000	99.129719 
1304.000000	99.132245 
1303.000000	99.133277 
1302.000000	99.132900 
1301.000000	99.130705 
1300.000000	99.127514 
1299.000000	99.125585 
1298.000000	99.125728 
1297.000000	99.125973 
1296.000000	99.124241 
1295.000000	99.121152 
1294.000000	99.118693 
1293.000000	99.117675 
1292.000000	99.117641 
1291.000000	99.117949 
1290.000000	99.118072 
1289.000000	99.117690 
1288.000000	99.116936 
1287.000000	99.115856 
1286.000000	99.113612 
1285.000000	99.109554 
1284.000000	99.105045 
1283.000000	99.102154 
1282.000000	99.100462 
1281.000000	99.097271 
1280.000000	99.091519 
1279.000000	99.085635 
1278.000000	99.082389 
1277.000000	99.081728 
1276.000000	99.081530 
1275.000000	99.080269 
1274.000000	99.077620 
1273.000000	99.073680 
1272.000000	99.068819 
1271.000000	99.063535 
1270.000000	99.057485 
1269.000000	99.049424 
1268.000000	99.039015 
1267.000000	99.027672 
1266.000000	99.016832 
1265.000000	99.006966 
1264.000000	98.998770 
1263.000000	98.993286 
1262.000000	98.989959 
1261.000000	98.986323 
1260.000000	98.981153 
1259.000000	98.976379 
1258.000000	98.973699 
1257.000000	98.971137 
1256.000000	98.965090 
1255.000000	98.955160 
1254.000000	98.944968 
1253.000000	98.938025 
1252.000000	98.934156 
1251.000000	98.930653 
1250.000000	98.926117 
1249.000000	98.922433 
1248.000000	98.922759 
1247.000000	98.927367 
1246.000000	98.931677 
1245.000000	98.929768 
1244.000000	98.920061 
1243.000000	98.907176 
1242.000000	98.898471 
1241.000000	98.898722 
1240.000000	98.906919 
1239.000000	98.916652 
1238.000000	98.920421 
1237.000000	98.915226 
1236.000000	98.903944 
1235.000000	98.891060 
1234.000000	98.878285 
1233.000000	98.865409 
1232.000000	98.853343 
1231.000000	98.843348 
1230.000000	98.834439 
1229.000000	98.824826 
1228.000000	98.815297 
1227.000000	98.807876 
1226.000000	98.801393 
1225.000000	98.791758 
1224.000000	98.777196 
1223.000000	98.760300 
1222.000000	98.744160 
1221.000000	98.728959 
1220.000000	98.713353 
1219.000000	98.696809 
1218.000000	98.679205 
1217.000000	98.659999 
1216.000000	98.638804 
1215.000000	98.615546 
1214.000000	98.590082 
1213.000000	98.563404 
1212.000000	98.538699 
1211.000000	98.518155 
1210.000000	98.498827 
1209.000000	98.475024 
1208.000000	98.445427 
1207.000000	98.414844 
1206.000000	98.387850 
1205.000000	98.363252 
1204.000000	98.336507 
1203.000000	98.305655 
1202.000000	98.273210 
1201.000000	98.243339 
1200.000000	98.218207 
1199.000000	98.196408 
1198.000000	98.174354 
1197.000000	98.150055 
1196.000000	98.125162 
1195.000000	98.102311 
1194.000000	98.081405 
1193.000000	98.060007 
1192.000000	98.036737 
1191.000000	98.012296 
1190.000000	97.987616 
1189.000000	97.962921 
1188.000000	97.938353 
1187.000000	97.913822 
1186.000000	97.888714 
1185.000000	97.863259 
1184.000000	97.838978 
1183.000000	97.816013 
1182.000000	97.791734 
1181.000000	97.764416 
1180.000000	97.736416 
1179.000000	97.710515 
1178.000000	97.684648 
1177.000000	97.654227 
1176.000000	97.618719 
1175.000000	97.581880 
1174.000000	97.546018 
1173.000000	97.510171 
1172.000000	97.473863 
1171.000000	97.437927 
1170.000000	97.401022 
1169.000000	97.360067 
1168.000000	97.315545 
1167.000000	97.272560 
1166.000000	97.235547 
1165.000000	97.205959 
1164.000000	97.186066 
1163.000000	97.180059 
1162.000000	97.188818 
1161.000000	97.206740 
1160.000000	97.225782 
1159.000000	97.240281 
1158.000000	97.246712 
1157.000000	97.242287 
1156.000000	97.226142 
1155.000000	97.200123 
1154.000000	97.167279 
1153.000000	97.131144 
1152.000000	97.096233 
1151.000000	97.065892 
1150.000000	97.038693 
1149.000000	97.010026 
1148.000000	96.977932 
1147.000000	96.944225 
1146.000000	96.909456 
1145.000000	96.870828 
1144.000000	96.826728 
1143.000000	96.780024 
1142.000000	96.734897 
1141.000000	96.692936 
1140.000000	96.653744 
1139.000000	96.616578 
1138.000000	96.579897 
1137.000000	96.541710 
1136.000000	96.501382 
1135.000000	96.459039 
1134.000000	96.413235 
1133.000000	96.362403 
1132.000000	96.308752 
1131.000000	96.257106 
1130.000000	96.209264 
1129.000000	96.162922 
1128.000000	96.116389 
1127.000000	96.070155 
1126.000000	96.023191 
1125.000000	95.972171 
1124.000000	95.915921 
1123.000000	95.857167 
1122.000000	95.798783 
1121.000000	95.741610 
1120.000000	95.686563 
1119.000000	95.634752 
1118.000000	95.584549 
1117.000000	95.532629 
1116.000000	95.478890 
1115.000000	95.426524 
1114.000000	95.376534 
1113.000000	95.326290 
1112.000000	95.274189 
1111.000000	95.221623 
1110.000000	95.169497 
1109.000000	95.117181 
1108.000000	95.065582 
1107.000000	95.016515 
1106.000000	94.969159 
1105.000000	94.921194 
1104.000000	94.872996 
1103.000000	94.826677 
1102.000000	94.780989 
1101.000000	94.733096 
1100.000000	94.684719 
1099.000000	94.640458 
1098.000000	94.602721 
1097.000000	94.569949 
1096.000000	94.540334 
1095.000000	94.511336 
1094.000000	94.477050 
1093.000000	94.432436 
1092.000000	94.380893 
1091.000000	94.332103 
1090.000000	94.291623 
1089.000000	94.257113 
1088.000000	94.224249 
1087.000000	94.190753 
1086.000000	94.154841 
1085.000000	94.116006 
1084.000000	94.078243 
1083.000000	94.046916 
1082.000000	94.021582 
1081.000000	93.997036 
1080.000000	93.971868 
1079.000000	93.950316 
1078.000000	93.934916 
1077.000000	93.923198 
1076.000000	93.912829 
1075.000000	93.904329 
1074.000000	93.897246 
1073.000000	93.888914 
1072.000000	93.877785 
1071.000000	93.861997 
1070.000000	93.834033 
1069.000000	93.784797 
1068.000000	93.716548 
1067.000000	93.646582 
1066.000000	93.593747 
1065.000000	93.564219 
1064.000000	93.551890 
1063.000000	93.545365 
1062.000000	93.531157 
1061.000000	93.497387 
1060.000000	93.441939 
1059.000000	93.376093 
1058.000000	93.316023 
1057.000000	93.270696 
1056.000000	93.238992 
1055.000000	93.214641 
1054.000000	93.191132 
1053.000000	93.164934 
1052.000000	93.137028 
1051.000000	93.110055 
1050.000000	93.083264 
1049.000000	93.052817 
1048.000000	93.017012 
1047.000000	92.977612 
1046.000000	92.936476 
1045.000000	92.894722 
1044.000000	92.854414 
1043.000000	92.816905 
1042.000000	92.780007 
1041.000000	92.740744 
1040.000000	92.700533 
1039.000000	92.664285 
1038.000000	92.635585 
1037.000000	92.616056 
1036.000000	92.607052 
1035.000000	92.607639 
1034.000000	92.613290 
1033.000000	92.620564 
1032.000000	92.629147 
1031.000000	92.635021 
1030.000000	92.628680 
1029.000000	92.608822 
1028.000000	92.592298 
1027.000000	92.599238 
1026.000000	92.630519 
1025.000000	92.668893 
1024.000000	92.700253 
1023.000000	92.723864 
1022.000000	92.743170 
1021.000000	92.758505 
1020.000000	92.770222 
1019.000000	92.779765 
1018.000000	92.786501 
1017.000000	92.790950 
1016.000000	92.800350 
1015.000000	92.822363 
1014.000000	92.853655 
1013.000000	92.883249 
1012.000000	92.906664 
1011.000000	92.927903 
1010.000000	92.948818 
1009.000000	92.967062 
1008.000000	92.984901 
1007.000000	93.009830 
1006.000000	93.044812 
1005.000000	93.086359 
1004.000000	93.132547 
1003.000000	93.183669 
1002.000000	93.234488 
1001.000000	93.276102 
1000.000000	93.307991 
999.000000	 93.339532 
998.000000	 93.377258 
997.000000	 93.418547 
996.000000	 93.459694 
995.000000	 93.502381 
994.000000	 93.549872 
993.000000	 93.603534 
992.000000	 93.664398 
991.000000	 93.731322 
990.000000	 93.797070 
989.000000	 93.853786 
988.000000	 93.903237 
987.000000	 93.954396 
986.000000	 94.011103 
985.000000	 94.070607 
984.000000	 94.133847 
983.000000	 94.206674 
982.000000	 94.289080 
981.000000	 94.372630 
980.000000	 94.451602 
979.000000	 94.528595 
978.000000	 94.606288 
977.000000	 94.682239 
976.000000	 94.755500 
975.000000	 94.830549 
974.000000	 94.910315 
973.000000	 94.991673 
972.000000	 95.071689 
971.000000	 95.152528 
970.000000	 95.236517 
969.000000	 95.321541 
968.000000	 95.404673 
967.000000	 95.485829 
966.000000	 95.565209 
965.000000	 95.641605 
964.000000	 95.715591 
963.000000	 95.790055 
962.000000	 95.865491 
961.000000	 95.938788 
960.000000	 96.008048 
959.000000	 96.074240 
958.000000	 96.136914 
957.000000	 96.193173 
956.000000	 96.242848 
955.000000	 96.290681 
954.000000	 96.341457 
953.000000	 96.395823 
952.000000	 96.451478 
951.000000	 96.504712 
950.000000	 96.550844 
949.000000	 96.587956 
948.000000	 96.620728 
947.000000	 96.655983 
946.000000	 96.693784 
945.000000	 96.727776 
944.000000	 96.754816 
943.000000	 96.779038 
942.000000	 96.805455 
941.000000	 96.834757 
940.000000	 96.866061 
939.000000	 96.899531 
938.000000	 96.933899 
937.000000	 96.965827 
936.000000	 96.994183 
935.000000	 97.021551 
934.000000	 97.049800 
933.000000	 97.077670 
932.000000	 97.104248 
931.000000	 97.131430 
930.000000	 97.161183 
929.000000	 97.193061 
928.000000	 97.225822 
927.000000	 97.259053 
926.000000	 97.292005 
925.000000	 97.322501 
924.000000	 97.347519 
923.000000	 97.364105 
922.000000	 97.371372 
921.000000	 97.373880 
920.000000	 97.380786 
919.000000	 97.397895 
918.000000	 97.421597 
917.000000	 97.443618 
916.000000	 97.460561 
915.000000	 97.475670 
914.000000	 97.492889 
913.000000	 97.512979 
912.000000	 97.534411 
911.000000	 97.554650 
910.000000	 97.571728 
909.000000	 97.587778 
908.000000	 97.609299 
907.000000	 97.640754 
906.000000	 97.679706 
905.000000	 97.720896 
904.000000	 97.762156 
903.000000	 97.802712 
902.000000	 97.839318 
901.000000	 97.869494 
900.000000	 97.896367 
899.000000	 97.925564 
898.000000	 97.959164 
897.000000	 97.996270 
896.000000	 98.036279 
895.000000	 98.076439 
894.000000	 98.110059 
893.000000	 98.133867 
892.000000	 98.154606 
891.000000	 98.181427 
890.000000	 98.213094 
889.000000	 98.239968 
888.000000	 98.256974 
887.000000	 98.267220 
886.000000	 98.274607 
885.000000	 98.280584 
884.000000	 98.287329 
883.000000	 98.295950 
882.000000	 98.302056 
881.000000	 98.302037 
880.000000	 98.303784 
879.000000	 98.320867 
878.000000	 98.354486 
877.000000	 98.390746 
876.000000	 98.418416 
875.000000	 98.440012 
874.000000	 98.462048 
873.000000	 98.485823 
872.000000	 98.512809 
871.000000	 98.548502 
870.000000	 98.593713 
869.000000	 98.639431 
868.000000	 98.676555 
867.000000	 98.704900 
866.000000	 98.728277 
865.000000	 98.747590 
864.000000	 98.764275 
863.000000	 98.784353 
862.000000	 98.812195 
861.000000	 98.844036 
860.000000	 98.873390 
859.000000	 98.899629 
858.000000	 98.926413 
857.000000	 98.954670 
856.000000	 98.981591 
855.000000	 99.003812 
854.000000	 99.017811 
853.000000	 99.020328 
852.000000	 99.012946 
851.000000	 99.004765 
850.000000	 99.006935 
849.000000	 99.024643 
848.000000	 99.054449 
847.000000	 99.086448 
846.000000	 99.109569 
845.000000	 99.119648 
844.000000	 99.123186 
843.000000	 99.129440 
842.000000	 99.139031 
841.000000	 99.144855 
840.000000	 99.142789 
839.000000	 99.134712 
838.000000	 99.122168 
837.000000	 99.105797 
836.000000	 99.091894 
835.000000	 99.089931 
834.000000	 99.099642 
833.000000	 99.108611 
832.000000	 99.107143 
831.000000	 99.098615 
830.000000	 99.091107 
829.000000	 99.086335 
828.000000	 99.083224 
827.000000	 99.085961 
826.000000	 99.099890 
825.000000	 99.122335 
824.000000	 99.143880 
823.000000	 99.156462 
822.000000	 99.156781 
821.000000	 99.146297 
820.000000	 99.131475 
819.000000	 99.119635 
818.000000	 99.110825 
817.000000	 99.096578 
816.000000	 99.068844 
815.000000	 99.027727 
814.000000	 98.979875 
813.000000	 98.932186 
812.000000	 98.886724 
811.000000	 98.836702 
810.000000	 98.766685 
809.000000	 98.662374 
808.000000	 98.522879 
807.000000	 98.361033 
806.000000	 98.192058 
805.000000	 98.025734 
804.000000	 97.868075 
803.000000	 97.722730 
802.000000	 97.589581 
801.000000	 97.469992 
800.000000	 97.374767 
799.000000	 97.318417 
798.000000	 97.303245 
797.000000	 97.316706 
796.000000	 97.345619 
795.000000	 97.384587 
794.000000	 97.429838 
793.000000	 97.475672 
792.000000	 97.520242 
791.000000	 97.565643 
790.000000	 97.608946 
789.000000	 97.640869 
788.000000	 97.655541 
787.000000	 97.653888 
786.000000	 97.636117 
785.000000	 97.599058 
784.000000	 97.543057 
783.000000	 97.474316 
782.000000	 97.399942 
781.000000	 97.329297 
780.000000	 97.279328 
779.000000	 97.266024 
778.000000	 97.287990 
777.000000	 97.329599 
776.000000	 97.382768 
775.000000	 97.453127 
774.000000	 97.541709 
773.000000	 97.635415 
772.000000	 97.722353 
771.000000	 97.804096 
770.000000	 97.885278 
769.000000	 97.962394 
768.000000	 98.030542 
767.000000	 98.090495 
766.000000	 98.140882 
765.000000	 98.173695 
764.000000	 98.187379 
763.000000	 98.196223 
762.000000	 98.216774 
761.000000	 98.250669 
760.000000	 98.289005 
759.000000	 98.326698 
758.000000	 98.363546 
757.000000	 98.397889 
756.000000	 98.429747 
755.000000	 98.465829 
754.000000	 98.510902 
753.000000	 98.556218 
752.000000	 98.585760 
751.000000	 98.593723 
750.000000	 98.590521 
749.000000	 98.592654 
748.000000	 98.610257 
747.000000	 98.641861 
746.000000	 98.676539 
745.000000	 98.703274 
744.000000	 98.721896 
743.000000	 98.742530 
742.000000	 98.771952 
741.000000	 98.804849 
740.000000	 98.831810 
739.000000	 98.850910 
738.000000	 98.866888 
737.000000	 98.882891 
736.000000	 98.898313 
735.000000	 98.912669 
734.000000	 98.927255 
733.000000	 98.943651 
732.000000	 98.962172 
731.000000	 98.979848 
730.000000	 98.990110 
729.000000	 98.988610 
728.000000	 98.979582 
727.000000	 98.972736 
726.000000	 98.974372 
725.000000	 98.985390 
724.000000	 99.006252 
723.000000	 99.036860 
722.000000	 99.070860 
721.000000	 99.097019 
720.000000	 99.108775 
719.000000	 99.107946 
718.000000	 99.099247 
717.000000	 99.088127 
716.000000	 99.083524 
715.000000	 99.091916 
714.000000	 99.106194 
713.000000	 99.111475 
712.000000	 99.105556 
711.000000	 99.102970 
710.000000	 99.114523 
709.000000	 99.133505 
708.000000	 99.147345 
707.000000	 99.152566 
706.000000	 99.151379 
705.000000	 99.142308 
704.000000	 99.123218 
703.000000	 99.098177 
702.000000	 99.072091 
701.000000	 99.042290 
700.000000	 99.002258 
699.000000	 98.950135 
698.000000	 98.890441 
697.000000	 98.831715 
696.000000	 98.786254 
695.000000	 98.767416 
694.000000	 98.779870 
693.000000	 98.814654 
692.000000	 98.857606 
691.000000	 98.899550 
690.000000	 98.937531 
689.000000	 98.970866 
688.000000	 98.999603 
687.000000	 99.023627 
686.000000	 99.040031 
685.000000	 99.046311 
684.000000	 99.046923 
683.000000	 99.049793 
682.000000	 99.056377 
681.000000	 99.062178 
680.000000	 99.066855 
679.000000	 99.075168 
678.000000	 99.086920 
677.000000	 99.096640 
676.000000	 99.104063 
675.000000	 99.113677 
674.000000	 99.123304 
673.000000	 99.122537 
672.000000	 99.104949 
671.000000	 99.073017 
670.000000	 99.032447 
669.000000	 98.994569 
668.000000	 98.988028 
667.000000	 99.029611 
666.000000	 99.083707 
665.000000	 99.114279 
664.000000	 99.120946 
663.000000	 99.117400 
662.000000	 99.117266 
661.000000	 99.123034 
660.000000	 99.130898 
659.000000	 99.141221 
658.000000	 99.154870 
657.000000	 99.165662 
656.000000	 99.166017 
655.000000	 99.155764 
654.000000	 99.139607 
653.000000	 99.120219 
652.000000	 99.101216 
651.000000	 99.092695 
650.000000	 99.101264 

