4000.000000	95.821720 
3999.000000	95.820403 
3998.000000	95.819001 
3997.000000	95.817944 
3996.000000	95.817391 
3995.000000	95.817229 
3994.000000	95.817184 
3993.000000	95.816980 
3992.000000	95.816446 
3991.000000	95.815562 
3990.000000	95.814540 
3989.000000	95.813690 
3988.000000	95.813151 
3987.000000	95.812866 
3986.000000	95.812781 
3985.000000	95.812915 
3984.000000	95.813194 
3983.000000	95.813372 
3982.000000	95.813314 
3981.000000	95.813126 
3980.000000	95.812905 
3979.000000	95.812509 
3978.000000	95.811768 
3977.000000	95.810808 
3976.000000	95.809987 
3975.000000	95.809474 
3974.000000	95.809104 
3973.000000	95.808624 
3972.000000	95.807921 
3971.000000	95.807024 
3970.000000	95.806036 
3969.000000	95.805146 
3968.000000	95.804539 
3967.000000	95.804248 
3966.000000	95.804134 
3965.000000	95.803961 
3964.000000	95.803536 
3963.000000	95.802819 
3962.000000	95.801926 
3961.000000	95.801080 
3960.000000	95.800426 
3959.000000	95.799950 
3958.000000	95.799559 
3957.000000	95.799203 
3956.000000	95.798863 
3955.000000	95.798481 
3954.000000	95.798003 
3953.000000	95.797426 
3952.000000	95.796800 
3951.000000	95.796173 
3950.000000	95.795571 
3949.000000	95.795015 
3948.000000	95.794528 
3947.000000	95.794130 
3946.000000	95.793814 
3945.000000	95.793511 
3944.000000	95.793089 
3943.000000	95.792475 
3942.000000	95.791784 
3941.000000	95.791262 
3940.000000	95.791015 
3939.000000	95.790896 
3938.000000	95.790701 
3937.000000	95.790505 
3936.000000	95.790470 
3935.000000	95.790370 
3934.000000	95.789735 
3933.000000	95.788541 
3932.000000	95.787519 
3931.000000	95.787212 
3930.000000	95.787376 
3929.000000	95.787643 
3928.000000	95.788062 
3927.000000	95.788586 
3926.000000	95.788419 
3925.000000	95.787040 
3924.000000	95.785362 
3923.000000	95.784489 
3922.000000	95.784148 
3921.000000	95.783557 
3920.000000	95.782970 
3919.000000	95.783270 
3918.000000	95.784152 
3917.000000	95.784479 
3916.000000	95.784106 
3915.000000	95.784013 
3914.000000	95.784605 
3913.000000	95.785359 
3912.000000	95.785802 
3911.000000	95.786192 
3910.000000	95.786623 
3909.000000	95.786903 
3908.000000	95.786836 
3907.000000	95.786361 
3906.000000	95.785328 
3905.000000	95.783605 
3904.000000	95.781623 
3903.000000	95.780155 
3902.000000	95.779512 
3901.000000	95.779435 
3900.000000	95.779527 
3899.000000	95.779648 
3898.000000	95.779777 
3897.000000	95.779798 
3896.000000	95.779649 
3895.000000	95.779409 
3894.000000	95.779151 
3893.000000	95.778885 
3892.000000	95.778617 
3891.000000	95.778333 
3890.000000	95.778027 
3889.000000	95.777707 
3888.000000	95.777379 
3887.000000	95.777042 
3886.000000	95.776695 
3885.000000	95.776349 
3884.000000	95.776009 
3883.000000	95.775671 
3882.000000	95.775326 
3881.000000	95.774983 
3880.000000	95.774659 
3879.000000	95.774365 
3878.000000	95.774088 
3877.000000	95.773807 
3876.000000	95.773500 
3875.000000	95.773163 
3874.000000	95.772801 
3873.000000	95.772424 
3872.000000	95.772037 
3871.000000	95.771637 
3870.000000	95.771241 
3869.000000	95.770881 
3868.000000	95.770574 
3867.000000	95.770315 
3866.000000	95.770089 
3865.000000	95.769903 
3864.000000	95.769771 
3863.000000	95.769686 
3862.000000	95.769621 
3861.000000	95.769554 
3860.000000	95.769480 
3859.000000	95.769394 
3858.000000	95.769286 
3857.000000	95.769153 
3856.000000	95.769000 
3855.000000	95.768836 
3854.000000	95.768673 
3853.000000	95.768526 
3852.000000	95.768396 
3851.000000	95.768280 
3850.000000	95.768178 
3849.000000	95.768095 
3848.000000	95.768034 
3847.000000	95.767990 
3846.000000	95.767951 
3845.000000	95.767904 
3844.000000	95.767846 
3843.000000	95.767784 
3842.000000	95.767728 
3841.000000	95.767691 
3840.000000	95.767676 
3839.000000	95.767678 
3838.000000	95.767686 
3837.000000	95.767693 
3836.000000	95.767703 
3835.000000	95.767732 
3834.000000	95.767798 
3833.000000	95.767914 
3832.000000	95.768083 
3831.000000	95.768299 
3830.000000	95.768549 
3829.000000	95.768821 
3828.000000	95.769102 
3827.000000	95.769378 
3826.000000	95.769631 
3825.000000	95.769855 
3824.000000	95.770051 
3823.000000	95.770216 
3822.000000	95.770343 
3821.000000	95.770443 
3820.000000	95.770538 
3819.000000	95.770646 
3818.000000	95.770766 
3817.000000	95.770889 
3816.000000	95.771022 
3815.000000	95.771181 
3814.000000	95.771364 
3813.000000	95.771552 
3812.000000	95.771736 
3811.000000	95.771923 
3810.000000	95.772127 
3809.000000	95.772345 
3808.000000	95.772563 
3807.000000	95.772766 
3806.000000	95.772964 
3805.000000	95.773172 
3804.000000	95.773401 
3803.000000	95.773657 
3802.000000	95.773944 
3801.000000	95.774272 
3800.000000	95.774640 
3799.000000	95.775023 
3798.000000	95.775397 
3797.000000	95.775761 
3796.000000	95.776121 
3795.000000	95.776471 
3794.000000	95.776787 
3793.000000	95.777051 
3792.000000	95.777260 
3791.000000	95.777413 
3790.000000	95.777504 
3789.000000	95.777532 
3788.000000	95.777505 
3787.000000	95.777437 
3786.000000	95.777334 
3785.000000	95.777204 
3784.000000	95.777054 
3783.000000	95.776886 
3782.000000	95.776694 
3781.000000	95.776480 
3780.000000	95.776262 
3779.000000	95.776051 
3778.000000	95.775837 
3777.000000	95.775596 
3776.000000	95.775321 
3775.000000	95.775024 
3774.000000	95.774715 
3773.000000	95.774397 
3772.000000	95.774080 
3771.000000	95.773763 
3770.000000	95.773422 
3769.000000	95.773118 
3768.000000	95.772913 
3767.000000	95.772655 
3766.000000	95.772096 
3765.000000	95.771258 
3764.000000	95.770662 
3763.000000	95.770712 
3762.000000	95.770882 
3761.000000	95.770281 
3760.000000	95.769213 
3759.000000	95.768912 
3758.000000	95.768425 
3757.000000	95.765816 
3756.000000	95.761839 
3755.000000	95.758612 
3754.000000	95.755782 
3753.000000	95.751249 
3752.000000	95.747152 
3751.000000	95.747602 
3750.000000	95.748988 
3749.000000	95.745857 
3748.000000	95.742468 
3747.000000	95.745524 
3746.000000	95.750566 
3745.000000	95.747780 
3744.000000	95.742648 
3743.000000	95.743771 
3742.000000	95.744871 
3741.000000	95.737913 
3740.000000	95.726180 
3739.000000	95.722428 
3738.000000	95.729780 
3737.000000	95.734791 
3736.000000	95.729272 
3735.000000	95.724013 
3734.000000	95.729561 
3733.000000	95.737549 
3732.000000	95.736911 
3731.000000	95.729925 
3730.000000	95.724348 
3729.000000	95.721541 
3728.000000	95.716651 
3727.000000	95.708057 
3726.000000	95.701699 
3725.000000	95.700696 
3724.000000	95.700270 
3723.000000	95.696834 
3722.000000	95.693572 
3721.000000	95.693045 
3720.000000	95.691669 
3719.000000	95.686393 
3718.000000	95.676906 
3717.000000	95.665970 
3716.000000	95.656865 
3715.000000	95.647148 
3714.000000	95.630908 
3713.000000	95.608500 
3712.000000	95.589993 
3711.000000	95.582062 
3710.000000	95.578205 
3709.000000	95.570018 
3708.000000	95.554723 
3707.000000	95.533493 
3706.000000	95.509893 
3705.000000	95.487175 
3704.000000	95.465941 
3703.000000	95.444412 
3702.000000	95.420382 
3701.000000	95.392776 
3700.000000	95.363315 
3699.000000	95.336462 
3698.000000	95.314671 
3697.000000	95.297831 
3696.000000	95.288219 
3695.000000	95.286344 
3694.000000	95.286027 
3693.000000	95.281991 
3692.000000	95.277815 
3691.000000	95.280366 
3690.000000	95.286711 
3689.000000	95.286800 
3688.000000	95.277009 
3687.000000	95.263090 
3686.000000	95.249984 
3685.000000	95.235295 
3684.000000	95.217287 
3683.000000	95.202024 
3682.000000	95.193781 
3681.000000	95.183506 
3680.000000	95.160909 
3679.000000	95.130212 
3678.000000	95.102463 
3677.000000	95.071459 
3676.000000	95.026867 
3675.000000	94.980847 
3674.000000	94.946830 
3673.000000	94.920357 
3672.000000	94.886718 
3671.000000	94.838893 
3670.000000	94.792386 
3669.000000	94.761692 
3668.000000	94.735771 
3667.000000	94.701302 
3666.000000	94.661729 
3665.000000	94.626261 
3664.000000	94.597040 
3663.000000	94.568568 
3662.000000	94.533431 
3661.000000	94.489265 
3660.000000	94.441285 
3659.000000	94.394637 
3658.000000	94.348884 
3657.000000	94.298454 
3656.000000	94.244095 
3655.000000	94.194278 
3654.000000	94.154114 
3653.000000	94.118477 
3652.000000	94.074358 
3651.000000	94.015038 
3650.000000	93.951196 
3649.000000	93.895755 
3648.000000	93.849244 
3647.000000	93.811283 
3646.000000	93.785099 
3645.000000	93.768696 
3644.000000	93.753198 
3643.000000	93.731020 
3642.000000	93.700896 
3641.000000	93.666498 
3640.000000	93.629626 
3639.000000	93.588565 
3638.000000	93.544441 
3637.000000	93.501605 
3636.000000	93.461380 
3635.000000	93.419365 
3634.000000	93.375737 
3633.000000	93.340091 
3632.000000	93.318606 
3631.000000	93.299033 
3630.000000	93.259796 
3629.000000	93.203139 
3628.000000	93.151182 
3627.000000	93.112333 
3626.000000	93.082753 
3625.000000	93.062301 
3624.000000	93.055217 
3623.000000	93.062914 
3622.000000	93.077442 
3621.000000	93.085893 
3620.000000	93.085118 
3619.000000	93.085303 
3618.000000	93.094798 
3617.000000	93.114389 
3616.000000	93.143833 
3615.000000	93.180646 
3614.000000	93.220012 
3613.000000	93.259260 
3612.000000	93.297599 
3611.000000	93.331896 
3610.000000	93.358038 
3609.000000	93.376855 
3608.000000	93.394912 
3607.000000	93.416946 
3606.000000	93.441420 
3605.000000	93.467128 
3604.000000	93.496821 
3603.000000	93.532579 
3602.000000	93.571349 
3601.000000	93.605732 
3600.000000	93.631802 
3599.000000	93.650608 
3598.000000	93.664709 
3597.000000	93.676714 
3596.000000	93.690258 
3595.000000	93.705418 
3594.000000	93.719389 
3593.000000	93.730174 
3592.000000	93.738784 
3591.000000	93.747481 
3590.000000	93.755156 
3589.000000	93.758136 
3588.000000	93.757372 
3587.000000	93.759114 
3586.000000	93.766818 
3585.000000	93.779844 
3584.000000	93.797444 
3583.000000	93.818359 
3582.000000	93.839377 
3581.000000	93.855344 
3580.000000	93.862576 
3579.000000	93.860877 
3578.000000	93.853066 
3577.000000	93.843093 
3576.000000	93.834473 
3575.000000	93.829314 
3574.000000	93.827646 
3573.000000	93.828773 
3572.000000	93.831745 
3571.000000	93.835605 
3570.000000	93.837868 
3569.000000	93.834608 
3568.000000	93.825815 
3567.000000	93.817731 
3566.000000	93.814413 
3565.000000	93.813363 
3564.000000	93.811504 
3563.000000	93.808982 
3562.000000	93.807589 
3561.000000	93.808293 
3560.000000	93.810108 
3559.000000	93.811449 
3558.000000	93.811735 
3557.000000	93.812070 
3556.000000	93.814066 
3555.000000	93.818117 
3554.000000	93.822437 
3553.000000	93.824612 
3552.000000	93.823959 
3551.000000	93.821612 
3550.000000	93.818993 
3549.000000	93.816795 
3548.000000	93.815112 
3547.000000	93.813470 
3546.000000	93.810674 
3545.000000	93.806465 
3544.000000	93.803444 
3543.000000	93.805131 
3542.000000	93.812028 
3541.000000	93.821355 
3540.000000	93.829980 
3539.000000	93.836385 
3538.000000	93.840119 
3537.000000	93.841213 
3536.000000	93.840604 
3535.000000	93.839496 
3534.000000	93.838653 
3533.000000	93.838303 
3532.000000	93.838918 
3531.000000	93.841074 
3530.000000	93.844298 
3529.000000	93.846843 
3528.000000	93.847296 
3527.000000	93.846085 
3526.000000	93.844921 
3525.000000	93.845187 
3524.000000	93.847242 
3523.000000	93.850754 
3522.000000	93.854910 
3521.000000	93.858718 
3520.000000	93.861587 
3519.000000	93.863504 
3518.000000	93.864642 
3517.000000	93.864774 
3516.000000	93.863556 
3515.000000	93.861366 
3514.000000	93.859737 
3513.000000	93.860116 
3512.000000	93.862158 
3511.000000	93.863884 
3510.000000	93.863907 
3509.000000	93.863036 
3508.000000	93.863287 
3507.000000	93.865513 
3506.000000	93.868456 
3505.000000	93.870134 
3504.000000	93.869922 
3503.000000	93.868843 
3502.000000	93.868159 
3501.000000	93.868422 
3500.000000	93.869890 
3499.000000	93.872904 
3498.000000	93.877273 
3497.000000	93.881565 
3496.000000	93.883515 
3495.000000	93.881724 
3494.000000	93.877159 
3493.000000	93.872673 
3492.000000	93.870269 
3491.000000	93.869174 
3490.000000	93.867328 
3489.000000	93.864037 
3488.000000	93.860304 
3487.000000	93.856901 
3486.000000	93.853481 
3485.000000	93.849965 
3484.000000	93.847408 
3483.000000	93.846551 
3482.000000	93.846557 
3481.000000	93.846132 
3480.000000	93.845287 
3479.000000	93.844820 
3478.000000	93.844432 
3477.000000	93.842670 
3476.000000	93.838799 
3475.000000	93.833943 
3474.000000	93.829974 
3473.000000	93.827780 
3472.000000	93.826773 
3471.000000	93.825603 
3470.000000	93.823250 
3469.000000	93.819679 
3468.000000	93.815701 
3467.000000	93.812445 
3466.000000	93.810645 
3465.000000	93.809923 
3464.000000	93.808652 
3463.000000	93.804944 
3462.000000	93.798263 
3461.000000	93.790097 
3460.000000	93.782834 
3459.000000	93.777603 
3458.000000	93.773430 
3457.000000	93.768470 
3456.000000	93.761976 
3455.000000	93.755010 
3454.000000	93.749433 
3453.000000	93.746099 
3452.000000	93.744356 
3451.000000	93.742829 
3450.000000	93.740340 
3449.000000	93.736255 
3448.000000	93.730476 
3447.000000	93.723543 
3446.000000	93.716438 
3445.000000	93.710119 
3444.000000	93.705118 
3443.000000	93.701474 
3442.000000	93.698810 
3441.000000	93.696406 
3440.000000	93.693464 
3439.000000	93.689558 
3438.000000	93.684887 
3437.000000	93.679922 
3436.000000	93.674954 
3435.000000	93.670133 
3434.000000	93.665824 
3433.000000	93.662358 
3432.000000	93.659566 
3431.000000	93.656688 
3430.000000	93.652880 
3429.000000	93.647878 
3428.000000	93.641992 
3427.000000	93.635778 
3426.000000	93.630096 
3425.000000	93.626339 
3424.000000	93.625539 
3423.000000	93.626634 
3422.000000	93.626459 
3421.000000	93.622623 
3420.000000	93.615961 
3419.000000	93.609358 
3418.000000	93.604708 
3417.000000	93.602124 
3416.000000	93.601356 
3415.000000	93.602186 
3414.000000	93.603271 
3413.000000	93.602279 
3412.000000	93.598077 
3411.000000	93.592022 
3410.000000	93.586543 
3409.000000	93.583109 
3408.000000	93.581823 
3407.000000	93.582004 
3406.000000	93.582686 
3405.000000	93.583254 
3404.000000	93.583932 
3403.000000	93.585104 
3402.000000	93.586336 
3401.000000	93.586648 
3400.000000	93.585767 
3399.000000	93.584337 
3398.000000	93.583018 
3397.000000	93.582118 
3396.000000	93.581937 
3395.000000	93.582739 
3394.000000	93.584293 
3393.000000	93.586049 
3392.000000	93.587811 
3391.000000	93.589672 
3390.000000	93.591376 
3389.000000	93.592481 
3388.000000	93.593303 
3387.000000	93.594961 
3386.000000	93.597992 
3385.000000	93.601224 
3384.000000	93.602633 
3383.000000	93.601578 
3382.000000	93.600082 
3381.000000	93.601220 
3380.000000	93.605919 
3379.000000	93.611807 
3378.000000	93.615837 
3377.000000	93.618027 
3376.000000	93.621141 
3375.000000	93.626688 
3374.000000	93.632835 
3373.000000	93.636981 
3372.000000	93.639179 
3371.000000	93.641724 
3370.000000	93.645993 
3369.000000	93.650993 
3368.000000	93.654929 
3367.000000	93.657124 
3366.000000	93.658150 
3365.000000	93.658939 
3364.000000	93.660263 
3363.000000	93.662609 
3362.000000	93.666061 
3361.000000	93.670278 
3360.000000	93.674785 
3359.000000	93.679230 
3358.000000	93.683433 
3357.000000	93.687348 
3356.000000	93.691103 
3355.000000	93.694983 
3354.000000	93.699320 
3353.000000	93.704378 
3352.000000	93.710157 
3351.000000	93.716169 
3350.000000	93.721519 
3349.000000	93.725462 
3348.000000	93.727971 
3347.000000	93.729840 
3346.000000	93.732180 
3345.000000	93.735589 
3344.000000	93.739718 
3343.000000	93.743601 
3342.000000	93.746624 
3341.000000	93.749155 
3340.000000	93.752084 
3339.000000	93.755768 
3338.000000	93.759726 
3337.000000	93.763381 
3336.000000	93.766762 
3335.000000	93.770292 
3334.000000	93.774093 
3333.000000	93.777764 
3332.000000	93.780890 
3331.000000	93.783539 
3330.000000	93.786193 
3329.000000	93.789314 
3328.000000	93.793022 
3327.000000	93.797152 
3326.000000	93.801424 
3325.000000	93.805538 
3324.000000	93.809239 
3323.000000	93.812411 
3322.000000	93.815196 
3321.000000	93.817970 
3320.000000	93.821075 
3319.000000	93.824562 
3318.000000	93.828282 
3317.000000	93.832134 
3316.000000	93.836141 
3315.000000	93.840257 
3314.000000	93.844296 
3313.000000	93.848132 
3312.000000	93.851812 
3311.000000	93.855472 
3310.000000	93.859216 
3309.000000	93.863120 
3308.000000	93.867194 
3307.000000	93.871262 
3306.000000	93.875015 
3305.000000	93.878344 
3304.000000	93.881521 
3303.000000	93.884992 
3302.000000	93.888938 
3301.000000	93.893114 
3300.000000	93.897092 
3299.000000	93.900625 
3298.000000	93.903811 
3297.000000	93.906998 
3296.000000	93.910524 
3295.000000	93.914523 
3294.000000	93.918944 
3293.000000	93.923664 
3292.000000	93.928492 
3291.000000	93.933092 
3290.000000	93.937086 
3289.000000	93.940381 
3288.000000	93.943398 
3287.000000	93.946821 
3286.000000	93.950956 
3285.000000	93.955379 
3284.000000	93.959320 
3283.000000	93.962494 
3282.000000	93.965505 
3281.000000	93.969253 
3280.000000	93.973928 
3279.000000	93.978823 
3278.000000	93.983291 
3277.000000	93.987628 
3276.000000	93.992646 
3275.000000	93.998545 
3274.000000	94.004624 
3273.000000	94.010079 
3272.000000	94.014759 
3271.000000	94.019033 
3270.000000	94.023202 
3269.000000	94.027229 
3268.000000	94.030883 
3267.000000	94.034086 
3266.000000	94.037278 
3265.000000	94.041364 
3264.000000	94.046993 
3263.000000	94.053828 
3262.000000	94.060768 
3261.000000	94.067015 
3260.000000	94.072486 
3259.000000	94.077284 
3258.000000	94.081398 
3257.000000	94.085052 
3256.000000	94.088770 
3255.000000	94.092649 
3254.000000	94.096074 
3253.000000	94.098677 
3252.000000	94.101272 
3251.000000	94.105144 
3250.000000	94.110579 
3249.000000	94.116561 
3248.000000	94.121846 
3247.000000	94.126126 
3246.000000	94.130116 
3245.000000	94.134846 
3244.000000	94.140874 
3243.000000	94.147918 
3242.000000	94.155119 
3241.000000	94.161717 
3240.000000	94.167500 
3239.000000	94.172710 
3238.000000	94.177744 
3237.000000	94.182938 
3236.000000	94.188301 
3235.000000	94.193262 
3234.000000	94.196950 
3233.000000	94.199043 
3232.000000	94.200440 
3231.000000	94.202731 
3230.000000	94.206857 
3229.000000	94.212473 
3228.000000	94.218392 
3227.000000	94.223686 
3226.000000	94.228463 
3225.000000	94.233607 
3224.000000	94.239769 
3223.000000	94.246534 
3222.000000	94.252688 
3221.000000	94.257382 
3220.000000	94.260858 
3219.000000	94.264087 
3218.000000	94.267907 
3217.000000	94.272513 
3216.000000	94.277523 
3215.000000	94.282531 
3214.000000	94.287803 
3213.000000	94.294277 
3212.000000	94.302555 
3211.000000	94.311822 
3210.000000	94.320182 
3209.000000	94.326372 
3208.000000	94.330818 
3207.000000	94.334781 
3206.000000	94.338749 
3205.000000	94.342153 
3204.000000	94.344597 
3203.000000	94.346802 
3202.000000	94.350063 
3201.000000	94.355015 
3200.000000	94.361312 
3199.000000	94.368523 
3198.000000	94.376782 
3197.000000	94.386150 
3196.000000	94.395765 
3195.000000	94.404450 
3194.000000	94.412209 
3193.000000	94.420203 
3192.000000	94.428764 
3191.000000	94.436077 
3190.000000	94.439743 
3189.000000	94.439261 
3188.000000	94.436579 
3187.000000	94.434526 
3186.000000	94.434981 
3185.000000	94.438439 
3184.000000	94.444400 
3183.000000	94.452065 
3182.000000	94.461123 
3181.000000	94.471651 
3180.000000	94.483107 
3179.000000	94.493961 
3178.000000	94.502970 
3177.000000	94.510388 
3176.000000	94.517176 
3175.000000	94.523350 
3174.000000	94.528086 
3173.000000	94.531234 
3172.000000	94.533660 
3171.000000	94.535994 
3170.000000	94.538070 
3169.000000	94.539905 
3168.000000	94.542398 
3167.000000	94.546604 
3166.000000	94.552790 
3165.000000	94.560370 
3164.000000	94.568290 
3163.000000	94.575448 
3162.000000	94.581277 
3161.000000	94.586097 
3160.000000	94.590589 
3159.000000	94.594933 
3158.000000	94.598929 
3157.000000	94.602870 
3156.000000	94.607512 
3155.000000	94.613020 
3154.000000	94.618657 
3153.000000	94.623820 
3152.000000	94.628773 
3151.000000	94.633917 
3150.000000	94.638917 
3149.000000	94.643189 
3148.000000	94.647025 
3147.000000	94.651640 
3146.000000	94.658014 
3145.000000	94.665904 
3144.000000	94.673876 
3143.000000	94.680131 
3142.000000	94.683605 
3141.000000	94.684624 
3140.000000	94.684792 
3139.000000	94.685894 
3138.000000	94.688723 
3137.000000	94.692913 
3136.000000	94.697577 
3135.000000	94.702031 
3134.000000	94.706241 
3133.000000	94.710797 
3132.000000	94.716311 
3131.000000	94.722786 
3130.000000	94.729734 
3129.000000	94.736803 
3128.000000	94.743897 
3127.000000	94.750602 
3126.000000	94.756002 
3125.000000	94.759376 
3124.000000	94.760863 
3123.000000	94.761173 
3122.000000	94.760894 
3121.000000	94.760553 
3120.000000	94.761170 
3119.000000	94.764058 
3118.000000	94.769879 
3117.000000	94.778038 
3116.000000	94.787010 
3115.000000	94.795403 
3114.000000	94.802884 
3113.000000	94.810168 
3112.000000	94.818085 
3111.000000	94.826492 
3110.000000	94.834004 
3109.000000	94.838878 
3108.000000	94.840328 
3107.000000	94.839158 
3106.000000	94.837175 
3105.000000	94.835802 
3104.000000	94.835379 
3103.000000	94.835840 
3102.000000	94.837573 
3101.000000	94.841119 
3100.000000	94.846077 
3099.000000	94.851108 
3098.000000	94.855673 
3097.000000	94.861102 
3096.000000	94.868976 
3095.000000	94.878689 
3094.000000	94.887555 
3093.000000	94.893405 
3092.000000	94.896222 
3091.000000	94.897320 
3090.000000	94.897859 
3089.000000	94.898397 
3088.000000	94.899278 
3087.000000	94.900905 
3086.000000	94.903783 
3085.000000	94.908223 
3084.000000	94.913655 
3083.000000	94.918519 
3082.000000	94.921620 
3081.000000	94.923574 
3080.000000	94.926120 
3079.000000	94.929938 
3078.000000	94.934081 
3077.000000	94.937630 
3076.000000	94.940767 
3075.000000	94.943841 
3074.000000	94.946483 
3073.000000	94.948366 
3072.000000	94.950089 
3071.000000	94.952482 
3070.000000	94.955539 
3069.000000	94.958771 
3068.000000	94.962122 
3067.000000	94.965841 
3066.000000	94.969702 
3065.000000	94.973060 
3064.000000	94.975597 
3063.000000	94.977399 
3062.000000	94.978482 
3061.000000	94.978826 
3060.000000	94.978847 
3059.000000	94.979295 
3058.000000	94.980685 
3057.000000	94.983184 
3056.000000	94.986813 
3055.000000	94.991200 
3054.000000	94.995314 
3053.000000	94.998174 
3052.000000	94.999930 
3051.000000	95.001766 
3050.000000	95.004566 
3049.000000	95.008085 
3048.000000	95.011435 
3047.000000	95.013886 
3046.000000	95.015081 
3045.000000	95.015065 
3044.000000	95.014558 
3043.000000	95.014845 
3042.000000	95.016852 
3041.000000	95.020280 
3040.000000	95.023720 
3039.000000	95.025803 
3038.000000	95.026258 
3037.000000	95.025872 
3036.000000	95.025568 
3035.000000	95.025582 
3034.000000	95.025702 
3033.000000	95.026106 
3032.000000	95.027487 
3031.000000	95.030234 
3030.000000	95.033850 
3029.000000	95.037370 
3028.000000	95.040068 
3027.000000	95.041468 
3026.000000	95.041152 
3025.000000	95.039140 
3024.000000	95.036337 
3023.000000	95.034057 
3022.000000	95.033060 
3021.000000	95.033416 
3020.000000	95.034973 
3019.000000	95.037313 
3018.000000	95.039404 
3017.000000	95.040067 
3016.000000	95.039027 
3015.000000	95.037149 
3014.000000	95.035694 
3013.000000	95.035526 
3012.000000	95.036718 
3011.000000	95.038279 
3010.000000	95.038630 
3009.000000	95.037123 
3008.000000	95.034866 
3007.000000	95.033353 
3006.000000	95.032469 
3005.000000	95.030831 
3004.000000	95.028020 
3003.000000	95.025398 
3002.000000	95.024511 
3001.000000	95.025672 
3000.000000	95.028314 
2999.000000	95.031534 
2998.000000	95.033963 
2997.000000	95.034208 
2996.000000	95.032141 
2995.000000	95.029253 
2994.000000	95.027118 
2993.000000	95.025891 
2992.000000	95.024670 
2991.000000	95.022805 
2990.000000	95.020557 
2989.000000	95.018817 
2988.000000	95.018470 
2987.000000	95.019710 
2986.000000	95.021877 
2985.000000	95.024414 
2984.000000	95.027877 
2983.000000	95.033272 
2982.000000	95.040288 
2981.000000	95.046933 
2980.000000	95.051213 
2979.000000	95.052623 
2978.000000	95.051876 
2977.000000	95.050036 
2976.000000	95.048248 
2975.000000	95.047596 
2974.000000	95.048595 
2973.000000	95.051140 
2972.000000	95.055083 
2971.000000	95.060278 
2970.000000	95.065909 
2969.000000	95.070569 
2968.000000	95.073482 
2967.000000	95.075210 
2966.000000	95.076876 
2965.000000	95.079110 
2964.000000	95.081902 
2963.000000	95.084892 
2962.000000	95.087505 
2961.000000	95.089271 
2960.000000	95.090302 
2959.000000	95.091128 
2958.000000	95.092142 
2957.000000	95.093791 
2956.000000	95.097096 
2955.000000	95.102804 
2954.000000	95.109829 
2953.000000	95.115933 
2952.000000	95.120721 
2951.000000	95.126747 
2950.000000	95.136404 
2949.000000	95.148380 
2948.000000	95.158507 
2947.000000	95.163959 
2946.000000	95.165400 
2945.000000	95.165419 
2944.000000	95.165981 
2943.000000	95.167380 
2942.000000	95.168556 
2941.000000	95.167935 
2940.000000	95.164793 
2939.000000	95.160384 
2938.000000	95.157056 
2937.000000	95.155706 
2936.000000	95.154872 
2935.000000	95.152949 
2934.000000	95.150643 
2933.000000	95.150357 
2932.000000	95.153489 
2931.000000	95.159171 
2930.000000	95.165422 
2929.000000	95.170717 
2928.000000	95.174407 
2927.000000	95.176501 
2926.000000	95.177689 
2925.000000	95.179158 
2924.000000	95.181756 
2923.000000	95.185373 
2922.000000	95.189408 
2921.000000	95.193620 
2920.000000	95.198135 
2919.000000	95.202709 
2918.000000	95.206428 
2917.000000	95.208264 
2916.000000	95.207841 
2915.000000	95.205719 
2914.000000	95.203153 
2913.000000	95.201517 
2912.000000	95.201562 
2911.000000	95.203102 
2910.000000	95.205448 
2909.000000	95.208122 
2908.000000	95.211066 
2907.000000	95.214247 
2906.000000	95.217330 
2905.000000	95.219860 
2904.000000	95.221510 
2903.000000	95.222399 
2902.000000	95.223140 
2901.000000	95.224550 
2900.000000	95.227174 
2899.000000	95.230819 
2898.000000	95.234733 
2897.000000	95.238147 
2896.000000	95.240710 
2895.000000	95.242483 
2894.000000	95.243863 
2893.000000	95.245490 
2892.000000	95.247834 
2891.000000	95.250719 
2890.000000	95.253478 
2889.000000	95.255816 
2888.000000	95.258248 
2887.000000	95.261325 
2886.000000	95.264688 
2885.000000	95.267344 
2884.000000	95.269010 
2883.000000	95.270671 
2882.000000	95.273410 
2881.000000	95.277085 
2880.000000	95.280654 
2879.000000	95.283688 
2878.000000	95.286890 
2877.000000	95.290946 
2876.000000	95.295511 
2875.000000	95.299628 
2874.000000	95.302784 
2873.000000	95.305187 
2872.000000	95.307248 
2871.000000	95.309223 
2870.000000	95.311323 
2869.000000	95.313760 
2868.000000	95.316537 
2867.000000	95.319430 
2866.000000	95.322321 
2865.000000	95.325386 
2864.000000	95.328852 
2863.000000	95.332767 
2862.000000	95.337043 
2861.000000	95.341423 
2860.000000	95.345359 
2859.000000	95.348227 
2858.000000	95.349908 
2857.000000	95.351070 
2856.000000	95.352540 
2855.000000	95.354558 
2854.000000	95.356890 
2853.000000	95.359401 
2852.000000	95.362237 
2851.000000	95.365628 
2850.000000	95.369781 
2849.000000	95.374826 
2848.000000	95.380545 
2847.000000	95.386162 
2846.000000	95.390790 
2845.000000	95.394098 
2844.000000	95.396334 
2843.000000	95.397854 
2842.000000	95.399009 
2841.000000	95.400349 
2840.000000	95.402312 
2839.000000	95.404587 
2838.000000	95.406313 
2837.000000	95.407276 
2836.000000	95.408552 
2835.000000	95.411463 
2834.000000	95.416148 
2833.000000	95.421463 
2832.000000	95.426170 
2831.000000	95.429924 
2830.000000	95.433001 
2829.000000	95.435537 
2828.000000	95.437359 
2827.000000	95.438439 
2826.000000	95.439227 
2825.000000	95.440442 
2824.000000	95.442514 
2823.000000	95.445222 
2822.000000	95.447888 
2821.000000	95.450090 
2820.000000	95.452267 
2819.000000	95.455458 
2818.000000	95.460223 
2817.000000	95.465704 
2816.000000	95.469966 
2815.000000	95.471672 
2814.000000	95.471158 
2813.000000	95.470011 
2812.000000	95.469451 
2811.000000	95.469402 
2810.000000	95.469408 
2809.000000	95.469870 
2808.000000	95.471844 
2807.000000	95.475714 
2806.000000	95.480669 
2805.000000	95.485454 
2804.000000	95.489266 
2803.000000	95.491867 
2802.000000	95.493369 
2801.000000	95.494321 
2800.000000	95.495529 
2799.000000	95.497220 
2798.000000	95.498650 
2797.000000	95.499060 
2796.000000	95.498845 
2795.000000	95.499250 
2794.000000	95.500883 
2793.000000	95.503089 
2792.000000	95.504875 
2791.000000	95.506058 
2790.000000	95.507266 
2789.000000	95.509030 
2788.000000	95.511229 
2787.000000	95.513358 
2786.000000	95.515063 
2785.000000	95.516282 
2784.000000	95.517082 
2783.000000	95.517571 
2782.000000	95.517965 
2781.000000	95.518590 
2780.000000	95.519735 
2779.000000	95.521503 
2778.000000	95.523756 
2777.000000	95.526117 
2776.000000	95.528097 
2775.000000	95.529442 
2774.000000	95.530449 
2773.000000	95.531796 
2772.000000	95.533915 
2771.000000	95.536620 
2770.000000	95.539549 
2769.000000	95.542699 
2768.000000	95.546192 
2767.000000	95.549586 
2766.000000	95.551896 
2765.000000	95.552554 
2764.000000	95.552125 
2763.000000	95.552033 
2762.000000	95.553318 
2761.000000	95.555925 
2760.000000	95.559006 
2759.000000	95.561667 
2758.000000	95.563508 
2757.000000	95.564591 
2756.000000	95.565247 
2755.000000	95.566014 
2754.000000	95.567506 
2753.000000	95.570068 
2752.000000	95.573408 
2751.000000	95.576617 
2750.000000	95.578803 
2749.000000	95.579701 
2748.000000	95.579667 
2747.000000	95.579293 
2746.000000	95.579060 
2745.000000	95.579243 
2744.000000	95.579888 
2743.000000	95.580811 
2742.000000	95.581780 
2741.000000	95.582743 
2740.000000	95.583824 
2739.000000	95.585095 
2738.000000	95.586452 
2737.000000	95.587715 
2736.000000	95.588761 
2735.000000	95.589547 
2734.000000	95.590089 
2733.000000	95.590445 
2732.000000	95.590672 
2731.000000	95.590861 
2730.000000	95.591307 
2729.000000	95.592568 
2728.000000	95.595015 
2727.000000	95.598131 
2726.000000	95.600542 
2725.000000	95.601293 
2724.000000	95.600898 
2723.000000	95.600812 
2722.000000	95.601679 
2721.000000	95.602615 
2720.000000	95.602656 
2719.000000	95.602363 
2718.000000	95.603170 
2717.000000	95.605187 
2716.000000	95.606622 
2715.000000	95.605947 
2714.000000	95.604128 
2713.000000	95.603700 
2712.000000	95.605618 
2711.000000	95.608088 
2710.000000	95.608936 
2709.000000	95.608385 
2708.000000	95.608368 
2707.000000	95.609793 
2706.000000	95.611708 
2705.000000	95.613015 
2704.000000	95.613732 
2703.000000	95.614382 
2702.000000	95.615314 
2701.000000	95.617084 
2700.000000	95.620503 
2699.000000	95.625654 
2698.000000	95.631457 
2697.000000	95.636649 
2696.000000	95.640658 
2695.000000	95.643316 
2694.000000	95.644634 
2693.000000	95.645290 
2692.000000	95.646465 
2691.000000	95.648499 
2690.000000	95.650321 
2689.000000	95.650553 
2688.000000	95.648586 
2687.000000	95.644411 
2686.000000	95.638596 
2685.000000	95.632986 
2684.000000	95.630077 
2683.000000	95.630692 
2682.000000	95.633077 
2681.000000	95.634999 
2680.000000	95.636017 
2679.000000	95.636886 
2678.000000	95.637715 
2677.000000	95.637925 
2676.000000	95.637355 
2675.000000	95.636125 
2674.000000	95.633866 
2673.000000	95.630383 
2672.000000	95.626907 
2671.000000	95.625334 
2670.000000	95.626170 
2669.000000	95.628110 
2668.000000	95.629771 
2667.000000	95.631026 
2666.000000	95.632331 
2665.000000	95.633750 
2664.000000	95.635057 
2663.000000	95.636148 
2662.000000	95.636929 
2661.000000	95.637220 
2660.000000	95.637114 
2659.000000	95.637133 
2658.000000	95.637696 
2657.000000	95.638601 
2656.000000	95.639262 
2655.000000	95.639333 
2654.000000	95.638894 
2653.000000	95.638145 
2652.000000	95.637251 
2651.000000	95.636485 
2650.000000	95.636287 
2649.000000	95.636935 
2648.000000	95.638177 
2647.000000	95.639264 
2646.000000	95.639531 
2645.000000	95.638921 
2644.000000	95.637931 
2643.000000	95.637160 
2642.000000	95.636826 
2641.000000	95.636823 
2640.000000	95.637011 
2639.000000	95.637281 
2638.000000	95.637482 
2637.000000	95.637522 
2636.000000	95.637534 
2635.000000	95.637779 
2634.000000	95.638325 
2633.000000	95.638921 
2632.000000	95.639193 
2631.000000	95.638868 
2630.000000	95.637923 
2629.000000	95.636646 
2628.000000	95.635557 
2627.000000	95.635063 
2626.000000	95.635135 
2625.000000	95.635335 
2624.000000	95.635212 
2623.000000	95.634722 
2622.000000	95.634174 
2621.000000	95.633842 
2620.000000	95.633734 
2619.000000	95.633729 
2618.000000	95.633768 
2617.000000	95.633830 
2616.000000	95.633835 
2615.000000	95.633744 
2614.000000	95.633719 
2613.000000	95.633989 
2612.000000	95.634496 
2611.000000	95.634833 
2610.000000	95.634682 
2609.000000	95.634163 
2608.000000	95.633637 
2607.000000	95.633256 
2606.000000	95.632914 
2605.000000	95.632566 
2604.000000	95.632313 
2603.000000	95.632209 
2602.000000	95.632168 
2601.000000	95.632083 
2600.000000	95.631919 
2599.000000	95.631679 
2598.000000	95.631384 
2597.000000	95.631090 
2596.000000	95.630822 
2595.000000	95.630470 
2594.000000	95.629907 
2593.000000	95.629203 
2592.000000	95.628685 
2591.000000	95.628596 
2590.000000	95.628885 
2589.000000	95.629213 
2588.000000	95.629277 
2587.000000	95.629057 
2586.000000	95.628733 
2585.000000	95.628462 
2584.000000	95.628268 
2583.000000	95.628040 
2582.000000	95.627609 
2581.000000	95.626956 
2580.000000	95.626372 
2579.000000	95.626228 
2578.000000	95.626602 
2577.000000	95.627248 
2576.000000	95.627879 
2575.000000	95.628343 
2574.000000	95.628620 
2573.000000	95.628833 
2572.000000	95.629120 
2571.000000	95.629291 
2570.000000	95.628910 
2569.000000	95.628066 
2568.000000	95.627695 
2567.000000	95.628450 
2566.000000	95.629514 
2565.000000	95.629308 
2564.000000	95.627327 
2563.000000	95.624653 
2562.000000	95.622714 
2561.000000	95.622234 
2560.000000	95.623362 
2559.000000	95.625789 
2558.000000	95.628508 
2557.000000	95.630454 
2556.000000	95.631724 
2555.000000	95.633364 
2554.000000	95.635652 
2553.000000	95.637429 
2552.000000	95.637704 
2551.000000	95.637126 
2550.000000	95.637135 
2549.000000	95.638057 
2548.000000	95.638835 
2547.000000	95.638432 
2546.000000	95.636729 
2545.000000	95.634213 
2544.000000	95.631396 
2543.000000	95.628753 
2542.000000	95.626940 
2541.000000	95.626752 
2540.000000	95.628552 
2539.000000	95.631687 
2538.000000	95.634752 
2537.000000	95.636825 
2536.000000	95.638257 
2535.000000	95.639869 
2534.000000	95.641615 
2533.000000	95.642560 
2532.000000	95.642139 
2531.000000	95.640739 
2530.000000	95.638820 
2529.000000	95.636242 
2528.000000	95.632909 
2527.000000	95.629727 
2526.000000	95.628285 
2525.000000	95.629441 
2524.000000	95.632569 
2523.000000	95.635914 
2522.000000	95.637932 
2521.000000	95.638396 
2520.000000	95.638178 
2519.000000	95.638180 
2518.000000	95.638463 
2517.000000	95.638457 
2516.000000	95.637779 
2515.000000	95.636674 
2514.000000	95.635760 
2513.000000	95.635507 
2512.000000	95.635957 
2511.000000	95.636795 
2510.000000	95.637666 
2509.000000	95.638446 
2508.000000	95.639131 
2507.000000	95.639588 
2506.000000	95.639728 
2505.000000	95.639952 
2504.000000	95.640954 
2503.000000	95.642782 
2502.000000	95.644412 
2501.000000	95.644766 
2500.000000	95.643931 
2499.000000	95.642940 
2498.000000	95.642469 
2497.000000	95.642296 
2496.000000	95.642143 
2495.000000	95.642279 
2494.000000	95.642862 
2493.000000	95.643324 
2492.000000	95.643165 
2491.000000	95.643020 
2490.000000	95.644078 
2489.000000	95.646557 
2488.000000	95.649340 
2487.000000	95.651140 
2486.000000	95.651866 
2485.000000	95.652480 
2484.000000	95.653895 
2483.000000	95.656102 
2482.000000	95.658207 
2481.000000	95.659186 
2480.000000	95.658660 
2479.000000	95.657202 
2478.000000	95.656000 
2477.000000	95.655768 
2476.000000	95.656137 
2475.000000	95.656272 
2474.000000	95.656009 
2473.000000	95.656123 
2472.000000	95.657289 
2471.000000	95.659140 
2470.000000	95.660643 
2469.000000	95.661266 
2468.000000	95.661354 
2467.000000	95.661413 
2466.000000	95.661451 
2465.000000	95.661210 
2464.000000	95.660740 
2463.000000	95.660499 
2462.000000	95.660925 
2461.000000	95.662032 
2460.000000	95.663366 
2459.000000	95.664381 
2458.000000	95.664938 
2457.000000	95.665339 
2456.000000	95.665835 
2455.000000	95.666345 
2454.000000	95.666802 
2453.000000	95.667357 
2452.000000	95.667885 
2451.000000	95.667707 
2450.000000	95.666474 
2449.000000	95.665137 
2448.000000	95.665141 
2447.000000	95.666625 
2446.000000	95.668124 
2445.000000	95.668354 
2444.000000	95.667570 
2443.000000	95.666791 
2442.000000	95.666569 
2441.000000	95.667043 
2440.000000	95.668409 
2439.000000	95.670757 
2438.000000	95.673838 
2437.000000	95.677328 
2436.000000	95.680900 
2435.000000	95.683749 
2434.000000	95.684810 
2433.000000	95.683949 
2432.000000	95.682413 
2431.000000	95.681643 
2430.000000	95.681954 
2429.000000	95.682784 
2428.000000	95.683544 
2427.000000	95.683829 
2426.000000	95.683388 
2425.000000	95.682444 
2424.000000	95.681740 
2423.000000	95.681849 
2422.000000	95.682754 
2421.000000	95.684243 
2420.000000	95.686254 
2419.000000	95.688480 
2418.000000	95.690213 
2417.000000	95.691039 
2416.000000	95.691367 
2415.000000	95.692008 
2414.000000	95.693192 
2413.000000	95.694492 
2412.000000	95.695552 
2411.000000	95.696378 
2410.000000	95.697055 
2409.000000	95.697780 
2408.000000	95.698949 
2407.000000	95.700712 
2406.000000	95.702554 
2405.000000	95.703817 
2404.000000	95.704408 
2403.000000	95.704688 
2402.000000	95.704977 
2401.000000	95.705393 
2400.000000	95.706030 
2399.000000	95.706964 
2398.000000	95.708104 
2397.000000	95.709256 
2396.000000	95.710268 
2395.000000	95.711068 
2394.000000	95.711625 
2393.000000	95.711999 
2392.000000	95.712376 
2391.000000	95.712936 
2390.000000	95.713685 
2389.000000	95.714494 
2388.000000	95.715252 
2387.000000	95.715902 
2386.000000	95.716378 
2385.000000	95.716648 
2384.000000	95.716827 
2383.000000	95.717112 
2382.000000	95.717604 
2381.000000	95.718299 
2380.000000	95.719229 
2379.000000	95.720458 
2378.000000	95.721805 
2377.000000	95.722703 
2376.000000	95.722656 
2375.000000	95.721818 
2374.000000	95.720793 
2373.000000	95.719814 
2372.000000	95.718755 
2371.000000	95.717862 
2370.000000	95.717802 
2369.000000	95.718728 
2368.000000	95.719567 
2367.000000	95.718835 
2366.000000	95.716178 
2365.000000	95.713000 
2364.000000	95.711154 
2363.000000	95.710901 
2362.000000	95.710890 
2361.000000	95.709890 
2360.000000	95.707755 
2359.000000	95.705142 
2358.000000	95.703025 
2357.000000	95.702470 
2356.000000	95.703646 
2355.000000	95.705135 
2354.000000	95.704821 
2353.000000	95.701732 
2352.000000	95.697210 
2351.000000	95.692838 
2350.000000	95.688745 
2349.000000	95.684991 
2348.000000	95.682330 
2347.000000	95.680163 
2346.000000	95.675652 
2345.000000	95.668521 
2344.000000	95.662481 
2343.000000	95.660514 
2342.000000	95.662710 
2341.000000	95.667453 
2340.000000	95.672534 
2339.000000	95.675645 
2338.000000	95.675927 
2337.000000	95.674251 
2336.000000	95.671966 
2335.000000	95.668577 
2334.000000	95.661973 
2333.000000	95.650909 
2332.000000	95.638209 
2331.000000	95.628966 
2330.000000	95.625207 
2329.000000	95.623395 
2328.000000	95.618782 
2327.000000	95.611054 
2326.000000	95.603667 
2325.000000	95.600088 
2324.000000	95.601180 
2323.000000	95.605037 
2322.000000	95.607862 
2321.000000	95.606353 
2320.000000	95.601029 
2319.000000	95.595860 
2318.000000	95.594515 
2317.000000	95.597116 
2316.000000	95.601275 
2315.000000	95.604294 
2314.000000	95.604435 
2313.000000	95.601269 
2312.000000	95.596195 
2311.000000	95.592094 
2310.000000	95.590951 
2309.000000	95.592197 
2308.000000	95.593724 
2307.000000	95.594195 
2306.000000	95.593746 
2305.000000	95.593014 
2304.000000	95.592474 
2303.000000	95.592540 
2302.000000	95.593539 
2301.000000	95.595259 
2300.000000	95.596906 
2299.000000	95.597587 
2298.000000	95.597001 
2297.000000	95.595721 
2296.000000	95.594900 
2295.000000	95.595380 
2294.000000	95.597006 
2293.000000	95.598938 
2292.000000	95.600436 
2291.000000	95.601487 
2290.000000	95.602624 
2289.000000	95.604273 
2288.000000	95.606216 
2287.000000	95.607831 
2286.000000	95.608784 
2285.000000	95.609290 
2284.000000	95.609876 
2283.000000	95.610832 
2282.000000	95.611962 
2281.000000	95.612841 
2280.000000	95.613281 
2279.000000	95.613480 
2278.000000	95.613699 
2277.000000	95.613915 
2276.000000	95.614074 
2275.000000	95.614459 
2274.000000	95.615377 
2273.000000	95.616841 
2272.000000	95.618947 
2271.000000	95.621984 
2270.000000	95.625575 
2269.000000	95.628391 
2268.000000	95.629457 
2267.000000	95.629142 
2266.000000	95.628376 
2265.000000	95.627464 
2264.000000	95.626465 
2263.000000	95.625833 
2262.000000	95.625659 
2261.000000	95.625149 
2260.000000	95.623847 
2259.000000	95.622631 
2258.000000	95.622566 
2257.000000	95.623599 
2256.000000	95.625328 
2255.000000	95.628030 
2254.000000	95.631706 
2253.000000	95.634815 
2252.000000	95.635513 
2251.000000	95.633687 
2250.000000	95.630636 
2249.000000	95.627468 
2248.000000	95.624826 
2247.000000	95.623350 
2246.000000	95.623162 
2245.000000	95.623132 
2244.000000	95.621890 
2243.000000	95.619539 
2242.000000	95.617553 
2241.000000	95.617171 
2240.000000	95.618620 
2239.000000	95.621550 
2238.000000	95.625103 
2237.000000	95.627784 
2236.000000	95.628436 
2235.000000	95.627177 
2234.000000	95.624937 
2233.000000	95.622387 
2232.000000	95.619797 
2231.000000	95.617592 
2230.000000	95.616158 
2229.000000	95.615304 
2228.000000	95.614561 
2227.000000	95.613862 
2226.000000	95.613418 
2225.000000	95.613079 
2224.000000	95.612309 
2223.000000	95.610859 
2222.000000	95.609093 
2221.000000	95.607639 
2220.000000	95.606699 
2219.000000	95.606050 
2218.000000	95.605381 
2217.000000	95.604510 
2216.000000	95.603417 
2215.000000	95.602171 
2214.000000	95.600867 
2213.000000	95.599601 
2212.000000	95.598479 
2211.000000	95.597585 
2210.000000	95.596901 
2209.000000	95.596295 
2208.000000	95.595626 
2207.000000	95.594823 
2206.000000	95.593869 
2205.000000	95.592772 
2204.000000	95.591599 
2203.000000	95.590516 
2202.000000	95.589723 
2201.000000	95.589221 
2200.000000	95.588635 
2199.000000	95.587476 
2198.000000	95.585546 
2197.000000	95.583180 
2196.000000	95.581128 
2195.000000	95.580089 
2194.000000	95.580302 
2193.000000	95.581358 
2192.000000	95.582439 
2191.000000	95.582839 
2190.000000	95.582258 
2189.000000	95.580851 
2188.000000	95.579036 
2187.000000	95.576970 
2186.000000	95.574142 
2185.000000	95.570134 
2184.000000	95.566315 
2183.000000	95.565743 
2182.000000	95.570245 
2181.000000	95.577821 
2180.000000	95.583595 
2179.000000	95.584635 
2178.000000	95.582293 
2177.000000	95.580350 
2176.000000	95.581170 
2175.000000	95.584025 
2174.000000	95.586651 
2173.000000	95.587800 
2172.000000	95.588350 
2171.000000	95.590054 
2170.000000	95.593027 
2169.000000	95.594662 
2168.000000	95.591883 
2167.000000	95.584717 
2166.000000	95.576889 
2165.000000	95.572284 
2164.000000	95.571644 
2163.000000	95.573691 
2162.000000	95.578680 
2161.000000	95.588876 
2160.000000	95.604816 
2159.000000	95.622464 
2158.000000	95.636048 
2157.000000	95.643747 
2156.000000	95.648386 
2155.000000	95.652649 
2154.000000	95.656094 
2153.000000	95.657666 
2152.000000	95.658383 
2151.000000	95.659261 
2150.000000	95.658759 
2149.000000	95.655702 
2148.000000	95.653442 
2147.000000	95.656893 
2146.000000	95.665505 
2145.000000	95.673420 
2144.000000	95.677675 
2143.000000	95.681886 
2142.000000	95.689692 
2141.000000	95.698796 
2140.000000	95.704779 
2139.000000	95.707945 
2138.000000	95.712339 
2137.000000	95.719544 
2136.000000	95.726956 
2135.000000	95.731029 
2134.000000	95.729684 
2133.000000	95.723441 
2132.000000	95.716430 
2131.000000	95.714202 
2130.000000	95.718575 
2129.000000	95.725866 
2128.000000	95.731497 
2127.000000	95.734902 
2126.000000	95.738101 
2125.000000	95.741340 
2124.000000	95.742718 
2123.000000	95.741071 
2122.000000	95.736793 
2121.000000	95.730511 
2120.000000	95.722974 
2119.000000	95.716095 
2118.000000	95.712318 
2117.000000	95.712456 
2116.000000	95.714916 
2115.000000	95.717062 
2114.000000	95.716967 
2113.000000	95.714490 
2112.000000	95.711537 
2111.000000	95.710836 
2110.000000	95.713449 
2109.000000	95.717653 
2108.000000	95.720695 
2107.000000	95.721348 
2106.000000	95.720365 
2105.000000	95.719267 
2104.000000	95.719381 
2103.000000	95.721098 
2102.000000	95.723142 
2101.000000	95.723248 
2100.000000	95.720705 
2099.000000	95.717814 
2098.000000	95.717846 
2097.000000	95.721668 
2096.000000	95.727290 
2095.000000	95.732027 
2094.000000	95.734456 
2093.000000	95.734600 
2092.000000	95.733248 
2091.000000	95.731559 
2090.000000	95.730620 
2089.000000	95.730795 
2088.000000	95.731514 
2087.000000	95.731801 
2086.000000	95.731064 
2085.000000	95.729495 
2084.000000	95.727920 
2083.000000	95.727181 
2082.000000	95.727543 
2081.000000	95.728692 
2080.000000	95.730252 
2079.000000	95.732049 
2078.000000	95.733708 
2077.000000	95.734556 
2076.000000	95.734380 
2075.000000	95.733889 
2074.000000	95.733870 
2073.000000	95.734025 
2072.000000	95.733377 
2071.000000	95.731644 
2070.000000	95.729693 
2069.000000	95.728657 
2068.000000	95.728976 
2067.000000	95.730252 
2066.000000	95.731581 
2065.000000	95.732028 
2064.000000	95.731250 
2063.000000	95.729886 
2062.000000	95.729082 
2061.000000	95.729563 
2060.000000	95.731250 
2059.000000	95.733795 
2058.000000	95.736807 
2057.000000	95.739497 
2056.000000	95.740774 
2055.000000	95.739978 
2054.000000	95.737532 
2053.000000	95.734813 
2052.000000	95.733228 
2051.000000	95.733227 
2050.000000	95.734268 
2049.000000	95.735506 
2048.000000	95.736576 
2047.000000	95.737633 
2046.000000	95.738748 
2045.000000	95.739682 
2044.000000	95.740259 
2043.000000	95.740610 
2042.000000	95.740947 
2041.000000	95.741429 
2040.000000	95.742358 
2039.000000	95.744175 
2038.000000	95.746912 
2037.000000	95.749784 
2036.000000	95.751715 
2035.000000	95.752314 
2034.000000	95.752129 
2033.000000	95.752177 
2032.000000	95.753148 
2031.000000	95.754947 
2030.000000	95.756681 
2029.000000	95.757315 
2028.000000	95.756613 
2027.000000	95.755258 
2026.000000	95.753989 
2025.000000	95.752951 
2024.000000	95.752110 
2023.000000	95.751778 
2022.000000	95.752361 
2021.000000	95.753726 
2020.000000	95.754986 
2019.000000	95.755161 
2018.000000	95.753973 
2017.000000	95.751958 
2016.000000	95.750116 
2015.000000	95.749043 
2014.000000	95.748485 
2013.000000	95.747617 
2012.000000	95.745965 
2011.000000	95.744155 
2010.000000	95.743341 
2009.000000	95.743878 
2008.000000	95.744947 
2007.000000	95.745520 
2006.000000	95.745461 
2005.000000	95.745201 
2004.000000	95.744937 
2003.000000	95.744598 
2002.000000	95.744394 
2001.000000	95.744682 
2000.000000	95.745193 
1999.000000	95.744873 
1998.000000	95.742906 
1997.000000	95.739705 
1996.000000	95.736734 
1995.000000	95.735160 
1994.000000	95.734942 
1993.000000	95.735133 
1992.000000	95.734812 
1991.000000	95.733811 
1990.000000	95.732642 
1989.000000	95.732035 
1988.000000	95.732371 
1987.000000	95.733208 
1986.000000	95.733457 
1985.000000	95.732459 
1984.000000	95.730896 
1983.000000	95.730088 
1982.000000	95.730392 
1981.000000	95.730927 
1980.000000	95.731239 
1979.000000	95.732161 
1978.000000	95.734242 
1977.000000	95.736464 
1976.000000	95.737414 
1975.000000	95.737236 
1974.000000	95.737566 
1973.000000	95.739862 
1972.000000	95.744142 
1971.000000	95.748873 
1970.000000	95.751861 
1969.000000	95.751747 
1968.000000	95.749053 
1967.000000	95.745893 
1966.000000	95.744323 
1965.000000	95.744907 
1964.000000	95.747203 
1963.000000	95.750832 
1962.000000	95.755628 
1961.000000	95.760778 
1960.000000	95.764359 
1959.000000	95.764551 
1958.000000	95.761586 
1957.000000	95.758323 
1956.000000	95.757797 
1955.000000	95.760100 
1954.000000	95.762444 
1953.000000	95.762399 
1952.000000	95.760038 
1951.000000	95.756911 
1950.000000	95.754340 
1949.000000	95.753266 
1948.000000	95.754632 
1947.000000	95.758409 
1946.000000	95.762511 
1945.000000	95.764079 
1944.000000	95.761918 
1943.000000	95.757021 
1942.000000	95.751416 
1941.000000	95.746822 
1940.000000	95.744101 
1939.000000	95.742892 
1938.000000	95.741729 
1937.000000	95.739886 
1936.000000	95.738753 
1935.000000	95.739825 
1934.000000	95.742068 
1933.000000	95.743352 
1932.000000	95.743623 
1931.000000	95.744738 
1930.000000	95.747382 
1929.000000	95.749755 
1928.000000	95.750759 
1927.000000	95.751292 
1926.000000	95.751980 
1925.000000	95.751632 
1924.000000	95.749094 
1923.000000	95.745707 
1922.000000	95.743493 
1921.000000	95.742295 
1920.000000	95.741025 
1919.000000	95.739473 
1918.000000	95.737562 
1917.000000	95.734224 
1916.000000	95.729301 
1915.000000	95.725397 
1914.000000	95.724892 
1913.000000	95.726757 
1912.000000	95.727621 
1911.000000	95.726028 
1910.000000	95.723656 
1909.000000	95.722414 
1908.000000	95.722474 
1907.000000	95.722507 
1906.000000	95.721008 
1905.000000	95.717100 
1904.000000	95.711361 
1903.000000	95.706500 
1902.000000	95.704805 
1901.000000	95.705298 
1900.000000	95.705174 
1899.000000	95.703157 
1898.000000	95.700168 
1897.000000	95.697288 
1896.000000	95.694406 
1895.000000	95.691392 
1894.000000	95.688612 
1893.000000	95.685912 
1892.000000	95.682712 
1891.000000	95.679270 
1890.000000	95.676872 
1889.000000	95.676358 
1888.000000	95.677244 
1887.000000	95.678830 
1886.000000	95.680456 
1885.000000	95.680678 
1884.000000	95.678102 
1883.000000	95.673442 
1882.000000	95.669286 
1881.000000	95.667280 
1880.000000	95.666968 
1879.000000	95.666708 
1878.000000	95.665168 
1877.000000	95.662732 
1876.000000	95.661351 
1875.000000	95.662920 
1874.000000	95.667490 
1873.000000	95.672621 
1872.000000	95.675571 
1871.000000	95.675732 
1870.000000	95.674223 
1869.000000	95.672390 
1868.000000	95.671146 
1867.000000	95.671171 
1866.000000	95.672048 
1865.000000	95.671558 
1864.000000	95.668386 
1863.000000	95.664759 
1862.000000	95.663993 
1861.000000	95.666025 
1860.000000	95.668305 
1859.000000	95.670505 
1858.000000	95.674564 
1857.000000	95.680205 
1856.000000	95.684725 
1855.000000	95.687130 
1854.000000	95.689190 
1853.000000	95.691764 
1852.000000	95.694839 
1851.000000	95.698897 
1850.000000	95.703537 
1849.000000	95.707000 
1848.000000	95.707894 
1847.000000	95.707176 
1846.000000	95.706540 
1845.000000	95.706302 
1844.000000	95.706698 
1843.000000	95.708809 
1842.000000	95.712626 
1841.000000	95.716451 
1840.000000	95.719568 
1839.000000	95.722861 
1838.000000	95.726959 
1837.000000	95.730019 
1836.000000	95.729870 
1835.000000	95.728025 
1834.000000	95.727918 
1833.000000	95.730321 
1832.000000	95.733362 
1831.000000	95.734522 
1830.000000	95.733281 
1829.000000	95.731971 
1828.000000	95.732408 
1827.000000	95.734241 
1826.000000	95.735807 
1825.000000	95.736377 
1824.000000	95.736595 
1823.000000	95.737096 
1822.000000	95.737963 
1821.000000	95.738526 
1820.000000	95.738058 
1819.000000	95.736748 
1818.000000	95.736336 
1817.000000	95.737704 
1816.000000	95.739043 
1815.000000	95.739314 
1814.000000	95.739725 
1813.000000	95.741754 
1812.000000	95.744477 
1811.000000	95.745585 
1810.000000	95.745496 
1809.000000	95.745594 
1808.000000	95.745282 
1807.000000	95.744362 
1806.000000	95.744319 
1805.000000	95.745248 
1804.000000	95.744098 
1803.000000	95.739050 
1802.000000	95.732324 
1801.000000	95.728545 
1800.000000	95.729034 
1799.000000	95.731095 
1798.000000	95.732931 
1797.000000	95.733927 
1796.000000	95.733646 
1795.000000	95.733471 
1794.000000	95.735515 
1793.000000	95.739829 
1792.000000	95.743304 
1791.000000	95.743965 
1790.000000	95.744656 
1789.000000	95.748269 
1788.000000	95.753937 
1787.000000	95.758786 
1786.000000	95.761101 
1785.000000	95.761042 
1784.000000	95.759418 
1783.000000	95.758196 
1782.000000	95.758051 
1781.000000	95.758611 
1780.000000	95.760152 
1779.000000	95.763337 
1778.000000	95.768947 
1777.000000	95.775511 
1776.000000	95.780639 
1775.000000	95.783553 
1774.000000	95.784992 
1773.000000	95.786709 
1772.000000	95.789471 
1771.000000	95.790499 
1770.000000	95.788681 
1769.000000	95.787022 
1768.000000	95.788415 
1767.000000	95.793031 
1766.000000	95.798457 
1765.000000	95.803063 
1764.000000	95.806558 
1763.000000	95.808534 
1762.000000	95.809084 
1761.000000	95.810671 
1760.000000	95.814503 
1759.000000	95.818759 
1758.000000	95.820715 
1757.000000	95.819442 
1756.000000	95.818470 
1755.000000	95.819538 
1754.000000	95.819974 
1753.000000	95.817020 
1752.000000	95.811536 
1751.000000	95.807085 
1750.000000	95.805720 
1749.000000	95.806139 
1748.000000	95.807145 
1747.000000	95.809397 
1746.000000	95.811777 
1745.000000	95.813845 
1744.000000	95.816573 
1743.000000	95.819034 
1742.000000	95.819562 
1741.000000	95.819655 
1740.000000	95.822176 
1739.000000	95.826823 
1738.000000	95.829588 
1737.000000	95.828164 
1736.000000	95.822492 
1735.000000	95.812640 
1734.000000	95.803695 
1733.000000	95.799829 
1732.000000	95.800459 
1731.000000	95.805297 
1730.000000	95.812727 
1729.000000	95.818669 
1728.000000	95.821287 
1727.000000	95.821728 
1726.000000	95.820168 
1725.000000	95.816941 
1724.000000	95.812652 
1723.000000	95.808310 
1722.000000	95.805587 
1721.000000	95.803634 
1720.000000	95.799941 
1719.000000	95.792748 
1718.000000	95.785858 
1717.000000	95.783595 
1716.000000	95.779807 
1715.000000	95.771609 
1714.000000	95.765120 
1713.000000	95.762524 
1712.000000	95.759466 
1711.000000	95.754496 
1710.000000	95.749740 
1709.000000	95.744888 
1708.000000	95.738069 
1707.000000	95.730210 
1706.000000	95.725020 
1705.000000	95.721736 
1704.000000	95.713002 
1703.000000	95.696933 
1702.000000	95.678535 
1701.000000	95.665019 
1700.000000	95.659844 
1699.000000	95.654239 
1698.000000	95.647274 
1697.000000	95.641762 
1696.000000	95.635766 
1695.000000	95.629239 
1694.000000	95.623330 
1693.000000	95.617915 
1692.000000	95.611261 
1691.000000	95.601968 
1690.000000	95.590073 
1689.000000	95.576049 
1688.000000	95.561877 
1687.000000	95.549711 
1686.000000	95.540998 
1685.000000	95.535650 
1684.000000	95.531169 
1683.000000	95.524650 
1682.000000	95.516115 
1681.000000	95.506230 
1680.000000	95.496837 
1679.000000	95.488933 
1678.000000	95.480627 
1677.000000	95.469724 
1676.000000	95.457844 
1675.000000	95.449349 
1674.000000	95.441201 
1673.000000	95.430188 
1672.000000	95.418992 
1671.000000	95.410348 
1670.000000	95.403218 
1669.000000	95.394509 
1668.000000	95.386851 
1667.000000	95.383590 
1666.000000	95.380767 
1665.000000	95.373946 
1664.000000	95.363081 
1663.000000	95.352966 
1662.000000	95.343928 
1661.000000	95.330402 
1660.000000	95.315338 
1659.000000	95.305491 
1658.000000	95.299657 
1657.000000	95.290878 
1656.000000	95.275657 
1655.000000	95.252410 
1654.000000	95.221052 
1653.000000	95.203202 
1652.000000	95.198785 
1651.000000	95.196139 
1650.000000	95.192447 
1649.000000	95.186088 
1648.000000	95.173788 
1647.000000	95.159888 
1646.000000	95.151721 
1645.000000	95.148189 
1644.000000	95.144479 
1643.000000	95.140518 
1642.000000	95.137970 
1641.000000	95.135853 
1640.000000	95.133693 
1639.000000	95.129811 
1638.000000	95.124110 
1637.000000	95.117592 
1636.000000	95.115624 
1635.000000	95.122063 
1634.000000	95.129679 
1633.000000	95.133310 
1632.000000	95.132720 
1631.000000	95.132541 
1630.000000	95.137152 
1629.000000	95.145680 
1628.000000	95.154262 
1627.000000	95.162077 
1626.000000	95.168538 
1625.000000	95.173016 
1624.000000	95.178978 
1623.000000	95.192413 
1622.000000	95.210681 
1621.000000	95.223794 
1620.000000	95.230389 
1619.000000	95.236318 
1618.000000	95.246843 
1617.000000	95.262152 
1616.000000	95.279573 
1615.000000	95.297316 
1614.000000	95.313494 
1613.000000	95.325370 
1612.000000	95.333666 
1611.000000	95.343570 
1610.000000	95.356445 
1609.000000	95.369424 
1608.000000	95.383596 
1607.000000	95.402066 
1606.000000	95.420081 
1605.000000	95.431420 
1604.000000	95.439789 
1603.000000	95.451025 
1602.000000	95.464131 
1601.000000	95.475767 
1600.000000	95.487451 
1599.000000	95.501745 
1598.000000	95.515506 
1597.000000	95.524604 
1596.000000	95.530466 
1595.000000	95.537824 
1594.000000	95.547747 
1593.000000	95.557504 
1592.000000	95.566459 
1591.000000	95.576503 
1590.000000	95.587197 
1589.000000	95.596069 
1588.000000	95.603922 
1587.000000	95.613502 
1586.000000	95.623629 
1585.000000	95.629139 
1584.000000	95.631472 
1583.000000	95.637367 
1582.000000	95.647218 
1581.000000	95.655670 
1580.000000	95.660965 
1579.000000	95.665469 
1578.000000	95.670550 
1577.000000	95.678837 
1576.000000	95.694332 
1575.000000	95.712683 
1574.000000	95.723260 
1573.000000	95.724552 
1572.000000	95.723962 
1571.000000	95.728391 
1570.000000	95.736667 
1569.000000	95.739868 
1568.000000	95.738916 
1567.000000	95.740475 
1566.000000	95.743966 
1565.000000	95.745369 
1564.000000	95.746664 
1563.000000	95.747152 
1562.000000	95.743928 
1561.000000	95.731078 
1560.000000	95.719492 
1559.000000	95.724976 
1558.000000	95.735176 
1557.000000	95.734966 
1556.000000	95.733059 
1555.000000	95.735515 
1554.000000	95.738922 
1553.000000	95.741086 
1552.000000	95.742072 
1551.000000	95.737325 
1550.000000	95.724935 
1549.000000	95.710737 
1548.000000	95.701918 
1547.000000	95.698504 
1546.000000	95.692064 
1545.000000	95.676240 
1544.000000	95.656253 
1543.000000	95.640325 
1542.000000	95.631613 
1541.000000	95.628051 
1540.000000	95.623174 
1539.000000	95.615157 
1538.000000	95.603690 
1537.000000	95.588385 
1536.000000	95.570678 
1535.000000	95.555036 
1534.000000	95.544136 
1533.000000	95.536492 
1532.000000	95.527097 
1531.000000	95.514115 
1530.000000	95.501182 
1529.000000	95.489141 
1528.000000	95.473926 
1527.000000	95.454000 
1526.000000	95.432890 
1525.000000	95.415479 
1524.000000	95.403685 
1523.000000	95.394952 
1522.000000	95.383601 
1521.000000	95.365580 
1520.000000	95.343310 
1519.000000	95.322484 
1518.000000	95.304319 
1517.000000	95.286707 
1516.000000	95.269007 
1515.000000	95.253201 
1514.000000	95.240130 
1513.000000	95.228499 
1512.000000	95.214875 
1511.000000	95.196000 
1510.000000	95.172696 
1509.000000	95.147202 
1508.000000	95.121281 
1507.000000	95.098382 
1506.000000	95.083779 
1505.000000	95.072153 
1504.000000	95.057685 
1503.000000	95.039708 
1502.000000	95.019116 
1501.000000	94.997992 
1500.000000	94.978546 
1499.000000	94.960476 
1498.000000	94.941595 
1497.000000	94.922509 
1496.000000	94.905212 
1495.000000	94.890371 
1494.000000	94.877767 
1493.000000	94.866770 
1492.000000	94.855669 
1491.000000	94.841699 
1490.000000	94.823438 
1489.000000	94.802975 
1488.000000	94.782026 
1487.000000	94.761102 
1486.000000	94.741666 
1485.000000	94.722125 
1484.000000	94.701362 
1483.000000	94.680979 
1482.000000	94.662411 
1481.000000	94.646085 
1480.000000	94.631102 
1479.000000	94.616984 
1478.000000	94.602878 
1477.000000	94.586606 
1476.000000	94.565093 
1475.000000	94.539008 
1474.000000	94.512435 
1473.000000	94.489784 
1472.000000	94.473756 
1471.000000	94.461905 
1470.000000	94.451014 
1469.000000	94.439494 
1468.000000	94.424972 
1467.000000	94.406093 
1466.000000	94.384985 
1465.000000	94.365871 
1464.000000	94.351992 
1463.000000	94.339345 
1462.000000	94.323525 
1461.000000	94.305222 
1460.000000	94.287521 
1459.000000	94.269013 
1458.000000	94.241561 
1457.000000	94.208432 
1456.000000	94.186511 
1455.000000	94.177324 
1454.000000	94.170004 
1453.000000	94.161153 
1452.000000	94.153918 
1451.000000	94.149855 
1450.000000	94.147035 
1449.000000	94.144331 
1448.000000	94.139433 
1447.000000	94.130616 
1446.000000	94.117263 
1445.000000	94.103064 
1444.000000	94.093777 
1443.000000	94.087306 
1442.000000	94.079230 
1441.000000	94.069854 
1440.000000	94.062627 
1439.000000	94.054698 
1438.000000	94.038829 
1437.000000	94.016294 
1436.000000	93.999864 
1435.000000	93.993068 
1434.000000	93.989657 
1433.000000	93.988025 
1432.000000	93.989951 
1431.000000	93.994555 
1430.000000	93.998217 
1429.000000	94.001755 
1428.000000	94.007435 
1427.000000	94.016036 
1426.000000	94.025451 
1425.000000	94.034875 
1424.000000	94.047799 
1423.000000	94.060354 
1422.000000	94.066319 
1421.000000	94.069428 
1420.000000	94.079667 
1419.000000	94.095403 
1418.000000	94.106154 
1417.000000	94.115705 
1416.000000	94.136012 
1415.000000	94.167091 
1414.000000	94.197501 
1413.000000	94.219474 
1412.000000	94.236569 
1411.000000	94.253787 
1410.000000	94.271565 
1409.000000	94.291968 
1408.000000	94.316939 
1407.000000	94.344776 
1406.000000	94.371537 
1405.000000	94.398027 
1404.000000	94.429948 
1403.000000	94.464093 
1402.000000	94.493117 
1401.000000	94.519286 
1400.000000	94.551494 
1399.000000	94.591091 
1398.000000	94.628611 
1397.000000	94.658477 
1396.000000	94.684576 
1395.000000	94.712242 
1394.000000	94.740732 
1393.000000	94.769915 
1392.000000	94.804824 
1391.000000	94.845606 
1390.000000	94.885354 
1389.000000	94.917513 
1388.000000	94.940739 
1387.000000	94.958713 
1386.000000	94.976935 
1385.000000	95.000212 
1384.000000	95.030950 
1383.000000	95.064985 
1382.000000	95.094702 
1381.000000	95.116943 
1380.000000	95.134702 
1379.000000	95.153413 
1378.000000	95.176240 
1377.000000	95.202510 
1376.000000	95.228545 
1375.000000	95.250062 
1374.000000	95.265443 
1373.000000	95.278981 
1372.000000	95.296020 
1371.000000	95.317736 
1370.000000	95.340557 
1369.000000	95.360417 
1368.000000	95.378626 
1367.000000	95.398193 
1366.000000	95.419313 
1365.000000	95.440082 
1364.000000	95.457199 
1363.000000	95.467672 
1362.000000	95.473242 
1361.000000	95.480301 
1360.000000	95.493856 
1359.000000	95.513915 
1358.000000	95.536473 
1357.000000	95.557347 
1356.000000	95.575020 
1355.000000	95.589827 
1354.000000	95.602444 
1353.000000	95.614823 
1352.000000	95.627896 
1351.000000	95.642353 
1350.000000	95.658031 
1349.000000	95.672524 
1348.000000	95.684174 
1347.000000	95.693350 
1346.000000	95.702177 
1345.000000	95.712801 
1344.000000	95.725769 
1343.000000	95.739664 
1342.000000	95.751974 
1341.000000	95.760113 
1340.000000	95.763020 
1339.000000	95.762693 
1338.000000	95.762803 
1337.000000	95.765917 
1336.000000	95.771887 
1335.000000	95.778320 
1334.000000	95.783265 
1333.000000	95.787288 
1332.000000	95.792063 
1331.000000	95.798333 
1330.000000	95.805443 
1329.000000	95.812582 
1328.000000	95.819052 
1327.000000	95.824309 
1326.000000	95.827421 
1325.000000	95.827467 
1324.000000	95.825127 
1323.000000	95.821641 
1322.000000	95.817906 
1321.000000	95.815157 
1320.000000	95.814875 
1319.000000	95.816864 
1318.000000	95.819206 
1317.000000	95.820844 
1316.000000	95.822008 
1315.000000	95.821856 
1314.000000	95.818774 
1313.000000	95.814337 
1312.000000	95.813231 
1311.000000	95.817335 
1310.000000	95.822582 
1309.000000	95.824393 
1308.000000	95.823116 
1307.000000	95.822648 
1306.000000	95.824752 
1305.000000	95.827612 
1304.000000	95.829504 
1303.000000	95.829903 
1302.000000	95.828338 
1301.000000	95.824823 
1300.000000	95.821402 
1299.000000	95.820658 
1298.000000	95.822581 
1297.000000	95.824448 
1296.000000	95.824064 
1295.000000	95.822049 
1294.000000	95.820534 
1293.000000	95.820919 
1292.000000	95.822992 
1291.000000	95.825418 
1290.000000	95.827013 
1289.000000	95.827555 
1288.000000	95.827041 
1287.000000	95.824567 
1286.000000	95.819215 
1285.000000	95.812463 
1284.000000	95.808057 
1283.000000	95.808062 
1282.000000	95.810356 
1281.000000	95.811050 
1280.000000	95.808905 
1279.000000	95.806223 
1278.000000	95.806041 
1277.000000	95.809444 
1276.000000	95.815008 
1275.000000	95.820149 
1274.000000	95.823155 
1273.000000	95.824527 
1272.000000	95.825867 
1271.000000	95.827289 
1270.000000	95.827080 
1269.000000	95.824307 
1268.000000	95.820398 
1267.000000	95.816892 
1266.000000	95.813323 
1265.000000	95.809293 
1264.000000	95.806843 
1263.000000	95.808288 
1262.000000	95.812779 
1261.000000	95.817108 
1260.000000	95.820090 
1259.000000	95.823854 
1258.000000	95.830060 
1257.000000	95.836665 
1256.000000	95.839384 
1255.000000	95.836372 
1254.000000	95.831029 
1253.000000	95.828950 
1252.000000	95.831398 
1251.000000	95.833310 
1250.000000	95.829448 
1249.000000	95.821362 
1248.000000	95.815766 
1247.000000	95.816226 
1246.000000	95.819709 
1245.000000	95.822162 
1244.000000	95.823476 
1243.000000	95.825159 
1242.000000	95.826765 
1241.000000	95.827475 
1240.000000	95.828399 
1239.000000	95.830137 
1238.000000	95.830144 
1237.000000	95.825777 
1236.000000	95.818543 
1235.000000	95.812274 
1234.000000	95.808041 
1233.000000	95.803634 
1232.000000	95.797144 
1231.000000	95.788077 
1230.000000	95.775712 
1229.000000	95.759241 
1228.000000	95.739099 
1227.000000	95.715709 
1226.000000	95.687268 
1225.000000	95.651098 
1224.000000	95.607085 
1223.000000	95.557585 
1222.000000	95.503990 
1221.000000	95.445478 
1220.000000	95.381339 
1219.000000	95.312372 
1218.000000	95.239349 
1217.000000	95.161804 
1216.000000	95.078755 
1215.000000	94.989625 
1214.000000	94.894982 
1213.000000	94.797767 
1212.000000	94.702291 
1211.000000	94.609275 
1210.000000	94.513239 
1209.000000	94.408254 
1208.000000	94.295625 
1207.000000	94.182364 
1206.000000	94.072403 
1205.000000	93.963137 
1204.000000	93.850767 
1203.000000	93.735035 
1202.000000	93.618030 
1201.000000	93.501745 
1200.000000	93.387806 
1199.000000	93.276652 
1198.000000	93.166073 
1197.000000	93.053275 
1196.000000	92.938373 
1195.000000	92.823182 
1194.000000	92.707218 
1193.000000	92.588254 
1192.000000	92.466379 
1191.000000	92.343624 
1190.000000	92.219854 
1189.000000	92.092948 
1188.000000	91.962881 
1187.000000	91.831596 
1186.000000	91.699053 
1185.000000	91.563432 
1184.000000	91.424868 
1183.000000	91.284914 
1182.000000	91.143011 
1181.000000	90.997755 
1180.000000	90.850626 
1179.000000	90.703423 
1178.000000	90.552898 
1177.000000	90.393615 
1176.000000	90.225442 
1175.000000	90.052527 
1174.000000	89.875894 
1173.000000	89.693627 
1172.000000	89.507718 
1171.000000	89.322939 
1170.000000	89.138861 
1169.000000	88.951218 
1168.000000	88.762399 
1167.000000	88.583356 
1166.000000	88.425004 
1165.000000	88.296197 
1164.000000	88.209859 
1163.000000	88.179613 
1162.000000	88.206088 
1161.000000	88.272926 
1160.000000	88.356816 
1159.000000	88.434116 
1158.000000	88.479953 
1157.000000	88.474140 
1156.000000	88.412586 
1155.000000	88.306802 
1154.000000	88.171187 
1153.000000	88.016877 
1152.000000	87.856410 
1151.000000	87.702366 
1150.000000	87.557028 
1149.000000	87.412178 
1148.000000	87.262404 
1147.000000	87.110423 
1146.000000	86.957683 
1145.000000	86.800186 
1144.000000	86.637279 
1143.000000	86.474990 
1142.000000	86.316405 
1141.000000	86.157377 
1140.000000	85.995260 
1139.000000	85.833026 
1138.000000	85.671558 
1137.000000	85.506904 
1136.000000	85.338239 
1135.000000	85.169490 
1134.000000	85.000220 
1133.000000	84.824293 
1132.000000	84.640163 
1131.000000	84.452784 
1130.000000	84.263122 
1129.000000	84.066350 
1128.000000	83.863008 
1127.000000	83.660651 
1126.000000	83.461003 
1125.000000	83.256505 
1124.000000	83.043171 
1123.000000	82.826036 
1122.000000	82.608869 
1121.000000	82.390156 
1120.000000	82.172463 
1119.000000	81.963282 
1118.000000	81.762933 
1117.000000	81.564354 
1116.000000	81.367921 
1115.000000	81.183034 
1114.000000	81.011942 
1113.000000	80.846409 
1112.000000	80.683718 
1111.000000	80.530402 
1110.000000	80.386135 
1109.000000	80.239950 
1108.000000	80.086229 
1107.000000	79.929206 
1106.000000	79.769214 
1105.000000	79.600685 
1104.000000	79.426735 
1103.000000	79.259063 
1102.000000	79.098811 
1101.000000	78.934821 
1100.000000	78.763197 
1099.000000	78.592795 
1098.000000	78.428930 
1097.000000	78.267295 
1096.000000	78.107055 
1095.000000	77.951800 
1094.000000	77.795863 
1093.000000	77.628609 
1092.000000	77.454848 
1091.000000	77.291735 
1090.000000	77.143088 
1089.000000	76.996541 
1088.000000	76.847582 
1087.000000	76.704364 
1086.000000	76.566329 
1085.000000	76.421529 
1084.000000	76.269409 
1083.000000	76.123242 
1082.000000	75.985092 
1081.000000	75.841237 
1080.000000	75.687518 
1079.000000	75.535729 
1078.000000	75.388689 
1077.000000	75.231956 
1076.000000	75.056998 
1075.000000	74.869845 
1074.000000	74.670604 
1073.000000	74.447129 
1072.000000	74.195274 
1071.000000	73.922915 
1070.000000	73.628074 
1069.000000	73.296295 
1068.000000	72.926819 
1067.000000	72.539194 
1066.000000	72.147424 
1065.000000	71.750039 
1064.000000	71.351635 
1063.000000	70.967888 
1062.000000	70.599887 
1061.000000	70.228592 
1060.000000	69.844494 
1059.000000	69.459023 
1058.000000	69.078485 
1057.000000	68.691424 
1056.000000	68.290578 
1055.000000	67.882405 
1054.000000	67.465734 
1053.000000	67.026075 
1052.000000	66.562133 
1051.000000	66.093013 
1050.000000	65.627510 
1049.000000	65.153131 
1048.000000	64.665308 
1047.000000	64.176726 
1046.000000	63.689846 
1045.000000	63.191346 
1044.000000	62.680177 
1043.000000	62.171792 
1042.000000	61.669148 
1041.000000	61.158653 
1040.000000	60.640679 
1039.000000	60.133831 
1038.000000	59.642848 
1037.000000	59.154216 
1036.000000	58.670369 
1035.000000	58.214916 
1034.000000	57.796107 
1033.000000	57.398435 
1032.000000	57.017493 
1031.000000	56.668632 
1030.000000	56.353511 
1029.000000	56.053968 
1028.000000	55.767362 
1027.000000	55.511805 
1026.000000	55.287607 
1025.000000	55.070106 
1024.000000	54.849565 
1023.000000	54.641561 
1022.000000	54.449258 
1021.000000	54.253497 
1020.000000	54.049641 
1019.000000	53.856163 
1018.000000	53.676467 
1017.000000	53.489811 
1016.000000	53.290295 
1015.000000	53.097642 
1014.000000	52.919027 
1013.000000	52.737489 
1012.000000	52.548160 
1011.000000	52.368846 
1010.000000	52.204570 
1009.000000	52.039026 
1008.000000	51.871267 
1007.000000	51.723725 
1006.000000	51.603931 
1005.000000	51.495277 
1004.000000	51.394278 
1003.000000	51.318717 
1002.000000	51.269629 
1001.000000	51.224400 
1000.000000	51.177680 
999.000000	 51.150460 
998.000000	 51.148402 
997.000000	 51.150337 
996.000000	 51.148689 
995.000000	 51.162515 
994.000000	 51.198964 
993.000000	 51.240075 
992.000000	 51.279108 
991.000000	 51.332242 
990.000000	 51.402924 
989.000000	 51.472362 
988.000000	 51.536940 
987.000000	 51.618444 
986.000000	 51.726330 
985.000000	 51.846448 
984.000000	 51.976676 
983.000000	 52.135924 
982.000000	 52.327154 
981.000000	 52.529170 
980.000000	 52.736232 
979.000000	 52.968955 
978.000000	 53.235043 
977.000000	 53.516655 
976.000000	 53.807828 
975.000000	 54.127223 
974.000000	 54.481003 
973.000000	 54.848641 
972.000000	 55.218304 
971.000000	 55.602889 
970.000000	 56.008836 
969.000000	 56.421775 
968.000000	 56.834498 
967.000000	 57.258036 
966.000000	 57.694693 
965.000000	 58.130423 
964.000000	 58.562615 
963.000000	 59.004936 
962.000000	 59.456529 
961.000000	 59.896777 
960.000000	 60.318426 
959.000000	 60.736131 
958.000000	 61.155259 
957.000000	 61.562205 
956.000000	 61.952713 
955.000000	 62.339922 
954.000000	 62.727033 
953.000000	 63.100682 
952.000000	 63.457511 
951.000000	 63.808324 
950.000000	 64.150533 
949.000000	 64.465973 
948.000000	 64.751673 
947.000000	 65.023619 
946.000000	 65.285021 
945.000000	 65.520664 
944.000000	 65.728481 
943.000000	 65.926531 
942.000000	 66.121809 
941.000000	 66.301673 
940.000000	 66.463760 
939.000000	 66.625050 
938.000000	 66.793314 
937.000000	 66.958109 
936.000000	 67.118054 
935.000000	 67.288277 
934.000000	 67.472631 
933.000000	 67.656965 
932.000000	 67.838066 
931.000000	 68.030851 
930.000000	 68.238374 
929.000000	 68.442500 
928.000000	 68.633191 
927.000000	 68.820520 
926.000000	 69.009658 
925.000000	 69.189934 
924.000000	 69.356138 
923.000000	 69.515124 
922.000000	 69.664979 
921.000000	 69.793649 
920.000000	 69.904075 
919.000000	 70.014192 
918.000000	 70.126339 
917.000000	 70.224188 
916.000000	 70.306584 
915.000000	 70.397183 
914.000000	 70.513746 
913.000000	 70.655412 
912.000000	 70.826548 
911.000000	 71.043893 
910.000000	 71.311394 
909.000000	 71.615489 
908.000000	 71.953125 
907.000000	 72.337446 
906.000000	 72.769283 
905.000000	 73.230397 
904.000000	 73.710819 
903.000000	 74.216039 
902.000000	 74.742871 
901.000000	 75.276164 
900.000000	 75.813702 
899.000000	 76.366548 
898.000000	 76.930101 
897.000000	 77.480920 
896.000000	 78.005486 
895.000000	 78.507132 
894.000000	 78.984469 
893.000000	 79.430654 
892.000000	 79.855416 
891.000000	 80.279152 
890.000000	 80.700444 
889.000000	 81.094945 
888.000000	 81.449528 
887.000000	 81.772250 
886.000000	 82.067488 
885.000000	 82.329038 
884.000000	 82.561469 
883.000000	 82.780390 
882.000000	 82.986806 
881.000000	 83.169436 
880.000000	 83.337588 
879.000000	 83.521496 
878.000000	 83.732651 
877.000000	 83.954828 
876.000000	 84.183108 
875.000000	 84.439550 
874.000000	 84.739359 
873.000000	 85.072720 
872.000000	 85.431473 
871.000000	 85.823538 
870.000000	 86.248132 
869.000000	 86.683122 
868.000000	 87.108928 
867.000000	 87.523509 
866.000000	 87.926982 
865.000000	 88.314301 
864.000000	 88.690380 
863.000000	 89.070023 
862.000000	 89.453523 
861.000000	 89.821380 
860.000000	 90.160860 
859.000000	 90.479713 
858.000000	 90.787323 
857.000000	 91.080154 
856.000000	 91.352836 
855.000000	 91.606923 
854.000000	 91.841962 
853.000000	 92.052920 
852.000000	 92.241592 
851.000000	 92.416576 
850.000000	 92.579229 
849.000000	 92.724433 
848.000000	 92.855665 
847.000000	 92.981327 
846.000000	 93.094766 
845.000000	 93.177598 
844.000000	 93.225416 
843.000000	 93.250785 
842.000000	 93.258393 
841.000000	 93.237815 
840.000000	 93.184448 
839.000000	 93.106462 
838.000000	 93.006951 
837.000000	 92.881727 
836.000000	 92.741450 
835.000000	 92.613515 
834.000000	 92.512096 
833.000000	 92.426355 
832.000000	 92.347976 
831.000000	 92.289741 
830.000000	 92.265593 
829.000000	 92.272319 
828.000000	 92.303998 
827.000000	 92.365769 
826.000000	 92.460085 
825.000000	 92.577616 
824.000000	 92.713030 
823.000000	 92.869172 
822.000000	 93.036038 
821.000000	 93.188914 
820.000000	 93.315315 
819.000000	 93.421374 
818.000000	 93.506859 
817.000000	 93.555831 
816.000000	 93.558062 
815.000000	 93.519743 
814.000000	 93.444282 
813.000000	 93.318257 
812.000000	 93.123409 
811.000000	 92.846361 
810.000000	 92.470023 
809.000000	 91.974135 
808.000000	 91.355783 
807.000000	 90.636197 
806.000000	 89.839731 
805.000000	 88.982708 
804.000000	 88.092417 
803.000000	 87.217054 
802.000000	 86.402738 
801.000000	 85.678345 
800.000000	 85.073237 
799.000000	 84.624821 
798.000000	 84.351305 
797.000000	 84.236363 
796.000000	 84.252199 
795.000000	 84.376387 
794.000000	 84.578154 
793.000000	 84.815067 
792.000000	 85.056295 
791.000000	 85.288980 
790.000000	 85.495593 
789.000000	 85.648435 
788.000000	 85.732821 
787.000000	 85.751840 
786.000000	 85.701280 
785.000000	 85.563721 
784.000000	 85.336355 
783.000000	 85.043516 
782.000000	 84.715791 
781.000000	 84.381267 
780.000000	 84.083711 
779.000000	 83.878750 
778.000000	 83.796133 
777.000000	 83.827387 
776.000000	 83.958267 
775.000000	 84.185005 
774.000000	 84.488402 
773.000000	 84.823212 
772.000000	 85.150492 
771.000000	 85.458307 
770.000000	 85.740280 
769.000000	 85.979830 
768.000000	 86.168543 
767.000000	 86.316116 
766.000000	 86.428641 
765.000000	 86.499609 
764.000000	 86.535767 
763.000000	 86.568653 
762.000000	 86.623386 
761.000000	 86.694299 
760.000000	 86.765417 
759.000000	 86.835865 
758.000000	 86.911578 
757.000000	 86.992135 
756.000000	 87.081658 
755.000000	 87.195146 
754.000000	 87.337473 
753.000000	 87.489544 
752.000000	 87.628405 
751.000000	 87.750253 
750.000000	 87.866491 
749.000000	 87.990787 
748.000000	 88.135868 
747.000000	 88.307179 
746.000000	 88.493488 
745.000000	 88.679475 
744.000000	 88.871481 
743.000000	 89.091906 
742.000000	 89.344347 
741.000000	 89.606343 
740.000000	 89.862278 
739.000000	 90.120501 
738.000000	 90.390011 
737.000000	 90.661727 
736.000000	 90.922000 
735.000000	 91.165415 
734.000000	 91.385905 
733.000000	 91.574362 
732.000000	 91.733068 
731.000000	 91.875021 
730.000000	 92.001941 
729.000000	 92.100274 
728.000000	 92.167137 
727.000000	 92.221811 
726.000000	 92.284931 
725.000000	 92.365020 
724.000000	 92.467521 
723.000000	 92.594813 
722.000000	 92.733198 
721.000000	 92.862724 
720.000000	 92.986044 
719.000000	 93.123267 
718.000000	 93.273211 
717.000000	 93.408401 
716.000000	 93.512242 
715.000000	 93.594788 
714.000000	 93.667879 
713.000000	 93.730982 
712.000000	 93.790342 
711.000000	 93.863368 
710.000000	 93.950656 
709.000000	 94.027888 
708.000000	 94.077403 
707.000000	 94.104921 
706.000000	 94.113963 
705.000000	 94.092566 
704.000000	 94.036241 
703.000000	 93.951819 
702.000000	 93.824755 
701.000000	 93.610817 
700.000000	 93.278993 
699.000000	 92.845393 
698.000000	 92.354724 
697.000000	 91.860178 
696.000000	 91.435025 
695.000000	 91.162761 
694.000000	 91.085858 
693.000000	 91.176645 
692.000000	 91.372252 
691.000000	 91.622899 
690.000000	 91.894475 
689.000000	 92.155768 
688.000000	 92.389754 
687.000000	 92.600124 
686.000000	 92.790125 
685.000000	 92.951307 
684.000000	 93.084516 
683.000000	 93.208582 
682.000000	 93.333816 
681.000000	 93.451683 
680.000000	 93.560371 
679.000000	 93.677243 
678.000000	 93.807302 
677.000000	 93.931902 
676.000000	 94.047866 
675.000000	 94.172287 
674.000000	 94.302460 
673.000000	 94.410192 
672.000000	 94.487943 
671.000000	 94.577942 
670.000000	 94.741450 
669.000000	 94.988199 
668.000000	 95.191266 
667.000000	 95.258511 
666.000000	 95.272397 
665.000000	 95.284817 
664.000000	 95.307382 
663.000000	 95.365240 
662.000000	 95.477042 
661.000000	 95.608618 
660.000000	 95.720550 
659.000000	 95.808926 
658.000000	 95.880320 
657.000000	 95.920377 
656.000000	 95.925614 
655.000000	 95.913205 
654.000000	 95.884688 
653.000000	 95.822696 
652.000000	 95.745819 
651.000000	 95.717809 
650.000000	 95.763994 

