4000.000000	97.685375 
3999.000000	97.683447 
3998.000000	97.679764 
3997.000000	97.675792 
3996.000000	97.672872 
3995.000000	97.671601 
3994.000000	97.671891 
3993.000000	97.673172 
3992.000000	97.674715 
3991.000000	97.675919 
3990.000000	97.676418 
3989.000000	97.676070 
3988.000000	97.674989 
3987.000000	97.673646 
3986.000000	97.672724 
3985.000000	97.672569 
3984.000000	97.672784 
3983.000000	97.672712 
3982.000000	97.672377 
3981.000000	97.672539 
3980.000000	97.673554 
3979.000000	97.674630 
3978.000000	97.674678 
3977.000000	97.673657 
3976.000000	97.672594 
3975.000000	97.672239 
3974.000000	97.672093 
3973.000000	97.670994 
3972.000000	97.668459 
3971.000000	97.665341 
3970.000000	97.663220 
3969.000000	97.663109 
3968.000000	97.664811 
3967.000000	97.667225 
3966.000000	97.669139 
3965.000000	97.669857 
3964.000000	97.669125 
3963.000000	97.667001 
3962.000000	97.664101 
3961.000000	97.661541 
3960.000000	97.660225 
3959.000000	97.660258 
3958.000000	97.660935 
3957.000000	97.661222 
3956.000000	97.660353 
3955.000000	97.658126 
3954.000000	97.654961 
3953.000000	97.651590 
3952.000000	97.648618 
3951.000000	97.646334 
3950.000000	97.644707 
3949.000000	97.643603 
3948.000000	97.642873 
3947.000000	97.642427 
3946.000000	97.642447 
3945.000000	97.643350 
3944.000000	97.645287 
3943.000000	97.647493 
3942.000000	97.648854 
3941.000000	97.649125 
3940.000000	97.649007 
3939.000000	97.649199 
3938.000000	97.649606 
3937.000000	97.649524 
3936.000000	97.648451 
3935.000000	97.646497 
3934.000000	97.644259 
3933.000000	97.642278 
3932.000000	97.640684 
3931.000000	97.639243 
3930.000000	97.637870 
3929.000000	97.636999 
3928.000000	97.637059 
3927.000000	97.637903 
3926.000000	97.638860 
3925.000000	97.639184 
3924.000000	97.638554 
3923.000000	97.637205 
3922.000000	97.635686 
3921.000000	97.634530 
3920.000000	97.633947 
3919.000000	97.633774 
3918.000000	97.633637 
3917.000000	97.633223 
3916.000000	97.632488 
3915.000000	97.631587 
3914.000000	97.630702 
3913.000000	97.629908 
3912.000000	97.629168 
3911.000000	97.628436 
3910.000000	97.627697 
3909.000000	97.626958 
3908.000000	97.626231 
3907.000000	97.625514 
3906.000000	97.624805 
3905.000000	97.624103 
3904.000000	97.623409 
3903.000000	97.622728 
3902.000000	97.622072 
3901.000000	97.621452 
3900.000000	97.620869 
3899.000000	97.620315 
3898.000000	97.619772 
3897.000000	97.619231 
3896.000000	97.618694 
3895.000000	97.618169 
3894.000000	97.617664 
3893.000000	97.617181 
3892.000000	97.616714 
3891.000000	97.616250 
3890.000000	97.615783 
3889.000000	97.615317 
3888.000000	97.614864 
3887.000000	97.614435 
3886.000000	97.614029 
3885.000000	97.613631 
3884.000000	97.613226 
3883.000000	97.612812 
3882.000000	97.612387 
3881.000000	97.611961 
3880.000000	97.611563 
3879.000000	97.611200 
3878.000000	97.610804 
3877.000000	97.610330 
3876.000000	97.609876 
3875.000000	97.609600 
3874.000000	97.609462 
3873.000000	97.609164 
3872.000000	97.608546 
3871.000000	97.607910 
3870.000000	97.607706 
3869.000000	97.607955 
3868.000000	97.608165 
3867.000000	97.607931 
3866.000000	97.607635 
3865.000000	97.608014 
3864.000000	97.609000 
3863.000000	97.609640 
3862.000000	97.609223 
3861.000000	97.608213 
3860.000000	97.607557 
3859.000000	97.607340 
3858.000000	97.606621 
3857.000000	97.604592 
3856.000000	97.601754 
3855.000000	97.599598 
3854.000000	97.598206 
3853.000000	97.596219 
3852.000000	97.594042 
3851.000000	97.593456 
3850.000000	97.594776 
3849.000000	97.597347 
3848.000000	97.600303 
3847.000000	97.602774 
3846.000000	97.603837 
3845.000000	97.602729 
3844.000000	97.599529 
3843.000000	97.595207 
3842.000000	97.590661 
3841.000000	97.586736 
3840.000000	97.584317 
3839.000000	97.583932 
3838.000000	97.585301 
3837.000000	97.587492 
3836.000000	97.589790 
3835.000000	97.591844 
3834.000000	97.593468 
3833.000000	97.594846 
3832.000000	97.596198 
3831.000000	97.597307 
3830.000000	97.597925 
3829.000000	97.598268 
3828.000000	97.599113 
3827.000000	97.601012 
3826.000000	97.602918 
3825.000000	97.602649 
3824.000000	97.599057 
3823.000000	97.593900 
3822.000000	97.590873 
3821.000000	97.591470 
3820.000000	97.593203 
3819.000000	97.593103 
3818.000000	97.591433 
3817.000000	97.591477 
3816.000000	97.595625 
3815.000000	97.601995 
3814.000000	97.606733 
3813.000000	97.608772 
3812.000000	97.610081 
3811.000000	97.612657 
3810.000000	97.615840 
3809.000000	97.617073 
3808.000000	97.615204 
3807.000000	97.611709 
3806.000000	97.608063 
3805.000000	97.603420 
3804.000000	97.596440 
3803.000000	97.589268 
3802.000000	97.586547 
3801.000000	97.589522 
3800.000000	97.594693 
3799.000000	97.598454 
3798.000000	97.600783 
3797.000000	97.604362 
3796.000000	97.610681 
3795.000000	97.617870 
3794.000000	97.623132 
3793.000000	97.625904 
3792.000000	97.627615 
3791.000000	97.629451 
3790.000000	97.630875 
3789.000000	97.630550 
3788.000000	97.628259 
3787.000000	97.625235 
3786.000000	97.623165 
3785.000000	97.622889 
3784.000000	97.623562 
3783.000000	97.623072 
3782.000000	97.619875 
3781.000000	97.614876 
3780.000000	97.611274 
3779.000000	97.611753 
3778.000000	97.615532 
3777.000000	97.619134 
3776.000000	97.619804 
3775.000000	97.617728 
3774.000000	97.614998 
3773.000000	97.613363 
3772.000000	97.613623 
3771.000000	97.615650 
3770.000000	97.617810 
3769.000000	97.618008 
3768.000000	97.615890 
3767.000000	97.612960 
3766.000000	97.611222 
3765.000000	97.611359 
3764.000000	97.612160 
3763.000000	97.611726 
3762.000000	97.609551 
3761.000000	97.606882 
3760.000000	97.604186 
3759.000000	97.600622 
3758.000000	97.595475 
3757.000000	97.588584 
3756.000000	97.579355 
3755.000000	97.566967 
3754.000000	97.552943 
3753.000000	97.541465 
3752.000000	97.534866 
3751.000000	97.530027 
3750.000000	97.523691 
3749.000000	97.518773 
3748.000000	97.518263 
3747.000000	97.520349 
3746.000000	97.523737 
3745.000000	97.528623 
3744.000000	97.533838 
3743.000000	97.536713 
3742.000000	97.534819 
3741.000000	97.528108 
3740.000000	97.519991 
3739.000000	97.514745 
3738.000000	97.513868 
3737.000000	97.516282 
3736.000000	97.522107 
3735.000000	97.531589 
3734.000000	97.541714 
3733.000000	97.548531 
3732.000000	97.551724 
3731.000000	97.553432 
3730.000000	97.553407 
3729.000000	97.549590 
3728.000000	97.543274 
3727.000000	97.538755 
3726.000000	97.537558 
3725.000000	97.536684 
3724.000000	97.534324 
3723.000000	97.532965 
3722.000000	97.535543 
3721.000000	97.541972 
3720.000000	97.548413 
3719.000000	97.551123 
3718.000000	97.549535 
3717.000000	97.544424 
3716.000000	97.535680 
3715.000000	97.521746 
3714.000000	97.502023 
3713.000000	97.479384 
3712.000000	97.458871 
3711.000000	97.444533 
3710.000000	97.436340 
3709.000000	97.430530 
3708.000000	97.423078 
3707.000000	97.411563 
3706.000000	97.396041 
3705.000000	97.378920 
3704.000000	97.363178 
3703.000000	97.349300 
3702.000000	97.333357 
3701.000000	97.311249 
3700.000000	97.284001 
3699.000000	97.257248 
3698.000000	97.236792 
3697.000000	97.224358 
3696.000000	97.216506 
3695.000000	97.207907 
3694.000000	97.196509 
3693.000000	97.185304 
3692.000000	97.179111 
3691.000000	97.180304 
3690.000000	97.185992 
3689.000000	97.190144 
3688.000000	97.189854 
3687.000000	97.186002 
3686.000000	97.179068 
3685.000000	97.169242 
3684.000000	97.158159 
3683.000000	97.147629 
3682.000000	97.136833 
3681.000000	97.122617 
3680.000000	97.102562 
3679.000000	97.075389 
3678.000000	97.041978 
3677.000000	97.007533 
3676.000000	96.978075 
3675.000000	96.953912 
3674.000000	96.930212 
3673.000000	96.903554 
3672.000000	96.876207 
3671.000000	96.855855 
3670.000000	96.844540 
3669.000000	96.833354 
3668.000000	96.814712 
3667.000000	96.789700 
3666.000000	96.763194 
3665.000000	96.738036 
3664.000000	96.712879 
3663.000000	96.685242 
3662.000000	96.654514 
3661.000000	96.621412 
3660.000000	96.586534 
3659.000000	96.549737 
3658.000000	96.511451 
3657.000000	96.472429 
3656.000000	96.432655 
3655.000000	96.392146 
3654.000000	96.351014 
3653.000000	96.309533 
3652.000000	96.268683 
3651.000000	96.229269 
3650.000000	96.190340 
3649.000000	96.151944 
3648.000000	96.118500 
3647.000000	96.093615 
3646.000000	96.075807 
3645.000000	96.061637 
3644.000000	96.048718 
3643.000000	96.035179 
3642.000000	96.018105 
3641.000000	95.993976 
3640.000000	95.961886 
3639.000000	95.924660 
3638.000000	95.886415 
3637.000000	95.849327 
3636.000000	95.813519 
3635.000000	95.778789 
3634.000000	95.744568 
3633.000000	95.708918 
3632.000000	95.669824 
3631.000000	95.628994 
3630.000000	95.592829 
3629.000000	95.565659 
3628.000000	95.544414 
3627.000000	95.525935 
3626.000000	95.511076 
3625.000000	95.501445 
3624.000000	95.496802 
3623.000000	95.494621 
3622.000000	95.492577 
3621.000000	95.491504 
3620.000000	95.492753 
3619.000000	95.494375 
3618.000000	95.494371 
3617.000000	95.496106 
3616.000000	95.506787 
3615.000000	95.531200 
3614.000000	95.566068 
3613.000000	95.600763 
3612.000000	95.626048 
3611.000000	95.641528 
3610.000000	95.654100 
3609.000000	95.670549 
3608.000000	95.691255 
3607.000000	95.712287 
3606.000000	95.731955 
3605.000000	95.752344 
3604.000000	95.775436 
3603.000000	95.799494 
3602.000000	95.820064 
3601.000000	95.834091 
3600.000000	95.841479 
3599.000000	95.844546 
3598.000000	95.847641 
3597.000000	95.855183 
3596.000000	95.868975 
3595.000000	95.886385 
3594.000000	95.901689 
3593.000000	95.911093 
3592.000000	95.915301 
3591.000000	95.917353 
3590.000000	95.920705 
3589.000000	95.928310 
3588.000000	95.940564 
3587.000000	95.953827 
3586.000000	95.964053 
3585.000000	95.971003 
3584.000000	95.977540 
3583.000000	95.985583 
3582.000000	95.994485 
3581.000000	96.001691 
3580.000000	96.004929 
3579.000000	96.004137 
3578.000000	96.001547 
3577.000000	95.999902 
3576.000000	95.999852 
3575.000000	95.999781 
3574.000000	95.997590 
3573.000000	95.992455 
3572.000000	95.984785 
3571.000000	95.974928 
3570.000000	95.963074 
3569.000000	95.951129 
3568.000000	95.943102 
3567.000000	95.941668 
3566.000000	95.945448 
3565.000000	95.951139 
3564.000000	95.956704 
3563.000000	95.961830 
3562.000000	95.966673 
3561.000000	95.970886 
3560.000000	95.973401 
3559.000000	95.972866 
3558.000000	95.969063 
3557.000000	95.963923 
3556.000000	95.960370 
3555.000000	95.959927 
3554.000000	95.961777 
3553.000000	95.963585 
3552.000000	95.963234 
3551.000000	95.960225 
3550.000000	95.956087 
3549.000000	95.953661 
3548.000000	95.955140 
3547.000000	95.959748 
3546.000000	95.964084 
3545.000000	95.965485 
3544.000000	95.964550 
3543.000000	95.963577 
3542.000000	95.963700 
3541.000000	95.964473 
3540.000000	95.965339 
3539.000000	95.966198 
3538.000000	95.966892 
3537.000000	95.966997 
3536.000000	95.966386 
3535.000000	95.965446 
3534.000000	95.964688 
3533.000000	95.964380 
3532.000000	95.964479 
3531.000000	95.964829 
3530.000000	95.965290 
3529.000000	95.965720 
3528.000000	95.965975 
3527.000000	95.965964 
3526.000000	95.965744 
3525.000000	95.965548 
3524.000000	95.965621 
3523.000000	95.966050 
3522.000000	95.966728 
3521.000000	95.967418 
3520.000000	95.967956 
3519.000000	95.968325 
3518.000000	95.968545 
3517.000000	95.968530 
3516.000000	95.968156 
3515.000000	95.967487 
3514.000000	95.966833 
3513.000000	95.966523 
3512.000000	95.966619 
3511.000000	95.966841 
3510.000000	95.966734 
3509.000000	95.966001 
3508.000000	95.964792 
3507.000000	95.963692 
3506.000000	95.963314 
3505.000000	95.963758 
3504.000000	95.964407 
3503.000000	95.964440 
3502.000000	95.963718 
3501.000000	95.962990 
3500.000000	95.963142 
3499.000000	95.964369 
3498.000000	95.966031 
3497.000000	95.967047 
3496.000000	95.966474 
3495.000000	95.964059 
3494.000000	95.960589 
3493.000000	95.957496 
3492.000000	95.955712 
3491.000000	95.955053 
3490.000000	95.954827 
3489.000000	95.954676 
3488.000000	95.954328 
3487.000000	95.952894 
3486.000000	95.949441 
3485.000000	95.944512 
3484.000000	95.940316 
3483.000000	95.938712 
3482.000000	95.939349 
3481.000000	95.940161 
3480.000000	95.939572 
3479.000000	95.937706 
3478.000000	95.935542 
3477.000000	95.933568 
3476.000000	95.931386 
3475.000000	95.928389 
3474.000000	95.924666 
3473.000000	95.921111 
3472.000000	95.918497 
3471.000000	95.916484 
3470.000000	95.913863 
3469.000000	95.909938 
3468.000000	95.905348 
3467.000000	95.901359 
3466.000000	95.898598 
3465.000000	95.896653 
3464.000000	95.894610 
3463.000000	95.891678 
3462.000000	95.887492 
3461.000000	95.882177 
3460.000000	95.876181 
3459.000000	95.869932 
3458.000000	95.863684 
3457.000000	95.857732 
3456.000000	95.852653 
3455.000000	95.848992 
3454.000000	95.846696 
3453.000000	95.844963 
3452.000000	95.842662 
3451.000000	95.839116 
3450.000000	95.834527 
3449.000000	95.829751 
3448.000000	95.825478 
3447.000000	95.821574 
3446.000000	95.817415 
3445.000000	95.812903 
3444.000000	95.808811 
3443.000000	95.805905 
3442.000000	95.803968 
3441.000000	95.801910 
3440.000000	95.798811 
3439.000000	95.794545 
3438.000000	95.789378 
3437.000000	95.783443 
3436.000000	95.777100 
3435.000000	95.771513 
3434.000000	95.768144 
3433.000000	95.767408 
3432.000000	95.768013 
3431.000000	95.768017 
3430.000000	95.766541 
3429.000000	95.764026 
3428.000000	95.760920 
3427.000000	95.756883 
3426.000000	95.751744 
3425.000000	95.746649 
3424.000000	95.743324 
3423.000000	95.742090 
3422.000000	95.741309 
3421.000000	95.739264 
3420.000000	95.736204 
3419.000000	95.733913 
3418.000000	95.733510 
3417.000000	95.734294 
3416.000000	95.734626 
3415.000000	95.733444 
3414.000000	95.730845 
3413.000000	95.727617 
3412.000000	95.724566 
3411.000000	95.722205 
3410.000000	95.720858 
3409.000000	95.720748 
3408.000000	95.721673 
3407.000000	95.722628 
3406.000000	95.722289 
3405.000000	95.720237 
3404.000000	95.717433 
3403.000000	95.715091 
3402.000000	95.713290 
3401.000000	95.711322 
3400.000000	95.709215 
3399.000000	95.708066 
3398.000000	95.708555 
3397.000000	95.709891 
3396.000000	95.710737 
3395.000000	95.710774 
3394.000000	95.710653 
3393.000000	95.710672 
3392.000000	95.710247 
3391.000000	95.708859 
3390.000000	95.707085 
3389.000000	95.706341 
3388.000000	95.707694 
3387.000000	95.710926 
3386.000000	95.714472 
3385.000000	95.716318 
3384.000000	95.715511 
3383.000000	95.713197 
3382.000000	95.712033 
3381.000000	95.713998 
3380.000000	95.718646 
3379.000000	95.723534 
3378.000000	95.726711 
3377.000000	95.728584 
3376.000000	95.730949 
3375.000000	95.734538 
3374.000000	95.738104 
3373.000000	95.739994 
3372.000000	95.740108 
3371.000000	95.739950 
3370.000000	95.741041 
3369.000000	95.743682 
3368.000000	95.747180 
3367.000000	95.750702 
3366.000000	95.753686 
3365.000000	95.755767 
3364.000000	95.756791 
3363.000000	95.757019 
3362.000000	95.757140 
3361.000000	95.757857 
3360.000000	95.759506 
3359.000000	95.762097 
3358.000000	95.765544 
3357.000000	95.769694 
3356.000000	95.774163 
3355.000000	95.778399 
3354.000000	95.782065 
3353.000000	95.785331 
3352.000000	95.788687 
3351.000000	95.792454 
3350.000000	95.796468 
3349.000000	95.800183 
3348.000000	95.803149 
3347.000000	95.805424 
3346.000000	95.807455 
3345.000000	95.809596 
3344.000000	95.811803 
3343.000000	95.813895 
3342.000000	95.816071 
3341.000000	95.818862 
3340.000000	95.822430 
3339.000000	95.826188 
3338.000000	95.829295 
3337.000000	95.831515 
3336.000000	95.833364 
3335.000000	95.835518 
3334.000000	95.838136 
3333.000000	95.840871 
3332.000000	95.843400 
3331.000000	95.845778 
3330.000000	95.848287 
3329.000000	95.851089 
3328.000000	95.854120 
3327.000000	95.857259 
3326.000000	95.860438 
3325.000000	95.863600 
3324.000000	95.866661 
3323.000000	95.869580 
3322.000000	95.872421 
3321.000000	95.875306 
3320.000000	95.878302 
3319.000000	95.881377 
3318.000000	95.884461 
3317.000000	95.887508 
3316.000000	95.890514 
3315.000000	95.893490 
3314.000000	95.896449 
3313.000000	95.899407 
3312.000000	95.902381 
3311.000000	95.905385 
3310.000000	95.908422 
3309.000000	95.911486 
3308.000000	95.914563 
3307.000000	95.917638 
3306.000000	95.920706 
3305.000000	95.923778 
3304.000000	95.926870 
3303.000000	95.929992 
3302.000000	95.933147 
3301.000000	95.936326 
3300.000000	95.939518 
3299.000000	95.942713 
3298.000000	95.945910 
3297.000000	95.949121 
3296.000000	95.952363 
3295.000000	95.955651 
3294.000000	95.958987 
3293.000000	95.962360 
3292.000000	95.965753 
3291.000000	95.969151 
3290.000000	95.972548 
3289.000000	95.975945 
3288.000000	95.979347 
3287.000000	95.982766 
3286.000000	95.986203 
3285.000000	95.989648 
3284.000000	95.993081 
3283.000000	95.996492 
3282.000000	95.999902 
3281.000000	96.003360 
3280.000000	96.006891 
3279.000000	96.010466 
3278.000000	96.014042 
3277.000000	96.017611 
3276.000000	96.021206 
3275.000000	96.024847 
3274.000000	96.028530 
3273.000000	96.032244 
3272.000000	96.035989 
3271.000000	96.039760 
3270.000000	96.043524 
3269.000000	96.047238 
3268.000000	96.050877 
3267.000000	96.054466 
3266.000000	96.058075 
3265.000000	96.061770 
3264.000000	96.065569 
3263.000000	96.069432 
3262.000000	96.073276 
3261.000000	96.077044 
3260.000000	96.080741 
3259.000000	96.084428 
3258.000000	96.088159 
3257.000000	96.091963 
3256.000000	96.095849 
3255.000000	96.099798 
3254.000000	96.103750 
3253.000000	96.107637 
3252.000000	96.111448 
3251.000000	96.115251 
3250.000000	96.119126 
3249.000000	96.123066 
3248.000000	96.126989 
3247.000000	96.130829 
3246.000000	96.134614 
3245.000000	96.138428 
3244.000000	96.142324 
3243.000000	96.146283 
3242.000000	96.150257 
3241.000000	96.154206 
3240.000000	96.158112 
3239.000000	96.162001 
3238.000000	96.165962 
3237.000000	96.170099 
3236.000000	96.174438 
3235.000000	96.178888 
3234.000000	96.183288 
3233.000000	96.187509 
3232.000000	96.191513 
3231.000000	96.195363 
3230.000000	96.199214 
3229.000000	96.203202 
3228.000000	96.207372 
3227.000000	96.211711 
3226.000000	96.216247 
3225.000000	96.220995 
3224.000000	96.225828 
3223.000000	96.230503 
3222.000000	96.234875 
3221.000000	96.239049 
3220.000000	96.243278 
3219.000000	96.247690 
3218.000000	96.252213 
3217.000000	96.256704 
3216.000000	96.261090 
3215.000000	96.265404 
3214.000000	96.269753 
3213.000000	96.274243 
3212.000000	96.278885 
3211.000000	96.283585 
3210.000000	96.288229 
3209.000000	96.292795 
3208.000000	96.297358 
3207.000000	96.301986 
3206.000000	96.306665 
3205.000000	96.311346 
3204.000000	96.316039 
3203.000000	96.320830 
3202.000000	96.325792 
3201.000000	96.330880 
3200.000000	96.335916 
3199.000000	96.340736 
3198.000000	96.345347 
3197.000000	96.349927 
3196.000000	96.354649 
3195.000000	96.359518 
3194.000000	96.364440 
3193.000000	96.369382 
3192.000000	96.374391 
3191.000000	96.379417 
3190.000000	96.384245 
3189.000000	96.388737 
3188.000000	96.393051 
3187.000000	96.397563 
3186.000000	96.402524 
3185.000000	96.407879 
3184.000000	96.413299 
3183.000000	96.418478 
3182.000000	96.423421 
3181.000000	96.428360 
3180.000000	96.433373 
3179.000000	96.438209 
3178.000000	96.442667 
3177.000000	96.446947 
3176.000000	96.451468 
3175.000000	96.456409 
3174.000000	96.461681 
3173.000000	96.467207 
3172.000000	96.472942 
3171.000000	96.478603 
3170.000000	96.483714 
3169.000000	96.488053 
3168.000000	96.491812 
3167.000000	96.495371 
3166.000000	96.499078 
3165.000000	96.503142 
3164.000000	96.507536 
3163.000000	96.511971 
3162.000000	96.516191 
3161.000000	96.520342 
3160.000000	96.524814 
3159.000000	96.529724 
3158.000000	96.534814 
3157.000000	96.539882 
3156.000000	96.544991 
3155.000000	96.550134 
3154.000000	96.555019 
3153.000000	96.559421 
3152.000000	96.563529 
3151.000000	96.567687 
3150.000000	96.571923 
3149.000000	96.575937 
3148.000000	96.579524 
3147.000000	96.582895 
3146.000000	96.586583 
3145.000000	96.590997 
3144.000000	96.596076 
3143.000000	96.601252 
3142.000000	96.605881 
3141.000000	96.609824 
3140.000000	96.613505 
3139.000000	96.617479 
3138.000000	96.621885 
3137.000000	96.626386 
3136.000000	96.630559 
3135.000000	96.634307 
3134.000000	96.637902 
3133.000000	96.641682 
3132.000000	96.645678 
3131.000000	96.649632 
3130.000000	96.653440 
3129.000000	96.657438 
3128.000000	96.662060 
3127.000000	96.667317 
3126.000000	96.672707 
3125.000000	96.677663 
3124.000000	96.682010 
3123.000000	96.685915 
3122.000000	96.689584 
3121.000000	96.693093 
3120.000000	96.696484 
3119.000000	96.699875 
3118.000000	96.703431 
3117.000000	96.707228 
3116.000000	96.711142 
3115.000000	96.714914 
3114.000000	96.718430 
3113.000000	96.721929 
3112.000000	96.725823 
3111.000000	96.730260 
3110.000000	96.734879 
3109.000000	96.739060 
3108.000000	96.742462 
3107.000000	96.745279 
3106.000000	96.748060 
3105.000000	96.751219 
3104.000000	96.754712 
3103.000000	96.758246 
3102.000000	96.761665 
3101.000000	96.765025 
3100.000000	96.768308 
3099.000000	96.771373 
3098.000000	96.774343 
3097.000000	96.777761 
3096.000000	96.782005 
3095.000000	96.786703 
3094.000000	96.791007 
3093.000000	96.794479 
3092.000000	96.797399 
3091.000000	96.800209 
3090.000000	96.803042 
3089.000000	96.805884 
3088.000000	96.808825 
3087.000000	96.811973 
3086.000000	96.815310 
3085.000000	96.818700 
3084.000000	96.821966 
3083.000000	96.824935 
3082.000000	96.827628 
3081.000000	96.830451 
3080.000000	96.833874 
3079.000000	96.837754 
3078.000000	96.841331 
3077.000000	96.844206 
3076.000000	96.846851 
3075.000000	96.849783 
3074.000000	96.852739 
3073.000000	96.855251 
3072.000000	96.857561 
3071.000000	96.860243 
3070.000000	96.863191 
3069.000000	96.865748 
3068.000000	96.867741 
3067.000000	96.869677 
3066.000000	96.871890 
3065.000000	96.874110 
3064.000000	96.875939 
3063.000000	96.877248 
3062.000000	96.878110 
3061.000000	96.878817 
3060.000000	96.879993 
3059.000000	96.882261 
3058.000000	96.885701 
3057.000000	96.889843 
3056.000000	96.894001 
3055.000000	96.897328 
3054.000000	96.898947 
3053.000000	96.898805 
3052.000000	96.898436 
3051.000000	96.900017 
3050.000000	96.904270 
3049.000000	96.909662 
3048.000000	96.913867 
3047.000000	96.915835 
3046.000000	96.916139 
3045.000000	96.916056 
3044.000000	96.916757 
3043.000000	96.918981 
3042.000000	96.922630 
3041.000000	96.926409 
3040.000000	96.928413 
3039.000000	96.927637 
3038.000000	96.924857 
3037.000000	96.922017 
3036.000000	96.920594 
3035.000000	96.920603 
3034.000000	96.921127 
3033.000000	96.921420 
3032.000000	96.921361 
3031.000000	96.921196 
3030.000000	96.921304 
3029.000000	96.922099 
3028.000000	96.923506 
3027.000000	96.924437 
3026.000000	96.923468 
3025.000000	96.920464 
3024.000000	96.917122 
3023.000000	96.915334 
3022.000000	96.915351 
3021.000000	96.916130 
3020.000000	96.916958 
3019.000000	96.917850 
3018.000000	96.918526 
3017.000000	96.918030 
3016.000000	96.915779 
3015.000000	96.912414 
3014.000000	96.909379 
3013.000000	96.907880 
3012.000000	96.908180 
3011.000000	96.909327 
3010.000000	96.909541 
3009.000000	96.907456 
3008.000000	96.903229 
3007.000000	96.898345 
3006.000000	96.894303 
3005.000000	96.891730 
3004.000000	96.890464 
3003.000000	96.889995 
3002.000000	96.890037 
3001.000000	96.891042 
3000.000000	96.893708 
2999.000000	96.897318 
2998.000000	96.899145 
2997.000000	96.896730 
2996.000000	96.890746 
2995.000000	96.884633 
2994.000000	96.881066 
2993.000000	96.879750 
2992.000000	96.878799 
2991.000000	96.877013 
2990.000000	96.874241 
2989.000000	96.870694 
2988.000000	96.867154 
2987.000000	96.865337 
2986.000000	96.866928 
2985.000000	96.872166 
2984.000000	96.879694 
2983.000000	96.887570 
2982.000000	96.894242 
2981.000000	96.898924 
2980.000000	96.901463 
2979.000000	96.901913 
2978.000000	96.900341 
2977.000000	96.897368 
2976.000000	96.894747 
2975.000000	96.894533 
2974.000000	96.897355 
2973.000000	96.902074 
2972.000000	96.907356 
2971.000000	96.912902 
2970.000000	96.918666 
2969.000000	96.923774 
2968.000000	96.927172 
2967.000000	96.929012 
2966.000000	96.930612 
2965.000000	96.933118 
2964.000000	96.936738 
2963.000000	96.941062 
2962.000000	96.945563 
2961.000000	96.949852 
2960.000000	96.953903 
2959.000000	96.958096 
2958.000000	96.962779 
2957.000000	96.967845 
2956.000000	96.972866 
2955.000000	96.977349 
2954.000000	96.980832 
2953.000000	96.983272 
2952.000000	96.985634 
2951.000000	96.989535 
2950.000000	96.995561 
2949.000000	97.002136 
2948.000000	97.006776 
2947.000000	97.008432 
2946.000000	97.008222 
2945.000000	97.008146 
2944.000000	97.009450 
2943.000000	97.012061 
2942.000000	97.014883 
2941.000000	97.016497 
2940.000000	97.016245 
2939.000000	97.015053 
2938.000000	97.014837 
2937.000000	97.016708 
2936.000000	97.019996 
2935.000000	97.023175 
2934.000000	97.025374 
2933.000000	97.026697 
2932.000000	97.027462 
2931.000000	97.027797 
2930.000000	97.028058 
2929.000000	97.029087 
2928.000000	97.031536 
2927.000000	97.034946 
2926.000000	97.037846 
2925.000000	97.039144 
2924.000000	97.039299 
2923.000000	97.039857 
2922.000000	97.041733 
2921.000000	97.044294 
2920.000000	97.046372 
2919.000000	97.047850 
2918.000000	97.049660 
2917.000000	97.052189 
2916.000000	97.054379 
2915.000000	97.054904 
2914.000000	97.053924 
2913.000000	97.053178 
2912.000000	97.054185 
2911.000000	97.056766 
2910.000000	97.059463 
2909.000000	97.061180 
2908.000000	97.062190 
2907.000000	97.063542 
2906.000000	97.065777 
2905.000000	97.068306 
2904.000000	97.069998 
2903.000000	97.070318 
2902.000000	97.070232 
2901.000000	97.071343 
2900.000000	97.074316 
2899.000000	97.078314 
2898.000000	97.081936 
2897.000000	97.084723 
2896.000000	97.087203 
2895.000000	97.089743 
2894.000000	97.092105 
2893.000000	97.094308 
2892.000000	97.097135 
2891.000000	97.101156 
2890.000000	97.105704 
2889.000000	97.109550 
2888.000000	97.112412 
2887.000000	97.115003 
2886.000000	97.117606 
2885.000000	97.119558 
2884.000000	97.120649 
2883.000000	97.122185 
2882.000000	97.125690 
2881.000000	97.131040 
2880.000000	97.136763 
2879.000000	97.142026 
2878.000000	97.147308 
2877.000000	97.152882 
2876.000000	97.157822 
2875.000000	97.161237 
2874.000000	97.163622 
2873.000000	97.166156 
2872.000000	97.169079 
2871.000000	97.171703 
2870.000000	97.173776 
2869.000000	97.175866 
2868.000000	97.178368 
2867.000000	97.180912 
2866.000000	97.183053 
2865.000000	97.184974 
2864.000000	97.187283 
2863.000000	97.190521 
2862.000000	97.194958 
2861.000000	97.200390 
2860.000000	97.205868 
2859.000000	97.210245 
2858.000000	97.213305 
2857.000000	97.216042 
2856.000000	97.219613 
2855.000000	97.224096 
2854.000000	97.228528 
2853.000000	97.231996 
2852.000000	97.234393 
2851.000000	97.236282 
2850.000000	97.238372 
2849.000000	97.241053 
2848.000000	97.244217 
2847.000000	97.247455 
2846.000000	97.250517 
2845.000000	97.253475 
2844.000000	97.256381 
2843.000000	97.259081 
2842.000000	97.261636 
2841.000000	97.264582 
2840.000000	97.268265 
2839.000000	97.272026 
2838.000000	97.274659 
2837.000000	97.275756 
2836.000000	97.276198 
2835.000000	97.277267 
2834.000000	97.279492 
2833.000000	97.282570 
2832.000000	97.285949 
2831.000000	97.289187 
2830.000000	97.291963 
2829.000000	97.294101 
2828.000000	97.295714 
2827.000000	97.297286 
2826.000000	97.299580 
2825.000000	97.303242 
2824.000000	97.308126 
2823.000000	97.312923 
2822.000000	97.315965 
2821.000000	97.316662 
2820.000000	97.315986 
2819.000000	97.315550 
2818.000000	97.316158 
2817.000000	97.317453 
2816.000000	97.318710 
2815.000000	97.319604 
2814.000000	97.320256 
2813.000000	97.320794 
2812.000000	97.321088 
2811.000000	97.320962 
2810.000000	97.320670 
2809.000000	97.320960 
2808.000000	97.322463 
2807.000000	97.325110 
2806.000000	97.328291 
2805.000000	97.331464 
2804.000000	97.334422 
2803.000000	97.337055 
2802.000000	97.339248 
2801.000000	97.341109 
2800.000000	97.342933 
2799.000000	97.344767 
2798.000000	97.346261 
2797.000000	97.347140 
2796.000000	97.347656 
2795.000000	97.348381 
2794.000000	97.349655 
2793.000000	97.351386 
2792.000000	97.353308 
2791.000000	97.355210 
2790.000000	97.356935 
2789.000000	97.358351 
2788.000000	97.359456 
2787.000000	97.360499 
2786.000000	97.361841 
2785.000000	97.363617 
2784.000000	97.365567 
2783.000000	97.367296 
2782.000000	97.368684 
2781.000000	97.369962 
2780.000000	97.371400 
2779.000000	97.373044 
2778.000000	97.374769 
2777.000000	97.376426 
2776.000000	97.377932 
2775.000000	97.379298 
2774.000000	97.380605 
2773.000000	97.381933 
2772.000000	97.383303 
2771.000000	97.384690 
2770.000000	97.386084 
2769.000000	97.387507 
2768.000000	97.388961 
2767.000000	97.390390 
2766.000000	97.391729 
2765.000000	97.392974 
2764.000000	97.394195 
2763.000000	97.395449 
2762.000000	97.396707 
2761.000000	97.397883 
2760.000000	97.398946 
2759.000000	97.399968 
2758.000000	97.401061 
2757.000000	97.402254 
2756.000000	97.403449 
2755.000000	97.404516 
2754.000000	97.405438 
2753.000000	97.406330 
2752.000000	97.407309 
2751.000000	97.408369 
2750.000000	97.409438 
2749.000000	97.410501 
2748.000000	97.411576 
2747.000000	97.412567 
2746.000000	97.413309 
2745.000000	97.413788 
2744.000000	97.414212 
2743.000000	97.414812 
2742.000000	97.415613 
2741.000000	97.416470 
2740.000000	97.417250 
2739.000000	97.417943 
2738.000000	97.418595 
2737.000000	97.419240 
2736.000000	97.419915 
2735.000000	97.420666 
2734.000000	97.421483 
2733.000000	97.422309 
2732.000000	97.423120 
2731.000000	97.423948 
2730.000000	97.424821 
2729.000000	97.425712 
2728.000000	97.426547 
2727.000000	97.427275 
2726.000000	97.427909 
2725.000000	97.428518 
2724.000000	97.429173 
2723.000000	97.429885 
2722.000000	97.430616 
2721.000000	97.431330 
2720.000000	97.432031 
2719.000000	97.432740 
2718.000000	97.433457 
2717.000000	97.434159 
2716.000000	97.434835 
2715.000000	97.435495 
2714.000000	97.436163 
2713.000000	97.436846 
2712.000000	97.437535 
2711.000000	97.438222 
2710.000000	97.438907 
2709.000000	97.439599 
2708.000000	97.440299 
2707.000000	97.441007 
2706.000000	97.441723 
2705.000000	97.442452 
2704.000000	97.443195 
2703.000000	97.443945 
2702.000000	97.444693 
2701.000000	97.445438 
2700.000000	97.446193 
2699.000000	97.446963 
2698.000000	97.447742 
2697.000000	97.448501 
2696.000000	97.449210 
2695.000000	97.449862 
2694.000000	97.450473 
2693.000000	97.451073 
2692.000000	97.451677 
2691.000000	97.452285 
2690.000000	97.452880 
2689.000000	97.453443 
2688.000000	97.453965 
2687.000000	97.454447 
2686.000000	97.454900 
2685.000000	97.455357 
2684.000000	97.455860 
2683.000000	97.456420 
2682.000000	97.456979 
2681.000000	97.457460 
2680.000000	97.457856 
2679.000000	97.458247 
2678.000000	97.458709 
2677.000000	97.459239 
2676.000000	97.459785 
2675.000000	97.460270 
2674.000000	97.460581 
2673.000000	97.460676 
2672.000000	97.460735 
2671.000000	97.461018 
2670.000000	97.461533 
2669.000000	97.462041 
2668.000000	97.462405 
2667.000000	97.462706 
2666.000000	97.462913 
2665.000000	97.462756 
2664.000000	97.462145 
2663.000000	97.461521 
2662.000000	97.461509 
2661.000000	97.462240 
2660.000000	97.463155 
2659.000000	97.463515 
2658.000000	97.463055 
2657.000000	97.462129 
2656.000000	97.461367 
2655.000000	97.461113 
2654.000000	97.461160 
2653.000000	97.461051 
2652.000000	97.460685 
2651.000000	97.460471 
2650.000000	97.460799 
2649.000000	97.461511 
2648.000000	97.462101 
2647.000000	97.462270 
2646.000000	97.461965 
2645.000000	97.461047 
2644.000000	97.459388 
2643.000000	97.457376 
2642.000000	97.455866 
2641.000000	97.455294 
2640.000000	97.455122 
2639.000000	97.454544 
2638.000000	97.453664 
2637.000000	97.453474 
2636.000000	97.454686 
2635.000000	97.457067 
2634.000000	97.459716 
2633.000000	97.461700 
2632.000000	97.462454 
2631.000000	97.461882 
2630.000000	97.460508 
2629.000000	97.459274 
2628.000000	97.458843 
2627.000000	97.459172 
2626.000000	97.459886 
2625.000000	97.460830 
2624.000000	97.462009 
2623.000000	97.463170 
2622.000000	97.463822 
2621.000000	97.463666 
2620.000000	97.462754 
2619.000000	97.461268 
2618.000000	97.459468 
2617.000000	97.457866 
2616.000000	97.457071 
2615.000000	97.457220 
2614.000000	97.457735 
2613.000000	97.457829 
2612.000000	97.457298 
2611.000000	97.456805 
2610.000000	97.457324 
2609.000000	97.459208 
2608.000000	97.461697 
2607.000000	97.463505 
2606.000000	97.464085 
2605.000000	97.464118 
2604.000000	97.464603 
2603.000000	97.465660 
2602.000000	97.466617 
2601.000000	97.467060 
2600.000000	97.467238 
2599.000000	97.467448 
2598.000000	97.467566 
2597.000000	97.467253 
2596.000000	97.466170 
2595.000000	97.463952 
2594.000000	97.460588 
2593.000000	97.457181 
2592.000000	97.455604 
2591.000000	97.456751 
2590.000000	97.459545 
2589.000000	97.461931 
2588.000000	97.463117 
2587.000000	97.464088 
2586.000000	97.465939 
2585.000000	97.468488 
2584.000000	97.470631 
2583.000000	97.471553 
2582.000000	97.471277 
2581.000000	97.470366 
2580.000000	97.469501 
2579.000000	97.469277 
2578.000000	97.470089 
2577.000000	97.471960 
2576.000000	97.474373 
2575.000000	97.476389 
2574.000000	97.477228 
2573.000000	97.476897 
2572.000000	97.476169 
2571.000000	97.475750 
2570.000000	97.475575 
2569.000000	97.475191 
2568.000000	97.474740 
2567.000000	97.475061 
2566.000000	97.476627 
2565.000000	97.478777 
2564.000000	97.480308 
2563.000000	97.480665 
2562.000000	97.480329 
2561.000000	97.480265 
2560.000000	97.481308 
2559.000000	97.483797 
2558.000000	97.487231 
2557.000000	97.490292 
2556.000000	97.491866 
2555.000000	97.492190 
2554.000000	97.492570 
2553.000000	97.493614 
2552.000000	97.494383 
2551.000000	97.494006 
2550.000000	97.493304 
2549.000000	97.493778 
2548.000000	97.495305 
2547.000000	97.496083 
2546.000000	97.495062 
2545.000000	97.493300 
2544.000000	97.492419 
2543.000000	97.492427 
2542.000000	97.492071 
2541.000000	97.490839 
2540.000000	97.489599 
2539.000000	97.489288 
2538.000000	97.489788 
2537.000000	97.490405 
2536.000000	97.490826 
2535.000000	97.491236 
2534.000000	97.491742 
2533.000000	97.492080 
2532.000000	97.491931 
2531.000000	97.491364 
2530.000000	97.490811 
2529.000000	97.490590 
2528.000000	97.490589 
2527.000000	97.490566 
2526.000000	97.490650 
2525.000000	97.491267 
2524.000000	97.492538 
2523.000000	97.494022 
2522.000000	97.495113 
2521.000000	97.495598 
2520.000000	97.495687 
2519.000000	97.495701 
2518.000000	97.495808 
2517.000000	97.495993 
2516.000000	97.496161 
2515.000000	97.496259 
2514.000000	97.496396 
2513.000000	97.496794 
2512.000000	97.497540 
2511.000000	97.498489 
2510.000000	97.499395 
2509.000000	97.500137 
2508.000000	97.500752 
2507.000000	97.501316 
2506.000000	97.501900 
2505.000000	97.502589 
2504.000000	97.503446 
2503.000000	97.504448 
2502.000000	97.505460 
2501.000000	97.506342 
2500.000000	97.507068 
2499.000000	97.507735 
2498.000000	97.508487 
2497.000000	97.509388 
2496.000000	97.510400 
2495.000000	97.511423 
2494.000000	97.512349 
2493.000000	97.513110 
2492.000000	97.513731 
2491.000000	97.514360 
2490.000000	97.515156 
2489.000000	97.516117 
2488.000000	97.517012 
2487.000000	97.517605 
2486.000000	97.517938 
2485.000000	97.518356 
2484.000000	97.519164 
2483.000000	97.520299 
2482.000000	97.521382 
2481.000000	97.522105 
2480.000000	97.522488 
2479.000000	97.522799 
2478.000000	97.523337 
2477.000000	97.524263 
2476.000000	97.525399 
2475.000000	97.526180 
2474.000000	97.526084 
2473.000000	97.525190 
2472.000000	97.524170 
2471.000000	97.523627 
2470.000000	97.523635 
2469.000000	97.523917 
2468.000000	97.524168 
2467.000000	97.524109 
2466.000000	97.523511 
2465.000000	97.522439 
2464.000000	97.521403 
2463.000000	97.521051 
2462.000000	97.521703 
2461.000000	97.523167 
2460.000000	97.524859 
2459.000000	97.526074 
2458.000000	97.526217 
2457.000000	97.525017 
2456.000000	97.522710 
2455.000000	97.520125 
2454.000000	97.518387 
2453.000000	97.518060 
2452.000000	97.518570 
2451.000000	97.518697 
2450.000000	97.518025 
2449.000000	97.517467 
2448.000000	97.517947 
2447.000000	97.519068 
2446.000000	97.519619 
2445.000000	97.519190 
2444.000000	97.518518 
2443.000000	97.518308 
2442.000000	97.518445 
2441.000000	97.518518 
2440.000000	97.518545 
2439.000000	97.518925 
2438.000000	97.519996 
2437.000000	97.521804 
2436.000000	97.523977 
2435.000000	97.525739 
2434.000000	97.526452 
2433.000000	97.526198 
2432.000000	97.525675 
2431.000000	97.525512 
2430.000000	97.525892 
2429.000000	97.526736 
2428.000000	97.527778 
2427.000000	97.528472 
2426.000000	97.528263 
2425.000000	97.527086 
2424.000000	97.525504 
2423.000000	97.524300 
2422.000000	97.523962 
2421.000000	97.524598 
2420.000000	97.526055 
2419.000000	97.527857 
2418.000000	97.529242 
2417.000000	97.529869 
2416.000000	97.530370 
2415.000000	97.531587 
2414.000000	97.533440 
2413.000000	97.535464 
2412.000000	97.537743 
2411.000000	97.540017 
2410.000000	97.540865 
2409.000000	97.539430 
2408.000000	97.537319 
2407.000000	97.537058 
2406.000000	97.538891 
2405.000000	97.540550 
2404.000000	97.540048 
2403.000000	97.537533 
2402.000000	97.534639 
2401.000000	97.533276 
2400.000000	97.534799 
2399.000000	97.539091 
2398.000000	97.544335 
2397.000000	97.548611 
2396.000000	97.551487 
2395.000000	97.553267 
2394.000000	97.553417 
2393.000000	97.551309 
2392.000000	97.548186 
2391.000000	97.546583 
2390.000000	97.547383 
2389.000000	97.548631 
2388.000000	97.547536 
2387.000000	97.542694 
2386.000000	97.534503 
2385.000000	97.524892 
2384.000000	97.516982 
2383.000000	97.513633 
2382.000000	97.515887 
2381.000000	97.523501 
2380.000000	97.536790 
2379.000000	97.556219 
2378.000000	97.578996 
2377.000000	97.597802 
2376.000000	97.605511 
2375.000000	97.600804 
2374.000000	97.588111 
2373.000000	97.572621 
2372.000000	97.556839 
2371.000000	97.542509 
2370.000000	97.532779 
2369.000000	97.529811 
2368.000000	97.531151 
2367.000000	97.531114 
2366.000000	97.526875 
2365.000000	97.521557 
2364.000000	97.519528 
2363.000000	97.520118 
2362.000000	97.519759 
2361.000000	97.517697 
2360.000000	97.514377 
2359.000000	97.509724 
2358.000000	97.504139 
2357.000000	97.500745 
2356.000000	97.501643 
2355.000000	97.503313 
2354.000000	97.502335 
2353.000000	97.498138 
2352.000000	97.493204 
2351.000000	97.489521 
2350.000000	97.485959 
2349.000000	97.482384 
2348.000000	97.479181 
2347.000000	97.477253 
2346.000000	97.473264 
2345.000000	97.463828 
2344.000000	97.452505 
2343.000000	97.444798 
2342.000000	97.446307 
2341.000000	97.457267 
2340.000000	97.472287 
2339.000000	97.482937 
2338.000000	97.485131 
2337.000000	97.481535 
2336.000000	97.477083 
2335.000000	97.472930 
2334.000000	97.467972 
2333.000000	97.460629 
2332.000000	97.451280 
2331.000000	97.441105 
2330.000000	97.429071 
2329.000000	97.415068 
2328.000000	97.398264 
2327.000000	97.382206 
2326.000000	97.370174 
2325.000000	97.363232 
2324.000000	97.361994 
2323.000000	97.365136 
2322.000000	97.371300 
2321.000000	97.375503 
2320.000000	97.376452 
2319.000000	97.377767 
2318.000000	97.383946 
2317.000000	97.393988 
2316.000000	97.402368 
2315.000000	97.405420 
2314.000000	97.402944 
2313.000000	97.397292 
2312.000000	97.390536 
2311.000000	97.385068 
2310.000000	97.381714 
2309.000000	97.379228 
2308.000000	97.376133 
2307.000000	97.373772 
2306.000000	97.374764 
2305.000000	97.378482 
2304.000000	97.381704 
2303.000000	97.383069 
2302.000000	97.385493 
2301.000000	97.391908 
2300.000000	97.400650 
2299.000000	97.406614 
2298.000000	97.406228 
2297.000000	97.401557 
2296.000000	97.397853 
2295.000000	97.399440 
2294.000000	97.406244 
2293.000000	97.415219 
2292.000000	97.423269 
2291.000000	97.429541 
2290.000000	97.435120 
2289.000000	97.441333 
2288.000000	97.448648 
2287.000000	97.456446 
2286.000000	97.463906 
2285.000000	97.470746 
2284.000000	97.477308 
2283.000000	97.483248 
2282.000000	97.487207 
2281.000000	97.487825 
2280.000000	97.485132 
2279.000000	97.480368 
2278.000000	97.475408 
2277.000000	97.472620 
2276.000000	97.474198 
2275.000000	97.480422 
2274.000000	97.488829 
2273.000000	97.496469 
2272.000000	97.502531 
2271.000000	97.507746 
2270.000000	97.511897 
2269.000000	97.513914 
2268.000000	97.514126 
2267.000000	97.514307 
2266.000000	97.515041 
2265.000000	97.515090 
2264.000000	97.513738 
2263.000000	97.511929 
2262.000000	97.510352 
2261.000000	97.508203 
2260.000000	97.504897 
2259.000000	97.501511 
2258.000000	97.499747 
2257.000000	97.500281 
2256.000000	97.503003 
2255.000000	97.507591 
2254.000000	97.512883 
2253.000000	97.516623 
2252.000000	97.517129 
2251.000000	97.514796 
2250.000000	97.511373 
2249.000000	97.508364 
2248.000000	97.506615 
2247.000000	97.506724 
2246.000000	97.508596 
2245.000000	97.510771 
2244.000000	97.511380 
2243.000000	97.510038 
2242.000000	97.508127 
2241.000000	97.507370 
2240.000000	97.508259 
2239.000000	97.510144 
2238.000000	97.512072 
2237.000000	97.513492 
2236.000000	97.514378 
2235.000000	97.514977 
2234.000000	97.515543 
2233.000000	97.516171 
2232.000000	97.516879 
2231.000000	97.517703 
2230.000000	97.518578 
2229.000000	97.519252 
2228.000000	97.519561 
2227.000000	97.519690 
2226.000000	97.519990 
2225.000000	97.520582 
2224.000000	97.521317 
2223.000000	97.522066 
2222.000000	97.522908 
2221.000000	97.523946 
2220.000000	97.525108 
2219.000000	97.526281 
2218.000000	97.527438 
2217.000000	97.528613 
2216.000000	97.529812 
2215.000000	97.531022 
2214.000000	97.532235 
2213.000000	97.533438 
2212.000000	97.534644 
2211.000000	97.535885 
2210.000000	97.537190 
2209.000000	97.538564 
2208.000000	97.539982 
2207.000000	97.541403 
2206.000000	97.542798 
2205.000000	97.544155 
2204.000000	97.545476 
2203.000000	97.546767 
2202.000000	97.548036 
2201.000000	97.549291 
2200.000000	97.550537 
2199.000000	97.551770 
2198.000000	97.552993 
2197.000000	97.554216 
2196.000000	97.555454 
2195.000000	97.556707 
2194.000000	97.557968 
2193.000000	97.559225 
2192.000000	97.560473 
2191.000000	97.561709 
2190.000000	97.562925 
2189.000000	97.564126 
2188.000000	97.565328 
2187.000000	97.566549 
2186.000000	97.567792 
2185.000000	97.569049 
2184.000000	97.570314 
2183.000000	97.571595 
2182.000000	97.572894 
2181.000000	97.574189 
2180.000000	97.575441 
2179.000000	97.576622 
2178.000000	97.577746 
2177.000000	97.578853 
2176.000000	97.579976 
2175.000000	97.581115 
2174.000000	97.582244 
2173.000000	97.583344 
2172.000000	97.584411 
2171.000000	97.585505 
2170.000000	97.586701 
2169.000000	97.587953 
2168.000000	97.589071 
2167.000000	97.589905 
2166.000000	97.590535 
2165.000000	97.591180 
2164.000000	97.591889 
2163.000000	97.592553 
2162.000000	97.593292 
2161.000000	97.594595 
2160.000000	97.596890 
2159.000000	97.600012 
2158.000000	97.603071 
2157.000000	97.605094 
2156.000000	97.605646 
2155.000000	97.604991 
2154.000000	97.603839 
2153.000000	97.602919 
2152.000000	97.602545 
2151.000000	97.602370 
2150.000000	97.601737 
2149.000000	97.600498 
2148.000000	97.599399 
2147.000000	97.599375 
2146.000000	97.600554 
2145.000000	97.602082 
2144.000000	97.602950 
2143.000000	97.602763 
2142.000000	97.601631 
2141.000000	97.599795 
2140.000000	97.597685 
2139.000000	97.596195 
2138.000000	97.596233 
2137.000000	97.597835 
2136.000000	97.599711 
2135.000000	97.600138 
2134.000000	97.598511 
2133.000000	97.595873 
2132.000000	97.594038 
2131.000000	97.593829 
2130.000000	97.594410 
2129.000000	97.594302 
2128.000000	97.592967 
2127.000000	97.591298 
2126.000000	97.590553 
2125.000000	97.591025 
2124.000000	97.591850 
2123.000000	97.591943 
2122.000000	97.590883 
2121.000000	97.588938 
2120.000000	97.586448 
2119.000000	97.583413 
2118.000000	97.579890 
2117.000000	97.576641 
2116.000000	97.574689 
2115.000000	97.574019 
2114.000000	97.573134 
2113.000000	97.570559 
2112.000000	97.566884 
2111.000000	97.564531 
2110.000000	97.565159 
2109.000000	97.568058 
2108.000000	97.571214 
2107.000000	97.573341 
2106.000000	97.574308 
2105.000000	97.574519 
2104.000000	97.574770 
2103.000000	97.575976 
2102.000000	97.578018 
2101.000000	97.579186 
2100.000000	97.577853 
2099.000000	97.574635 
2098.000000	97.572247 
2097.000000	97.572712 
2096.000000	97.575616 
2095.000000	97.579044 
2094.000000	97.581540 
2093.000000	97.582794 
2092.000000	97.582847 
2091.000000	97.581911 
2090.000000	97.580798 
2089.000000	97.580667 
2088.000000	97.581921 
2087.000000	97.583594 
2086.000000	97.584223 
2085.000000	97.583325 
2084.000000	97.581747 
2083.000000	97.580672 
2082.000000	97.580450 
2081.000000	97.580645 
2080.000000	97.580939 
2079.000000	97.581543 
2078.000000	97.582628 
2077.000000	97.583784 
2076.000000	97.584448 
2075.000000	97.584704 
2074.000000	97.585167 
2073.000000	97.586058 
2072.000000	97.586911 
2071.000000	97.587274 
2070.000000	97.587367 
2069.000000	97.587844 
2068.000000	97.589053 
2067.000000	97.590802 
2066.000000	97.592644 
2065.000000	97.594144 
2064.000000	97.595023 
2063.000000	97.595400 
2062.000000	97.595947 
2061.000000	97.597468 
2060.000000	97.600167 
2059.000000	97.603581 
2058.000000	97.606956 
2057.000000	97.609684 
2056.000000	97.611436 
2055.000000	97.612154 
2054.000000	97.612352 
2053.000000	97.613041 
2052.000000	97.614852 
2051.000000	97.617396 
2050.000000	97.619734 
2049.000000	97.621451 
2048.000000	97.623052 
2047.000000	97.625228 
2046.000000	97.628051 
2045.000000	97.631029 
2044.000000	97.633751 
2043.000000	97.636253 
2042.000000	97.638810 
2041.000000	97.641649 
2040.000000	97.644834 
2039.000000	97.648305 
2038.000000	97.651837 
2037.000000	97.655009 
2036.000000	97.657406 
2035.000000	97.658994 
2034.000000	97.660370 
2033.000000	97.662450 
2032.000000	97.665634 
2031.000000	97.669213 
2030.000000	97.671775 
2029.000000	97.672508 
2028.000000	97.671913 
2027.000000	97.671268 
2026.000000	97.671343 
2025.000000	97.672103 
2024.000000	97.673380 
2023.000000	97.675420 
2022.000000	97.678556 
2021.000000	97.682358 
2020.000000	97.685367 
2019.000000	97.686129 
2018.000000	97.684372 
2017.000000	97.681412 
2016.000000	97.679291 
2015.000000	97.678967 
2014.000000	97.679668 
2013.000000	97.679759 
2012.000000	97.678582 
2011.000000	97.677395 
2010.000000	97.678057 
2009.000000	97.680881 
2008.000000	97.684107 
2007.000000	97.685762 
2006.000000	97.685655 
2005.000000	97.684842 
2004.000000	97.683913 
2003.000000	97.682808 
2002.000000	97.681859 
2001.000000	97.681615 
2000.000000	97.681538 
1999.000000	97.679991 
1998.000000	97.676071 
1997.000000	97.670838 
1996.000000	97.666503 
1995.000000	97.664448 
1994.000000	97.664359 
1993.000000	97.664831 
1992.000000	97.664609 
1991.000000	97.663692 
1990.000000	97.663249 
1989.000000	97.664209 
1988.000000	97.666106 
1987.000000	97.667423 
1986.000000	97.667113 
1985.000000	97.665523 
1984.000000	97.663829 
1983.000000	97.662869 
1982.000000	97.662618 
1981.000000	97.662656 
1980.000000	97.662746 
1979.000000	97.662899 
1978.000000	97.663084 
1977.000000	97.663108 
1976.000000	97.662791 
1975.000000	97.662189 
1974.000000	97.661569 
1973.000000	97.661155 
1972.000000	97.660899 
1971.000000	97.660539 
1970.000000	97.659870 
1969.000000	97.658910 
1968.000000	97.657810 
1967.000000	97.656733 
1966.000000	97.655792 
1965.000000	97.654992 
1964.000000	97.654267 
1963.000000	97.653565 
1962.000000	97.652850 
1961.000000	97.652077 
1960.000000	97.651217 
1959.000000	97.650273 
1958.000000	97.649280 
1957.000000	97.648292 
1956.000000	97.647345 
1955.000000	97.646430 
1954.000000	97.645499 
1953.000000	97.644498 
1952.000000	97.643404 
1951.000000	97.642228 
1950.000000	97.641001 
1949.000000	97.639756 
1948.000000	97.638506 
1947.000000	97.637236 
1946.000000	97.635909 
1945.000000	97.634500 
1944.000000	97.633012 
1943.000000	97.631461 
1942.000000	97.629860 
1941.000000	97.628212 
1940.000000	97.626519 
1939.000000	97.624792 
1938.000000	97.623045 
1937.000000	97.621292 
1936.000000	97.619537 
1935.000000	97.617771 
1934.000000	97.615986 
1933.000000	97.614182 
1932.000000	97.612374 
1931.000000	97.610576 
1930.000000	97.608785 
1929.000000	97.606991 
1928.000000	97.605190 
1927.000000	97.603387 
1926.000000	97.601583 
1925.000000	97.599767 
1924.000000	97.597916 
1923.000000	97.596011 
1922.000000	97.594043 
1921.000000	97.592026 
1920.000000	97.589991 
1919.000000	97.587973 
1918.000000	97.585993 
1917.000000	97.584053 
1916.000000	97.582145 
1915.000000	97.580260 
1914.000000	97.578382 
1913.000000	97.576509 
1912.000000	97.574626 
1911.000000	97.572707 
1910.000000	97.570752 
1909.000000	97.568839 
1908.000000	97.567074 
1907.000000	97.565466 
1906.000000	97.563801 
1905.000000	97.561774 
1904.000000	97.559312 
1903.000000	97.556744 
1902.000000	97.554534 
1901.000000	97.552792 
1900.000000	97.551200 
1899.000000	97.549430 
1898.000000	97.547543 
1897.000000	97.545838 
1896.000000	97.544411 
1895.000000	97.543013 
1894.000000	97.541265 
1893.000000	97.538875 
1892.000000	97.535872 
1891.000000	97.532864 
1890.000000	97.530760 
1889.000000	97.529904 
1888.000000	97.529765 
1887.000000	97.529694 
1886.000000	97.529540 
1885.000000	97.529080 
1884.000000	97.527719 
1883.000000	97.525318 
1882.000000	97.522974 
1881.000000	97.522141 
1880.000000	97.522971 
1879.000000	97.523955 
1878.000000	97.523509 
1877.000000	97.521960 
1876.000000	97.521211 
1875.000000	97.522403 
1874.000000	97.524721 
1873.000000	97.526487 
1872.000000	97.526956 
1871.000000	97.526541 
1870.000000	97.525889 
1869.000000	97.525519 
1868.000000	97.525983 
1867.000000	97.527651 
1866.000000	97.529891 
1865.000000	97.530962 
1864.000000	97.529823 
1863.000000	97.527684 
1862.000000	97.526922 
1861.000000	97.528497 
1860.000000	97.531349 
1859.000000	97.534182 
1858.000000	97.536875 
1857.000000	97.539740 
1856.000000	97.542569 
1855.000000	97.545026 
1854.000000	97.546942 
1853.000000	97.548192 
1852.000000	97.549234 
1851.000000	97.551211 
1850.000000	97.554651 
1849.000000	97.558510 
1848.000000	97.561205 
1847.000000	97.562418 
1846.000000	97.563203 
1845.000000	97.564624 
1844.000000	97.566686 
1843.000000	97.568941 
1842.000000	97.571229 
1841.000000	97.573336 
1840.000000	97.575502 
1839.000000	97.578582 
1838.000000	97.582500 
1837.000000	97.585501 
1836.000000	97.586285 
1835.000000	97.586088 
1834.000000	97.587008 
1833.000000	97.588980 
1832.000000	97.590352 
1831.000000	97.590230 
1830.000000	97.589297 
1829.000000	97.588960 
1828.000000	97.590047 
1827.000000	97.592311 
1826.000000	97.594765 
1825.000000	97.596305 
1824.000000	97.596383 
1823.000000	97.595549 
1822.000000	97.594936 
1821.000000	97.594933 
1820.000000	97.594962 
1819.000000	97.594608 
1818.000000	97.594679 
1817.000000	97.596195 
1816.000000	97.598577 
1815.000000	97.600580 
1814.000000	97.602383 
1813.000000	97.605174 
1812.000000	97.608651 
1811.000000	97.610212 
1810.000000	97.608413 
1809.000000	97.605141 
1808.000000	97.602979 
1807.000000	97.602462 
1806.000000	97.603093 
1805.000000	97.604537 
1804.000000	97.606029 
1803.000000	97.606112 
1802.000000	97.604057 
1801.000000	97.601264 
1800.000000	97.599491 
1799.000000	97.598924 
1798.000000	97.599607 
1797.000000	97.601756 
1796.000000	97.604250 
1795.000000	97.605362 
1794.000000	97.604948 
1793.000000	97.605054 
1792.000000	97.607125 
1791.000000	97.609958 
1790.000000	97.612233 
1789.000000	97.614215 
1788.000000	97.616345 
1787.000000	97.618347 
1786.000000	97.619926 
1785.000000	97.621277 
1784.000000	97.622613 
1783.000000	97.623993 
1782.000000	97.625326 
1781.000000	97.626543 
1780.000000	97.627606 
1779.000000	97.628717 
1778.000000	97.630782 
1777.000000	97.634418 
1776.000000	97.638900 
1775.000000	97.642733 
1774.000000	97.644868 
1773.000000	97.645608 
1772.000000	97.646195 
1771.000000	97.647412 
1770.000000	97.649163 
1769.000000	97.651301 
1768.000000	97.654125 
1767.000000	97.657463 
1766.000000	97.660486 
1765.000000	97.662841 
1764.000000	97.664848 
1763.000000	97.666604 
1762.000000	97.667584 
1761.000000	97.667993 
1760.000000	97.669138 
1759.000000	97.671489 
1758.000000	97.673876 
1757.000000	97.674899 
1756.000000	97.674682 
1755.000000	97.674150 
1754.000000	97.673057 
1753.000000	97.670571 
1752.000000	97.667668 
1751.000000	97.667335 
1750.000000	97.670868 
1749.000000	97.675760 
1748.000000	97.678724 
1747.000000	97.679111 
1746.000000	97.678231 
1745.000000	97.677847 
1744.000000	97.679269 
1743.000000	97.682249 
1742.000000	97.684791 
1741.000000	97.685335 
1740.000000	97.684632 
1739.000000	97.684748 
1738.000000	97.685978 
1737.000000	97.686447 
1736.000000	97.684278 
1735.000000	97.679407 
1734.000000	97.673570 
1733.000000	97.669632 
1732.000000	97.670016 
1731.000000	97.674298 
1730.000000	97.679898 
1729.000000	97.683769 
1728.000000	97.684591 
1727.000000	97.683073 
1726.000000	97.680063 
1725.000000	97.675773 
1724.000000	97.671054 
1723.000000	97.667914 
1722.000000	97.667629 
1721.000000	97.668601 
1720.000000	97.667700 
1719.000000	97.663045 
1718.000000	97.655902 
1717.000000	97.650377 
1716.000000	97.647648 
1715.000000	97.645105 
1714.000000	97.642197 
1713.000000	97.639865 
1712.000000	97.637395 
1711.000000	97.633561 
1710.000000	97.628160 
1709.000000	97.622128 
1708.000000	97.616837 
1707.000000	97.613005 
1706.000000	97.610328 
1705.000000	97.607105 
1704.000000	97.600241 
1703.000000	97.588204 
1702.000000	97.572622 
1701.000000	97.559932 
1700.000000	97.553311 
1699.000000	97.547630 
1698.000000	97.541000 
1697.000000	97.535116 
1696.000000	97.530237 
1695.000000	97.525410 
1694.000000	97.521389 
1693.000000	97.518457 
1692.000000	97.513947 
1691.000000	97.506794 
1690.000000	97.498293 
1689.000000	97.489469 
1688.000000	97.479699 
1687.000000	97.468393 
1686.000000	97.457666 
1685.000000	97.451999 
1684.000000	97.449083 
1683.000000	97.442704 
1682.000000	97.434278 
1681.000000	97.425508 
1680.000000	97.417506 
1679.000000	97.411483 
1678.000000	97.406441 
1677.000000	97.400207 
1676.000000	97.392260 
1675.000000	97.382999 
1674.000000	97.371421 
1673.000000	97.357840 
1672.000000	97.344355 
1671.000000	97.333955 
1670.000000	97.327701 
1669.000000	97.321146 
1668.000000	97.312469 
1667.000000	97.305025 
1666.000000	97.298733 
1665.000000	97.291214 
1664.000000	97.283116 
1663.000000	97.276784 
1662.000000	97.270754 
1661.000000	97.260834 
1660.000000	97.247057 
1659.000000	97.233679 
1658.000000	97.224621 
1657.000000	97.217506 
1656.000000	97.207517 
1655.000000	97.192679 
1654.000000	97.178633 
1653.000000	97.159772 
1652.000000	97.134807 
1651.000000	97.123921 
1650.000000	97.121996 
1649.000000	97.113630 
1648.000000	97.098434 
1647.000000	97.085714 
1646.000000	97.080184 
1645.000000	97.079033 
1644.000000	97.078828 
1643.000000	97.077611 
1642.000000	97.074986 
1641.000000	97.072228 
1640.000000	97.069719 
1639.000000	97.066894 
1638.000000	97.064334 
1637.000000	97.064906 
1636.000000	97.068235 
1635.000000	97.069155 
1634.000000	97.068172 
1633.000000	97.068267 
1632.000000	97.068217 
1631.000000	97.068975 
1630.000000	97.074096 
1629.000000	97.083542 
1628.000000	97.093935 
1627.000000	97.103824 
1626.000000	97.113858 
1625.000000	97.123395 
1624.000000	97.131854 
1623.000000	97.141492 
1622.000000	97.154859 
1621.000000	97.169865 
1620.000000	97.181912 
1619.000000	97.189451 
1618.000000	97.196013 
1617.000000	97.204157 
1616.000000	97.213001 
1615.000000	97.225277 
1614.000000	97.241456 
1613.000000	97.255156 
1612.000000	97.262598 
1611.000000	97.267156 
1610.000000	97.274463 
1609.000000	97.285996 
1608.000000	97.299722 
1607.000000	97.314041 
1606.000000	97.327083 
1605.000000	97.336883 
1604.000000	97.344263 
1603.000000	97.352693 
1602.000000	97.364534 
1601.000000	97.378515 
1600.000000	97.391929 
1599.000000	97.403284 
1598.000000	97.411966 
1597.000000	97.418286 
1596.000000	97.424281 
1595.000000	97.432828 
1594.000000	97.444684 
1593.000000	97.457005 
1592.000000	97.466586 
1591.000000	97.473485 
1590.000000	97.479987 
1589.000000	97.487288 
1588.000000	97.495203 
1587.000000	97.503993 
1586.000000	97.513472 
1585.000000	97.521937 
1584.000000	97.528609 
1583.000000	97.534455 
1582.000000	97.540225 
1581.000000	97.545736 
1580.000000	97.551193 
1579.000000	97.557731 
1578.000000	97.566819 
1577.000000	97.578458 
1576.000000	97.588631 
1575.000000	97.596750 
1574.000000	97.606694 
1573.000000	97.617473 
1572.000000	97.627367 
1571.000000	97.638395 
1570.000000	97.649071 
1569.000000	97.651751 
1568.000000	97.646498 
1567.000000	97.641082 
1566.000000	97.638906 
1565.000000	97.638603 
1564.000000	97.640522 
1563.000000	97.643272 
1562.000000	97.644603 
1561.000000	97.642201 
1560.000000	97.642250 
1559.000000	97.647967 
1558.000000	97.648354 
1557.000000	97.645696 
1556.000000	97.644902 
1555.000000	97.644449 
1554.000000	97.641960 
1553.000000	97.638908 
1552.000000	97.635607 
1551.000000	97.630714 
1550.000000	97.623490 
1549.000000	97.616626 
1548.000000	97.612887 
1547.000000	97.611746 
1546.000000	97.609541 
1545.000000	97.604661 
1544.000000	97.599370 
1543.000000	97.595911 
1542.000000	97.594177 
1541.000000	97.592104 
1540.000000	97.580891 
1539.000000	97.559108 
1538.000000	97.541408 
1537.000000	97.533367 
1536.000000	97.528654 
1535.000000	97.523626 
1534.000000	97.519234 
1533.000000	97.515260 
1532.000000	97.509213 
1531.000000	97.499778 
1530.000000	97.488694 
1529.000000	97.478429 
1528.000000	97.469696 
1527.000000	97.461941 
1526.000000	97.454770 
1525.000000	97.448565 
1524.000000	97.443140 
1523.000000	97.437170 
1522.000000	97.429647 
1521.000000	97.420117 
1520.000000	97.409156 
1519.000000	97.397593 
1518.000000	97.385209 
1517.000000	97.372717 
1516.000000	97.361763 
1515.000000	97.352943 
1514.000000	97.345276 
1513.000000	97.337347 
1512.000000	97.328335 
1511.000000	97.317884 
1510.000000	97.306492 
1509.000000	97.295368 
1508.000000	97.286059 
1507.000000	97.278073 
1506.000000	97.268800 
1505.000000	97.258342 
1504.000000	97.248227 
1503.000000	97.238446 
1502.000000	97.228585 
1501.000000	97.218677 
1500.000000	97.208850 
1499.000000	97.199055 
1498.000000	97.188991 
1497.000000	97.178486 
1496.000000	97.167773 
1495.000000	97.157309 
1494.000000	97.147300 
1493.000000	97.137641 
1492.000000	97.128327 
1491.000000	97.119518 
1490.000000	97.111012 
1489.000000	97.102353 
1488.000000	97.093004 
1487.000000	97.082437 
1486.000000	97.070908 
1485.000000	97.058628 
1484.000000	97.045866 
1483.000000	97.033703 
1482.000000	97.023151 
1481.000000	97.014162 
1480.000000	97.005361 
1479.000000	96.995435 
1478.000000	96.984458 
1477.000000	96.973713 
1476.000000	96.963594 
1475.000000	96.952347 
1474.000000	96.939080 
1473.000000	96.927068 
1472.000000	96.919781 
1471.000000	96.914953 
1470.000000	96.908640 
1469.000000	96.899757 
1468.000000	96.888702 
1467.000000	96.875596 
1466.000000	96.861067 
1465.000000	96.847613 
1464.000000	96.836808 
1463.000000	96.826259 
1462.000000	96.813278 
1461.000000	96.798845 
1460.000000	96.785885 
1459.000000	96.775163 
1458.000000	96.761902 
1457.000000	96.742631 
1456.000000	96.725541 
1455.000000	96.717341 
1454.000000	96.711383 
1453.000000	96.702060 
1452.000000	96.692258 
1451.000000	96.686952 
1450.000000	96.686160 
1449.000000	96.687223 
1448.000000	96.687515 
1447.000000	96.683857 
1446.000000	96.674456 
1445.000000	96.662665 
1444.000000	96.653838 
1443.000000	96.648800 
1442.000000	96.644234 
1441.000000	96.637777 
1440.000000	96.630367 
1439.000000	96.622760 
1438.000000	96.613057 
1437.000000	96.601210 
1436.000000	96.592082 
1435.000000	96.587674 
1434.000000	96.584138 
1433.000000	96.579730 
1432.000000	96.577016 
1431.000000	96.578642 
1430.000000	96.582114 
1429.000000	96.583175 
1428.000000	96.581945 
1427.000000	96.581496 
1426.000000	96.583415 
1425.000000	96.587625 
1424.000000	96.594951 
1423.000000	96.603314 
1422.000000	96.607453 
1421.000000	96.606732 
1420.000000	96.607826 
1419.000000	96.614197 
1418.000000	96.619022 
1417.000000	96.620616 
1416.000000	96.626908 
1415.000000	96.640532 
1414.000000	96.654017 
1413.000000	96.659881 
1412.000000	96.660710 
1411.000000	96.664174 
1410.000000	96.671279 
1409.000000	96.678590 
1408.000000	96.686565 
1407.000000	96.698560 
1406.000000	96.714444 
1405.000000	96.730541 
1404.000000	96.745380 
1403.000000	96.758827 
1402.000000	96.769960 
1401.000000	96.780542 
1400.000000	96.795411 
1399.000000	96.815820 
1398.000000	96.835181 
1397.000000	96.848405 
1396.000000	96.859814 
1395.000000	96.876603 
1394.000000	96.897546 
1393.000000	96.916486 
1392.000000	96.933870 
1391.000000	96.952762 
1390.000000	96.971959 
1389.000000	96.988139 
1388.000000	97.000779 
1387.000000	97.012621 
1386.000000	97.025277 
1385.000000	97.038604 
1384.000000	97.053308 
1383.000000	97.069658 
1382.000000	97.085294 
1381.000000	97.097525 
1380.000000	97.106613 
1379.000000	97.116134 
1378.000000	97.129330 
1377.000000	97.145671 
1376.000000	97.161999 
1375.000000	97.176345 
1374.000000	97.189432 
1373.000000	97.203061 
1372.000000	97.217972 
1371.000000	97.233952 
1370.000000	97.250392 
1369.000000	97.265564 
1368.000000	97.278745 
1367.000000	97.290930 
1366.000000	97.303256 
1365.000000	97.316170 
1364.000000	97.328828 
1363.000000	97.339549 
1362.000000	97.347912 
1361.000000	97.355751 
1360.000000	97.365613 
1359.000000	97.378754 
1358.000000	97.394224 
1357.000000	97.409640 
1356.000000	97.423315 
1355.000000	97.435305 
1354.000000	97.446678 
1353.000000	97.458705 
1352.000000	97.471257 
1351.000000	97.483496 
1350.000000	97.495474 
1349.000000	97.506249 
1348.000000	97.514822 
1347.000000	97.522294 
1346.000000	97.531387 
1345.000000	97.542782 
1344.000000	97.553690 
1343.000000	97.561119 
1342.000000	97.565288 
1341.000000	97.568729 
1340.000000	97.573322 
1339.000000	97.579235 
1338.000000	97.585661 
1337.000000	97.592017 
1336.000000	97.598305 
1335.000000	97.604640 
1334.000000	97.611219 
1333.000000	97.618189 
1332.000000	97.624966 
1331.000000	97.630835 
1330.000000	97.636125 
1329.000000	97.641863 
1328.000000	97.648321 
1327.000000	97.654758 
1326.000000	97.659950 
1325.000000	97.662097 
1324.000000	97.660491 
1323.000000	97.656416 
1322.000000	97.652027 
1321.000000	97.648903 
1320.000000	97.648037 
1319.000000	97.650096 
1318.000000	97.654694 
1317.000000	97.660040 
1316.000000	97.663825 
1315.000000	97.664648 
1314.000000	97.663096 
1313.000000	97.661980 
1312.000000	97.664263 
1311.000000	97.669846 
1310.000000	97.675276 
1309.000000	97.677679 
1308.000000	97.677952 
1307.000000	97.679163 
1306.000000	97.682531 
1305.000000	97.686156 
1304.000000	97.688293 
1303.000000	97.688941 
1302.000000	97.688385 
1301.000000	97.686446 
1300.000000	97.684093 
1299.000000	97.683661 
1298.000000	97.686072 
1297.000000	97.689167 
1296.000000	97.689964 
1295.000000	97.688032 
1294.000000	97.685362 
1293.000000	97.683830 
1292.000000	97.683773 
1291.000000	97.684378 
1290.000000	97.684661 
1289.000000	97.684111 
1288.000000	97.682779 
1287.000000	97.680791 
1286.000000	97.677981 
1285.000000	97.674734 
1284.000000	97.672812 
1283.000000	97.673714 
1282.000000	97.676134 
1281.000000	97.676686 
1280.000000	97.674006 
1279.000000	97.671012 
1278.000000	97.671828 
1277.000000	97.677228 
1276.000000	97.683932 
1275.000000	97.688072 
1274.000000	97.688370 
1273.000000	97.686351 
1272.000000	97.684508 
1271.000000	97.684204 
1270.000000	97.684753 
1269.000000	97.684536 
1268.000000	97.683136 
1267.000000	97.681674 
1266.000000	97.680983 
1265.000000	97.680994 
1264.000000	97.682011 
1263.000000	97.684586 
1262.000000	97.687608 
1261.000000	97.688460 
1260.000000	97.686578 
1259.000000	97.685174 
1258.000000	97.687046 
1257.000000	97.690202 
1256.000000	97.690186 
1255.000000	97.686444 
1254.000000	97.683764 
1253.000000	97.686224 
1252.000000	97.691449 
1251.000000	97.693130 
1250.000000	97.688765 
1249.000000	97.682680 
1248.000000	97.680743 
1247.000000	97.683646 
1246.000000	97.686878 
1245.000000	97.686774 
1244.000000	97.684302 
1243.000000	97.682548 
1242.000000	97.682906 
1241.000000	97.685061 
1240.000000	97.688599 
1239.000000	97.692467 
1238.000000	97.694353 
1237.000000	97.692983 
1236.000000	97.690215 
1235.000000	97.688598 
1234.000000	97.687438 
1233.000000	97.683496 
1232.000000	97.675195 
1231.000000	97.663926 
1230.000000	97.651696 
1229.000000	97.639869 
1228.000000	97.629482 
1227.000000	97.619676 
1226.000000	97.605806 
1225.000000	97.582369 
1224.000000	97.548734 
1223.000000	97.509496 
1222.000000	97.468402 
1221.000000	97.424547 
1220.000000	97.375865 
1219.000000	97.323576 
1218.000000	97.270850 
1217.000000	97.218693 
1216.000000	97.164855 
1215.000000	97.105734 
1214.000000	97.038725 
1213.000000	96.964687 
1212.000000	96.888702 
1211.000000	96.815557 
1210.000000	96.743392 
1209.000000	96.664919 
1208.000000	96.576442 
1207.000000	96.482702 
1206.000000	96.390919 
1205.000000	96.302640 
1204.000000	96.213877 
1203.000000	96.121117 
1202.000000	96.024686 
1201.000000	95.927373 
1200.000000	95.831711 
1199.000000	95.737950 
1198.000000	95.643426 
1197.000000	95.544870 
1196.000000	95.441699 
1195.000000	95.335863 
1194.000000	95.228887 
1193.000000	95.120911 
1192.000000	95.012240 
1191.000000	94.903095 
1190.000000	94.791890 
1189.000000	94.676474 
1188.000000	94.557015 
1187.000000	94.435061 
1186.000000	94.310399 
1185.000000	94.181990 
1184.000000	94.051068 
1183.000000	93.919613 
1182.000000	93.786679 
1181.000000	93.650228 
1180.000000	93.511341 
1179.000000	93.371857 
1178.000000	93.229092 
1177.000000	93.078646 
1176.000000	92.921523 
1175.000000	92.762206 
1174.000000	92.600382 
1173.000000	92.431682 
1172.000000	92.256746 
1171.000000	92.081789 
1170.000000	91.909476 
1169.000000	91.737558 
1168.000000	91.568376 
1167.000000	91.411796 
1166.000000	91.277089 
1165.000000	91.170403 
1164.000000	91.101767 
1163.000000	91.083798 
1162.000000	91.117839 
1161.000000	91.187295 
1160.000000	91.267190 
1159.000000	91.334592 
1158.000000	91.370171 
1157.000000	91.360551 
1156.000000	91.304562 
1155.000000	91.212057 
1154.000000	91.093813 
1153.000000	90.957093 
1152.000000	90.811134 
1151.000000	90.667908 
1150.000000	90.533188 
1149.000000	90.403546 
1148.000000	90.275096 
1147.000000	90.148095 
1146.000000	90.020920 
1145.000000	89.888529 
1144.000000	89.750839 
1143.000000	89.614658 
1142.000000	89.483236 
1141.000000	89.351413 
1140.000000	89.214888 
1139.000000	89.076507 
1138.000000	88.939685 
1137.000000	88.803268 
1136.000000	88.666485 
1135.000000	88.531160 
1134.000000	88.395518 
1133.000000	88.253848 
1132.000000	88.105719 
1131.000000	87.957413 
1130.000000	87.811150 
1129.000000	87.661506 
1128.000000	87.505806 
1127.000000	87.348799 
1126.000000	87.193192 
1125.000000	87.034773 
1124.000000	86.871277 
1123.000000	86.707295 
1122.000000	86.546007 
1121.000000	86.384685 
1120.000000	86.222496 
1119.000000	86.063792 
1118.000000	85.909948 
1117.000000	85.757620 
1116.000000	85.608361 
1115.000000	85.469495 
1114.000000	85.341965 
1113.000000	85.218239 
1112.000000	85.095262 
1111.000000	84.977276 
1110.000000	84.862907 
1109.000000	84.742955 
1108.000000	84.614843 
1107.000000	84.486153 
1106.000000	84.360385 
1105.000000	84.232050 
1104.000000	84.098940 
1103.000000	83.966106 
1102.000000	83.833871 
1101.000000	83.696142 
1100.000000	83.553938 
1099.000000	83.416397 
1098.000000	83.286995 
1097.000000	83.159987 
1096.000000	83.033461 
1095.000000	82.910811 
1094.000000	82.788144 
1093.000000	82.656594 
1092.000000	82.519945 
1091.000000	82.393499 
1090.000000	82.282200 
1089.000000	82.175846 
1088.000000	82.068018 
1087.000000	81.962121 
1086.000000	81.856631 
1085.000000	81.743642 
1084.000000	81.625747 
1083.000000	81.515292 
1082.000000	81.412501 
1081.000000	81.303331 
1080.000000	81.183389 
1079.000000	81.064167 
1078.000000	80.950152 
1077.000000	80.829285 
1076.000000	80.692368 
1075.000000	80.542613 
1074.000000	80.379951 
1073.000000	80.195099 
1072.000000	79.985337 
1071.000000	79.757296 
1070.000000	79.508207 
1069.000000	79.223906 
1068.000000	78.902650 
1067.000000	78.562538 
1066.000000	78.218642 
1065.000000	77.871139 
1064.000000	77.522133 
1063.000000	77.182302 
1062.000000	76.851679 
1061.000000	76.514660 
1060.000000	76.164136 
1059.000000	75.811630 
1058.000000	75.465090 
1057.000000	75.115985 
1056.000000	74.756784 
1055.000000	74.391453 
1054.000000	74.020248 
1053.000000	73.634051 
1052.000000	73.233117 
1051.000000	72.830893 
1050.000000	72.429648 
1049.000000	72.015377 
1048.000000	71.585923 
1047.000000	71.158543 
1046.000000	70.741885 
1045.000000	70.325973 
1044.000000	69.905602 
1043.000000	69.488687 
1042.000000	69.076074 
1041.000000	68.657944 
1040.000000	68.236979 
1039.000000	67.830867 
1038.000000	67.445209 
1037.000000	67.068363 
1036.000000	66.698469 
1035.000000	66.349622 
1034.000000	66.026078 
1033.000000	65.717716 
1032.000000	65.425904 
1031.000000	65.164843 
1030.000000	64.931883 
1029.000000	64.706687 
1028.000000	64.486118 
1027.000000	64.288993 
1026.000000	64.119426 
1025.000000	63.957243 
1024.000000	63.792426 
1023.000000	63.637266 
1022.000000	63.495639 
1021.000000	63.352110 
1020.000000	63.200801 
1019.000000	63.054281 
1018.000000	62.914880 
1017.000000	62.767876 
1016.000000	62.611693 
1015.000000	62.464134 
1014.000000	62.330062 
1013.000000	62.193687 
1012.000000	62.051128 
1011.000000	61.919298 
1010.000000	61.803881 
1009.000000	61.690192 
1008.000000	61.574982 
1007.000000	61.476105 
1006.000000	61.401309 
1005.000000	61.338069 
1004.000000	61.282577 
1003.000000	61.247503 
1002.000000	61.232496 
1001.000000	61.218971 
1000.000000	61.203473 
999.000000	 61.205046 
998.000000	 61.230364 
997.000000	 61.262739 
996.000000	 61.294362 
995.000000	 61.338234 
994.000000	 61.398844 
993.000000	 61.462112 
992.000000	 61.523567 
991.000000	 61.595983 
990.000000	 61.680436 
989.000000	 61.760929 
988.000000	 61.836538 
987.000000	 61.927801 
986.000000	 62.042320 
985.000000	 62.165218 
984.000000	 62.292250 
983.000000	 62.440531 
982.000000	 62.616364 
981.000000	 62.803761 
980.000000	 62.995035 
979.000000	 63.202347 
978.000000	 63.428630 
977.000000	 63.658106 
976.000000	 63.887172 
975.000000	 64.135147 
974.000000	 64.412134 
973.000000	 64.703586 
972.000000	 64.997592 
971.000000	 65.301132 
970.000000	 65.618666 
969.000000	 65.940306 
968.000000	 66.261332 
967.000000	 66.589540 
966.000000	 66.925001 
965.000000	 67.256258 
964.000000	 67.583163 
963.000000	 67.919028 
962.000000	 68.264106 
961.000000	 68.601667 
960.000000	 68.925986 
959.000000	 69.248969 
958.000000	 69.573679 
957.000000	 69.887312 
956.000000	 70.186721 
955.000000	 70.485161 
954.000000	 70.786688 
953.000000	 71.078444 
952.000000	 71.354793 
951.000000	 71.624511 
950.000000	 71.888224 
949.000000	 72.133655 
948.000000	 72.359716 
947.000000	 72.580598 
946.000000	 72.799205 
945.000000	 73.000680 
944.000000	 73.179318 
943.000000	 73.348255 
942.000000	 73.515493 
941.000000	 73.673497 
940.000000	 73.820171 
939.000000	 73.967104 
938.000000	 74.119265 
937.000000	 74.268310 
936.000000	 74.413050 
935.000000	 74.564674 
934.000000	 74.725298 
933.000000	 74.883640 
932.000000	 75.038225 
931.000000	 75.202135 
930.000000	 75.377980 
929.000000	 75.550630 
928.000000	 75.712016 
927.000000	 75.871395 
926.000000	 76.033928 
925.000000	 76.189797 
924.000000	 76.331230 
923.000000	 76.460637 
922.000000	 76.577100 
921.000000	 76.675430 
920.000000	 76.763130 
919.000000	 76.857131 
918.000000	 76.958883 
917.000000	 77.053419 
916.000000	 77.136975 
915.000000	 77.224386 
914.000000	 77.326427 
913.000000	 77.443040 
912.000000	 77.581970 
911.000000	 77.758906 
910.000000	 77.973885 
909.000000	 78.211597 
908.000000	 78.469776 
907.000000	 78.763097 
906.000000	 79.095286 
905.000000	 79.452605 
904.000000	 79.827993 
903.000000	 80.225187 
902.000000	 80.635454 
901.000000	 81.038155 
900.000000	 81.430101 
899.000000	 81.828048 
898.000000	 82.236639 
897.000000	 82.639334 
896.000000	 83.026154 
895.000000	 83.404376 
894.000000	 83.775597 
893.000000	 84.127666 
892.000000	 84.457122 
891.000000	 84.776329 
890.000000	 85.090486 
889.000000	 85.388560 
888.000000	 85.663848 
887.000000	 85.923140 
886.000000	 86.169816 
885.000000	 86.398165 
884.000000	 86.609380 
883.000000	 86.812083 
882.000000	 87.002879 
881.000000	 87.169831 
880.000000	 87.320859 
879.000000	 87.483852 
878.000000	 87.670399 
877.000000	 87.863795 
876.000000	 88.051252 
875.000000	 88.242596 
874.000000	 88.448615 
873.000000	 88.667254 
872.000000	 88.901250 
871.000000	 89.163441 
870.000000	 89.452732 
869.000000	 89.747296 
868.000000	 90.032266 
867.000000	 90.314276 
866.000000	 90.600683 
865.000000	 90.885267 
864.000000	 91.163997 
863.000000	 91.445721 
862.000000	 91.736388 
861.000000	 92.028302 
860.000000	 92.313897 
859.000000	 92.595544 
858.000000	 92.874445 
857.000000	 93.144073 
856.000000	 93.400872 
855.000000	 93.647394 
854.000000	 93.879468 
853.000000	 94.084887 
852.000000	 94.260919 
851.000000	 94.420300 
850.000000	 94.575325 
849.000000	 94.728176 
848.000000	 94.878670 
847.000000	 95.025599 
846.000000	 95.157600 
845.000000	 95.260021 
844.000000	 95.335395 
843.000000	 95.401110 
842.000000	 95.462619 
841.000000	 95.505451 
840.000000	 95.518085 
839.000000	 95.505251 
838.000000	 95.474087 
837.000000	 95.425746 
836.000000	 95.367989 
835.000000	 95.318251 
834.000000	 95.284606 
833.000000	 95.259077 
832.000000	 95.238146 
831.000000	 95.233497 
830.000000	 95.253040 
829.000000	 95.288198 
828.000000	 95.332045 
827.000000	 95.394274 
826.000000	 95.484620 
825.000000	 95.595087 
824.000000	 95.710621 
823.000000	 95.823153 
822.000000	 95.926103 
821.000000	 96.012151 
820.000000	 96.084910 
819.000000	 96.156123 
818.000000	 96.223688 
817.000000	 96.266676 
816.000000	 96.268106 
815.000000	 96.229538 
814.000000	 96.157312 
813.000000	 96.046526 
812.000000	 95.884303 
811.000000	 95.656168 
810.000000	 95.342897 
809.000000	 94.924706 
808.000000	 94.398619 
807.000000	 93.784107 
806.000000	 93.106835 
805.000000	 92.387586 
804.000000	 91.651502 
803.000000	 90.932002 
802.000000	 90.256692 
801.000000	 89.644661 
800.000000	 89.123771 
799.000000	 88.729130 
798.000000	 88.472921 
797.000000	 88.333843 
796.000000	 88.284385 
795.000000	 88.308375 
794.000000	 88.385695 
793.000000	 88.485370 
792.000000	 88.586312 
791.000000	 88.685983 
790.000000	 88.779731 
789.000000	 88.849384 
788.000000	 88.878501 
787.000000	 88.860695 
786.000000	 88.788214 
785.000000	 88.651592 
784.000000	 88.456374 
783.000000	 88.222808 
782.000000	 87.966662 
781.000000	 87.701228 
780.000000	 87.459348 
779.000000	 87.285877 
778.000000	 87.200204 
777.000000	 87.189747 
776.000000	 87.244739 
775.000000	 87.370593 
774.000000	 87.558329 
773.000000	 87.773748 
772.000000	 87.989392 
771.000000	 88.202524 
770.000000	 88.411442 
769.000000	 88.600485 
768.000000	 88.760227 
767.000000	 88.897293 
766.000000	 89.011818 
765.000000	 89.089845 
764.000000	 89.132174 
763.000000	 89.168041 
762.000000	 89.224888 
761.000000	 89.303487 
760.000000	 89.394375 
759.000000	 89.497001 
758.000000	 89.609411 
757.000000	 89.721254 
756.000000	 89.832906 
755.000000	 89.962385 
754.000000	 90.117417 
753.000000	 90.276609 
752.000000	 90.412392 
751.000000	 90.519801 
750.000000	 90.613732 
749.000000	 90.712721 
748.000000	 90.832881 
747.000000	 90.980134 
746.000000	 91.139039 
745.000000	 91.285404 
744.000000	 91.417541 
743.000000	 91.558334 
742.000000	 91.721003 
741.000000	 91.893452 
740.000000	 92.063816 
739.000000	 92.239643 
738.000000	 92.431609 
737.000000	 92.637106 
736.000000	 92.849371 
735.000000	 93.065120 
734.000000	 93.274438 
733.000000	 93.460959 
732.000000	 93.620679 
731.000000	 93.764124 
730.000000	 93.892997 
729.000000	 93.991931 
728.000000	 94.054060 
727.000000	 94.097398 
726.000000	 94.145687 
725.000000	 94.210750 
724.000000	 94.298648 
723.000000	 94.411718 
722.000000	 94.537035 
721.000000	 94.654388 
720.000000	 94.765021 
719.000000	 94.889563 
718.000000	 95.029125 
717.000000	 95.156728 
716.000000	 95.255446 
715.000000	 95.339219 
714.000000	 95.425587 
713.000000	 95.510861 
712.000000	 95.588445 
711.000000	 95.668363 
710.000000	 95.758641 
709.000000	 95.847096 
708.000000	 95.916367 
707.000000	 95.963285 
706.000000	 95.987832 
705.000000	 95.981481 
704.000000	 95.941316 
703.000000	 95.873936 
702.000000	 95.771345 
701.000000	 95.601237 
700.000000	 95.335633 
699.000000	 94.979421 
698.000000	 94.562010 
697.000000	 94.125411 
696.000000	 93.734128 
695.000000	 93.464384 
694.000000	 93.360499 
693.000000	 93.409590 
692.000000	 93.565835 
691.000000	 93.786704 
690.000000	 94.035462 
689.000000	 94.275907 
688.000000	 94.488052 
687.000000	 94.674295 
686.000000	 94.838952 
685.000000	 94.977403 
684.000000	 95.094688 
683.000000	 95.213657 
682.000000	 95.348154 
681.000000	 95.486186 
680.000000	 95.611511 
679.000000	 95.727341 
678.000000	 95.843769 
677.000000	 95.958499 
676.000000	 96.075766 
675.000000	 96.203855 
674.000000	 96.330792 
673.000000	 96.432249 
672.000000	 96.516861 
671.000000	 96.637985 
670.000000	 96.854332 
669.000000	 97.175804 
668.000000	 97.454133 
667.000000	 97.493421 
666.000000	 97.394320 
665.000000	 97.317660 
664.000000	 97.292687 
663.000000	 97.319011 
662.000000	 97.389747 
661.000000	 97.475620 
660.000000	 97.557413 
659.000000	 97.642993 
658.000000	 97.729755 
657.000000	 97.780447 
656.000000	 97.776061 
655.000000	 97.741480 
654.000000	 97.702875 
653.000000	 97.658057 
652.000000	 97.613581 
651.000000	 97.606288 
650.000000	 97.653827 

